,0101,0102,0103,0104,0105,0106,0107,0199,0201,0202,0203,0204,0205,0206,0207,0208,0299,0301,0302,0303,0304,0305,0306,0399,0401,0402,0499,0501,0502,0503,0504,0505,0506,0507,0508,0599,0601,0602,0603,0604,0699,0700
0101,0.000,0.153,0.211,0.512,0.376,0.527,0.390,0.647,0.523,0.317,0.351,0.576,0.439,0.395,0.705,0.304,0.372,0.522,0.523,0.497,0.686,0.706,0.525,0.859,0.640,0.760,0.792,0.435,0.385,0.436,0.658,0.667,0.695,0.649,0.616,0.728,0.605,0.711,0.598,0.676,0.711,1.000
0102,0.153,0.000,0.448,0.641,0.454,0.334,0.454,0.643,0.557,0.285,0.357,0.531,0.451,0.304,0.419,0.182,0.473,0.355,0.363,0.300,0.587,0.603,0.362,0.709,0.508,0.646,0.788,0.344,0.417,0.588,0.653,0.631,0.725,0.694,0.394,0.723,0.629,0.488,0.605,0.547,0.706,1.000
0103,0.211,0.448,0.000,0.278,0.429,0.534,0.541,0.599,0.681,0.341,0.430,0.422,0.333,0.474,0.666,0.432,0.497,0.509,0.504,1.000,0.634,0.412,0.527,1.000,0.877,0.823,1.000,0.684,0.790,0.470,1.000,1.000,1.000,1.000,0.755,1.000,0.854,1.000,0.684,0.791,0.778,1.000
0104,0.512,0.641,0.278,0.000,0.449,0.310,0.354,0.792,0.691,0.418,0.459,0.211,0.261,0.335,0.334,0.573,0.522,0.359,0.405,0.585,0.293,0.243,0.358,0.731,0.250,0.506,0.559,0.752,0.722,0.697,0.830,0.885,0.858,1.000,1.000,0.662,0.652,1.000,0.814,0.619,1.000,1.000
0105,0.376,0.454,0.429,0.449,0.000,0.278,0.123,0.557,0.336,0.388,0.526,0.552,0.607,0.599,0.525,0.484,0.210,0.573,0.539,0.714,0.691,0.612,0.563,1.000,0.308,0.464,1.000,0.746,0.673,0.759,0.622,0.718,0.804,0.558,0.796,0.677,0.436,0.839,1.000,0.444,1.000,1.000
0106,0.527,0.334,0.534,0.310,0.278,0.000,0.199,0.239,0.512,0.456,0.579,0.427,0.327,0.270,0.222,0.316,0.435,0.137,0.182,0.289,0.346,0.360,0.141,0.453,0.223,0.204,0.255,0.466,0.662,0.688,0.677,0.762,0.885,0.753,0.774,0.601,0.553,0.857,0.657,0.532,0.836,1.000
0107,0.390,0.454,0.541,0.354,0.123,0.199,0.000,0.529,0.377,0.460,0.639,0.411,0.543,0.640,0.418,0.525,0.254,0.507,0.479,0.518,0.740,0.515,0.506,1.000,0.219,0.408,0.600,0.709,0.510,0.615,0.525,0.740,0.702,0.530,0.740,0.780,0.515,0.856,0.845,0.431,0.764,1.000
0199,0.647,0.643,0.599,0.792,0.557,0.239,0.529,0.000,0.758,0.658,0.768,0.749,0.644,0.753,0.523,0.612,0.517,0.646,0.619,0.701,0.784,0.617,0.595,1.000,0.768,1.000,0.649,0.699,0.708,0.664,0.759,0.752,1.000,1.000,0.568,0.664,0.653,0.755,0.741,1.000,0.557,1.000
0201,0.523,0.557,0.681,0.691,0.336,0.512,0.377,0.758,0.000,0.424,0.332,0.495,0.371,0.689,0.501,0.533,0.331,0.754,0.773,0.718,0.883,0.790,0.759,1.000,0.461,1.000,1.000,0.716,0.453,0.682,0.429,0.614,0.515,0.336,0.665,0.551,0.455,0.795,0.653,0.152,0.576,1.000
0202,0.317,0.285,0.341,0.418,0.388,0.456,0.460,0.658,0.424,0.000,0.144,0.484,0.355,0.216,0.542,0.148,0.311,0.443,0.457,0.632,0.534,0.556,0.470,0.757,0.457,0.662,0.801,0.532,0.661,0.771,0.783,0.776,1.000,1.000,0.669,0.373,0.761,0.779,0.808,0.450,0.721,1.000
0203,0.351,0.357,0.430,0.459,0.526,0.579,0.639,0.768,0.332,0.144,0.000,0.388,0.309,0.354,0.627,0.222,0.324,0.541,0.589,0.887,0.606,0.638,0.565,1.000,0.588,0.641,0.784,0.784,0.578,0.863,0.732,0.867,1.000,0.769,0.830,0.209,0.742,1.000,1.000,0.666,0.701,1.000
0204,0.576,0.531,0.422,0.211,0.552,0.427,0.411,0.749,0.495,0.484,0.388,0.000,0.203,0.284,0.267,0.611,0.519,0.442,0.445,0.667,0.690,0.385,0.449,0.836,0.398,1.000,0.597,0.765,0.630,0.671,0.745,0.852,1.000,1.000,0.813,0.540,1.000,1.000,1.000,0.774,1.000,1.000
0205,0.439,0.451,0.333,0.261,0.607,0.327,0.543,0.644,0.371,0.355,0.309,0.203,0.000,0.177,0.156,0.402,0.405,0.352,0.412,0.487,0.459,0.466,0.350,0.789,0.363,0.625,0.711,0.733,0.672,0.802,0.813,0.871,1.000,1.000,1.000,0.523,0.793,1.000,0.863,0.865,0.786,1.000
0206,0.395,0.304,0.474,0.335,0.599,0.270,0.640,0.753,0.689,0.216,0.354,0.284,0.177,0.000,0.127,0.169,0.506,0.252,0.317,0.416,0.318,0.338,0.262,0.639,0.327,0.524,0.769,0.531,0.820,0.737,1.000,1.000,1.000,1.000,1.000,0.589,0.773,0.858,1.000,0.734,1.000,1.000
0207,0.705,0.419,0.666,0.334,0.525,0.222,0.418,0.523,0.501,0.542,0.627,0.267,0.156,0.127,0.000,0.373,0.502,0.301,0.388,0.425,0.422,0.458,0.301,0.815,0.254,0.517,0.570,0.707,0.717,0.707,0.636,0.832,0.722,0.725,0.713,0.622,1.000,1.000,0.666,0.824,1.000,1.000
0208,0.304,0.182,0.432,0.573,0.484,0.316,0.525,0.612,0.533,0.148,0.222,0.611,0.402,0.169,0.373,0.000,0.459,0.317,0.315,0.280,0.461,0.524,0.310,0.610,0.497,0.556,0.630,0.504,0.640,0.645,0.708,0.734,1.000,1.000,0.623,0.349,0.684,0.852,0.840,0.622,0.758,1.000
0299,0.372,0.473,0.497,0.522,0.210,0.435,0.254,0.517,0.331,0.311,0.324,0.519,0.405,0.506,0.502,0.459,0.000,0.606,0.611,0.677,0.658,0.601,0.570,0.687,0.408,0.701,0.736,0.617,0.586,0.597,0.681,0.708,0.717,0.441,0.708,0.579,0.569,1.000,1.000,0.417,0.649,1.000
0301,0.522,0.355,0.509,0.359,0.573,0.137,0.507,0.646,0.754,0.443,0.541,0.442,0.352,0.252,0.301,0.317,0.606,0.000,0.080,0.162,0.120,0.274,0.030,0.152,0.411,0.317,0.392,0.219,0.783,0.547,0.755,0.719,1.000,1.000,0.765,0.643,0.861,0.699,0.721,0.800,1.000,1.000
0302,0.523,0.363,0.504,0.405,0.539,0.182,0.479,0.619,0.773,0.457,0.589,0.445,0.412,0.317,0.388,0.315,0.611,0.080,0.000,0.208,0.176,0.301,0.071,0.231,0.473,0.271,0.345,0.264,0.866,0.585,0.804,0.702,1.000,1.000,0.753,0.652,0.886,0.675,0.690,0.758,1.000,1.000
0303,0.497,0.300,1.000,0.585,0.714,0.289,0.518,0.701,0.718,0.632,0.887,0.667,0.487,0.416,0.425,0.280,0.677,0.162,0.208,0.000,0.113,0.458,0.150,0.064,0.508,0.470,0.545,0.444,0.540,0.425,0.413,0.558,0.733,0.781,0.662,0.620,0.654,0.658,0.553,0.761,0.792,1.000
0304,0.686,0.587,0.634,0.293,0.691,0.346,0.740,0.784,0.883,0.534,0.606,0.690,0.459,0.318,0.422,0.461,0.658,0.120,0.176,0.113,0.000,0.474,0.107,0.069,0.266,0.437,0.450,0.291,0.647,0.487,0.682,0.643,0.782,0.784,0.693,0.624,1.000,0.697,0.806,0.765,0.796,1.000
0305,0.706,0.603,0.412,0.243,0.612,0.360,0.515,0.617,0.790,0.556,0.638,0.385,0.466,0.338,0.458,0.524,0.601,0.274,0.301,0.458,0.474,0.000,0.282,0.616,0.487,0.423,0.494,0.599,0.817,0.673,1.000,0.853,1.000,1.000,1.000,0.650,0.689,1.000,0.774,0.730,1.000,1.000
0306,0.525,0.362,0.527,0.358,0.563,0.141,0.506,0.595,0.759,0.470,0.565,0.449,0.350,0.262,0.301,0.310,0.570,0.030,0.071,0.150,0.107,0.282,0.000,0.135,0.409,0.316,0.377,0.209,0.828,0.536,0.742,0.705,1.000,1.000,0.784,0.600,0.906,0.674,0.761,0.788,0.845,1.000
0399,0.859,0.709,1.000,0.731,1.000,0.453,1.000,1.000,1.000,0.757,1.000,0.836,0.789,0.639,0.815,0.610,0.687,0.152,0.231,0.064,0.069,0.616,0.135,0.000,0.738,0.559,0.527,0.603,1.000,0.834,1.000,0.839,0.807,1.000,1.000,1.000,1.000,1.000,1.000,1.000,1.000,1.000
0401,0.640,0.508,0.877,0.250,0.308,0.223,0.219,0.768,0.461,0.457,0.588,0.398,0.363,0.327,0.254,0.497,0.408,0.411,0.473,0.508,0.266,0.487,0.409,0.738,0.000,0.338,0.477,0.752,0.398,0.692,0.620,0.757,0.658,0.639,0.830,0.606,0.609,0.869,0.791,0.478,0.780,1.000
0402,0.760,0.646,0.823,0.506,0.464,0.204,0.408,1.000,1.000,0.662,0.641,1.000,0.625,0.524,0.517,0.556,0.701,0.317,0.271,0.470,0.437,0.423,0.316,0.559,0.338,0.000,0.110,0.594,1.000,1.000,1.000,0.810,1.000,1.000,1.000,0.729,1.000,1.000,1.000,1.000,1.000,1.000
0499,0.792,0.788,1.000,0.559,1.000,0.255,0.600,0.649,1.000,0.801,0.784,0.597,0.711,0.769,0.570,0.630,0.736,0.392,0.345,0.545,0.450,0.494,0.377,0.527,0.477,0.110,0.000,0.667,1.000,0.763,1.000,1.000,1.000,1.000,0.722,1.000,1.000,1.000,1.000,1.000,0.663,1.000
0501,0.435,0.344,0.684,0.752,0.746,0.466,0.709,0.699,0.716,0.532,0.784,0.765,0.733,0.531,0.707,0.504,0.617,0.219,0.264,0.444,0.291,0.599,0.209,0.603,0.752,0.594,0.667,0.000,0.367,0.334,0.385,0.512,0.435,1.000,0.401,0.543,0.720,0.455,0.560,0.591,0.713,1.000
0502,0.385,0.417,0.790,0.722,0.673,0.662,0.510,0.708,0.453,0.661,0.578,0.630,0.672,0.820,0.717,0.640,0.586,0.783,0.866,0.540,0.647,0.817,0.828,1.000,0.398,1.000,1.000,0.367,0.000,0.419,0.303,0.397,0.194,0.396,0.423,0.505,0.373,0.626,0.588,0.564,0.586,0.679
0503,0.436,0.588,0.470,0.697,0.759,0.688,0.615,0.664,0.682,0.771,0.863,0.671,0.802,0.737,0.707,0.645,0.597,0.547,0.585,0.425,0.487,0.673,0.536,0.834,0.692,1.000,0.763,0.334,0.419,0.000,0.305,0.527,0.385,0.505,0.337,0.558,0.527,0.368,0.404,0.517,0.628,1.000
0504,0.658,0.653,1.000,0.830,0.622,0.677,0.525,0.759,0.429,0.783,0.732,0.745,0.813,1.000,0.636,0.708,0.681,0.755,0.804,0.413,0.682,1.000,0.742,1.000,0.620,1.000,1.000,0.385,0.303,0.305,0.000,0.408,0.233,0.303,0.381,0.444,0.429,0.459,0.460,0.417,0.500,1.000
0505,0.667,0.631,1.000,0.885,0.718,0.762,0.740,0.752,0.614,0.776,0.867,0.852,0.871,1.000,0.832,0.734,0.708,0.719,0.702,0.558,0.643,0.853,0.705,0.839,0.757,0.810,1.000,0.512,0.397,0.527,0.408,0.000,0.369,0.452,0.529,0.616,0.462,0.529,0.438,0.629,0.633,1.000
0506,0.695,0.725,1.000,0.858,0.804,0.885,0.702,1.000,0.515,1.000,1.000,1.000,1.000,1.000,0.722,1.000,0.717,1.000,1.000,0.733,0.782,1.000,1.000,0.807,0.658,1.000,1.000,0.435,0.194,0.385,0.233,0.369,0.000,0.377,0.333,0.454,0.581,0.621,0.539,0.555,0.727,1.000
0507,0.649,0.694,1.000,1.000,0.558,0.753,0.530,1.000,0.336,1.000,0.769,1.000,1.000,1.000,0.725,1.000,0.441,1.000,1.000,0.781,0.784,1.000,1.000,1.000,0.639,1.000,1.000,1.000,0.396,0.505,0.303,0.452,0.377,0.000,0.569,0.487,0.461,0.675,0.659,0.521,0.647,1.000
0508,0.616,0.394,0.755,1.000,0.796,0.774,0.740,0.568,0.665,0.669,0.830,0.813,1.000,1.000,0.713,0.623,0.708,0.765,0.753,0.662,0.693,1.000,0.784,1.000,0.830,1.000,0.722,0.401,0.423,0.337,0.381,0.529,0.333,0.569,0.000,0.735,0.480,0.377,0.367,0.406,0.454,1.000
0599,0.728,0.723,1.000,0.662,0.677,0.601,0.780,0.664,0.551,0.373,0.209,0.540,0.523,0.589,0.622,0.349,0.579,0.643,0.652,0.620,0.624,0.650,0.600,1.000,0.606,0.729,1.000,0.543,0.505,0.558,0.444,0.616,0.454,0.487,0.735,0.000,0.509,0.591,0.639,0.606,0.538,1.000
0601,0.605,0.629,0.854,0.652,0.436,0.553,0.515,0.653,0.455,0.761,0.742,1.000,0.793,0.773,1.000,0.684,0.569,0.861,0.886,0.654,1.000,0.689,0.906,1.000,0.609,1.000,1.000,0.720,0.373,0.527,0.429,0.462,0.581,0.461,0.480,0.509,0.000,0.288,0.321,0.219,0.164,1.000
0602,0.711,0.488,1.000,1.000,0.839,0.857,0.856,0.755,0.795,0.779,1.000,1.000,1.000,0.858,1.000,0.852,1.000,0.699,0.675,0.658,0.697,1.000,0.674,1.000,0.869,1.000,1.000,0.455,0.626,0.368,0.459,0.529,0.621,0.675,0.377,0.591,0.288,0.000,0.316,0.394,0.429,1.000
0603,0.598,0.605,0.684,0.814,1.000,0.657,0.845,0.741,0.653,0.808,1.000,1.000,0.863,1.000,0.666,0.840,1.000,0.721,0.690,0.553,0.806,0.774,0.761,1.000,0.791,1.000,1.000,0.560,0.588,0.404,0.460,0.438,0.539,0.659,0.367,0.639,0.321,0.316,0.000,0.432,0.278,1.000
0604,0.676,0.547,0.791,0.619,0.444,0.532,0.431,1.000,0.152,0.450,0.666,0.774,0.865,0.734,0.824,0.622,0.417,0.800,0.758,0.761,0.765,0.730,0.788,1.000,0.478,1.000,1.000,0.591,0.564,0.517,0.417,0.629,0.555,0.521,0.406,0.606,0.219,0.394,0.432,0.000,0.195,1.000
0699,0.711,0.706,0.778,1.000,1.000,0.836,0.764,0.557,0.576,0.721,0.701,1.000,0.786,1.000,1.000,0.758,0.649,1.000,1.000,0.792,0.796,1.000,0.845,1.000,0.780,1.000,0.663,0.713,0.586,0.628,0.500,0.633,0.727,0.647,0.454,0.538,0.164,0.429,0.278,0.195,0.000,1.000
0700,1.000,1.000,1.000,1.000,1.000,1.000,1.000,1.000,1.000,1.000,1.000,1.000,1.000,1.000,1.000,1.000,1.000,1.000,1.000,1.000,1.000,1.000,1.000,1.000,1.000,1.000,1.000,1.000,0.679,1.000,1.000,1.000,1.000,1.000,1.000,1.000,1.000,1.000,1.000,1.000,1.000,0.000
