,0101,0102,0103,0104,0105,0106,0107,0199,0201,0202,0203,0204,0205,0206,0207,0208,0299,0301,0302,0303,0304,0305,0306,0399,0401,0402,0499,0501,0502,0503,0504,0505,0506,0507,0508,0599,0601,0602,0603,0604,0699
0101,0.000,0.154,0.212,0.515,0.379,0.531,0.392,0.651,0.526,0.319,0.353,0.579,0.442,0.398,0.709,0.306,0.375,0.526,0.527,0.500,0.689,0.710,0.528,0.862,0.644,0.764,0.796,0.437,0.387,0.439,0.662,0.670,0.699,0.652,0.620,0.732,0.609,0.715,0.601,0.680,0.715
0102,0.154,0.000,0.450,0.645,0.457,0.336,0.457,0.646,0.560,0.287,0.359,0.535,0.454,0.306,0.422,0.183,0.476,0.357,0.365,0.302,0.590,0.607,0.364,0.713,0.511,0.650,0.792,0.346,0.420,0.592,0.657,0.634,0.729,0.697,0.397,0.727,0.633,0.491,0.609,0.551,0.710
0103,0.212,0.450,0.000,0.279,0.431,0.538,0.544,0.602,0.684,0.343,0.433,0.425,0.335,0.477,0.670,0.435,0.500,0.513,0.507,1.000,0.638,0.414,0.530,1.000,0.880,0.826,1.000,0.688,0.794,0.473,1.000,1.000,1.000,1.000,0.759,1.000,0.857,1.000,0.688,0.795,0.782
0104,0.515,0.645,0.279,0.000,0.452,0.312,0.357,0.796,0.695,0.420,0.462,0.212,0.262,0.337,0.336,0.577,0.525,0.361,0.408,0.588,0.295,0.244,0.361,0.735,0.252,0.509,0.563,0.756,0.726,0.701,0.833,0.888,0.861,1.000,1.000,0.666,0.655,1.000,0.818,0.622,1.000
0105,0.379,0.457,0.431,0.452,0.000,0.280,0.123,0.561,0.338,0.390,0.529,0.556,0.611,0.602,0.528,0.487,0.211,0.576,0.542,0.718,0.695,0.616,0.566,1.000,0.310,0.467,1.000,0.750,0.677,0.763,0.626,0.722,0.807,0.562,0.799,0.681,0.439,0.842,1.000,0.447,1.000
0106,0.531,0.336,0.538,0.312,0.280,0.000,0.200,0.241,0.515,0.459,0.582,0.430,0.329,0.272,0.223,0.318,0.438,0.137,0.183,0.290,0.348,0.363,0.142,0.456,0.224,0.206,0.256,0.469,0.666,0.692,0.681,0.766,0.888,0.757,0.777,0.605,0.557,0.860,0.661,0.535,0.840
0107,0.392,0.457,0.544,0.357,0.123,0.200,0.000,0.533,0.380,0.462,0.643,0.414,0.546,0.643,0.421,0.528,0.256,0.511,0.482,0.521,0.744,0.518,0.510,1.000,0.221,0.410,0.604,0.712,0.514,0.619,0.528,0.744,0.706,0.534,0.744,0.784,0.518,0.860,0.848,0.434,0.768
0199,0.651,0.646,0.602,0.796,0.561,0.241,0.533,0.000,0.762,0.662,0.772,0.753,0.648,0.757,0.526,0.616,0.520,0.650,0.623,0.705,0.787,0.621,0.599,1.000,0.772,1.000,0.653,0.703,0.712,0.668,0.763,0.756,1.000,1.000,0.571,0.667,0.657,0.759,0.744,1.000,0.561
0201,0.526,0.560,0.684,0.695,0.338,0.515,0.380,0.762,0.000,0.427,0.334,0.498,0.373,0.693,0.505,0.536,0.333,0.758,0.776,0.722,0.886,0.794,0.762,1.000,0.464,1.000,1.000,0.720,0.456,0.686,0.431,0.618,0.519,0.338,0.669,0.555,0.458,0.799,0.657,0.153,0.580
0202,0.319,0.287,0.343,0.420,0.390,0.459,0.462,0.662,0.427,0.000,0.145,0.487,0.357,0.217,0.546,0.149,0.313,0.445,0.460,0.636,0.537,0.560,0.473,0.761,0.460,0.666,0.805,0.535,0.665,0.774,0.786,0.779,1.000,1.000,0.673,0.375,0.765,0.783,0.812,0.453,0.725
0203,0.353,0.359,0.433,0.462,0.529,0.582,0.643,0.772,0.334,0.145,0.000,0.391,0.311,0.356,0.631,0.224,0.326,0.545,0.593,0.890,0.610,0.642,0.568,1.000,0.591,0.645,0.787,0.788,0.581,0.866,0.736,0.870,1.000,0.773,0.834,0.211,0.746,1.000,1.000,0.670,0.705
0204,0.579,0.535,0.425,0.212,0.556,0.430,0.414,0.753,0.498,0.487,0.391,0.000,0.204,0.285,0.269,0.615,0.523,0.445,0.447,0.671,0.694,0.388,0.452,0.840,0.401,1.000,0.601,0.769,0.634,0.675,0.749,0.855,1.000,1.000,0.817,0.544,1.000,1.000,1.000,0.778,1.000
0205,0.442,0.454,0.335,0.262,0.611,0.329,0.546,0.648,0.373,0.357,0.311,0.204,0.000,0.179,0.157,0.404,0.407,0.354,0.414,0.490,0.461,0.469,0.352,0.793,0.365,0.629,0.715,0.737,0.676,0.806,0.817,0.874,1.000,1.000,1.000,0.527,0.797,1.000,0.866,0.868,0.790
0206,0.398,0.306,0.477,0.337,0.602,0.272,0.643,0.757,0.693,0.217,0.356,0.285,0.179,0.000,0.127,0.170,0.509,0.254,0.319,0.419,0.320,0.340,0.264,0.643,0.330,0.527,0.773,0.534,0.824,0.741,1.000,1.000,1.000,1.000,1.000,0.593,0.777,0.861,1.000,0.737,1.000
0207,0.709,0.422,0.670,0.336,0.528,0.223,0.421,0.526,0.505,0.546,0.631,0.269,0.157,0.127,0.000,0.375,0.505,0.303,0.391,0.428,0.425,0.461,0.303,0.819,0.255,0.520,0.574,0.711,0.720,0.711,0.640,0.835,0.726,0.729,0.717,0.625,1.000,1.000,0.670,0.828,1.000
0208,0.306,0.183,0.435,0.577,0.487,0.318,0.528,0.616,0.536,0.149,0.224,0.615,0.404,0.170,0.375,0.000,0.462,0.319,0.317,0.282,0.464,0.527,0.312,0.614,0.500,0.559,0.634,0.507,0.644,0.649,0.712,0.738,1.000,1.000,0.627,0.351,0.688,0.855,0.843,0.625,0.762
0299,0.375,0.476,0.500,0.525,0.211,0.438,0.256,0.520,0.333,0.313,0.326,0.523,0.407,0.509,0.505,0.462,0.000,0.609,0.614,0.681,0.662,0.605,0.573,0.691,0.411,0.705,0.740,0.620,0.589,0.601,0.684,0.711,0.721,0.444,0.712,0.583,0.572,1.000,1.000,0.419,0.652
0301,0.526,0.357,0.513,0.361,0.576,0.137,0.511,0.650,0.758,0.445,0.545,0.445,0.354,0.254,0.303,0.319,0.609,0.000,0.081,0.163,0.121,0.276,0.030,0.153,0.414,0.319,0.395,0.221,0.787,0.550,0.759,0.723,1.000,1.000,0.769,0.646,0.865,0.702,0.725,0.804,1.000
0302,0.527,0.365,0.507,0.408,0.542,0.183,0.482,0.623,0.776,0.460,0.593,0.447,0.414,0.319,0.391,0.317,0.614,0.081,0.000,0.210,0.177,0.303,0.071,0.232,0.476,0.273,0.347,0.265,0.869,0.589,0.808,0.705,1.000,1.000,0.757,0.656,0.889,0.679,0.694,0.761,1.000
0303,0.500,0.302,1.000,0.588,0.718,0.290,0.521,0.705,0.722,0.636,0.890,0.671,0.490,0.419,0.428,0.282,0.681,0.163,0.210,0.000,0.114,0.461,0.151,0.065,0.511,0.473,0.548,0.446,0.543,0.427,0.415,0.562,0.737,0.785,0.666,0.623,0.658,0.662,0.557,0.765,0.796
0304,0.689,0.590,0.638,0.295,0.695,0.348,0.744,0.787,0.886,0.537,0.610,0.694,0.461,0.320,0.425,0.464,0.662,0.121,0.177,0.114,0.000,0.477,0.107,0.070,0.267,0.440,0.453,0.293,0.651,0.490,0.686,0.647,0.786,0.788,0.697,0.627,1.000,0.701,0.809,0.768,0.799
0305,0.710,0.607,0.414,0.244,0.616,0.363,0.518,0.621,0.794,0.560,0.642,0.388,0.469,0.340,0.461,0.527,0.605,0.276,0.303,0.461,0.477,0.000,0.284,0.619,0.490,0.425,0.497,0.603,0.821,0.677,1.000,0.856,1.000,1.000,1.000,0.654,0.693,1.000,0.777,0.734,1.000
0306,0.528,0.364,0.530,0.361,0.566,0.142,0.510,0.599,0.762,0.473,0.568,0.452,0.352,0.264,0.303,0.312,0.573,0.030,0.071,0.151,0.107,0.284,0.000,0.136,0.411,0.318,0.379,0.210,0.832,0.539,0.746,0.709,1.000,1.000,0.788,0.603,0.908,0.678,0.765,0.792,0.849
0399,0.862,0.713,1.000,0.735,1.000,0.456,1.000,1.000,1.000,0.761,1.000,0.840,0.793,0.643,0.819,0.614,0.691,0.153,0.232,0.065,0.070,0.619,0.136,0.000,0.742,0.562,0.530,0.607,1.000,0.838,1.000,0.842,0.810,1.000,1.000,1.000,1.000,1.000,1.000,1.000,1.000
0401,0.644,0.511,0.880,0.252,0.310,0.224,0.221,0.772,0.464,0.460,0.591,0.401,0.365,0.330,0.255,0.500,0.411,0.414,0.476,0.511,0.267,0.490,0.411,0.742,0.000,0.340,0.480,0.756,0.401,0.696,0.624,0.761,0.662,0.642,0.834,0.609,0.612,0.872,0.795,0.481,0.784
0402,0.764,0.650,0.826,0.509,0.467,0.206,0.410,1.000,1.000,0.666,0.645,1.000,0.629,0.527,0.520,0.559,0.705,0.319,0.273,0.473,0.440,0.425,0.318,0.562,0.340,0.000,0.111,0.598,1.000,1.000,1.000,0.814,1.000,1.000,1.000,0.732,1.000,1.000,1.000,1.000,1.000
0499,0.796,0.792,1.000,0.563,1.000,0.256,0.604,0.653,1.000,0.805,0.787,0.601,0.715,0.773,0.574,0.634,0.740,0.395,0.347,0.548,0.453,0.497,0.379,0.530,0.480,0.111,0.000,0.671,1.000,0.766,1.000,1.000,1.000,1.000,0.726,1.000,1.000,1.000,1.000,1.000,0.667
0501,0.437,0.346,0.688,0.756,0.750,0.469,0.712,0.703,0.720,0.535,0.788,0.769,0.737,0.534,0.711,0.507,0.620,0.221,0.265,0.446,0.293,0.603,0.210,0.607,0.756,0.598,0.671,0.000,0.369,0.336,0.387,0.515,0.438,1.000,0.404,0.546,0.724,0.458,0.563,0.595,0.717
0502,0.387,0.420,0.794,0.726,0.677,0.666,0.514,0.712,0.456,0.665,0.581,0.634,0.676,0.824,0.720,0.644,0.589,0.787,0.869,0.543,0.651,0.821,0.832,1.000,0.401,1.000,1.000,0.369,0.000,0.422,0.305,0.399,0.196,0.399,0.426,0.508,0.375,0.630,0.592,0.568,0.590
0503,0.439,0.592,0.473,0.701,0.763,0.692,0.619,0.668,0.686,0.774,0.866,0.675,0.806,0.741,0.711,0.649,0.601,0.550,0.589,0.427,0.490,0.677,0.539,0.838,0.696,1.000,0.766,0.336,0.422,0.000,0.307,0.530,0.387,0.508,0.339,0.561,0.530,0.371,0.406,0.520,0.631
0504,0.662,0.657,1.000,0.833,0.626,0.681,0.528,0.763,0.431,0.786,0.736,0.749,0.817,1.000,0.640,0.712,0.684,0.759,0.808,0.415,0.686,1.000,0.746,1.000,0.624,1.000,1.000,0.387,0.305,0.307,0.000,0.411,0.235,0.305,0.384,0.447,0.432,0.462,0.463,0.420,0.503
0505,0.670,0.634,1.000,0.888,0.722,0.766,0.744,0.756,0.618,0.779,0.870,0.855,0.874,1.000,0.835,0.738,0.711,0.723,0.705,0.562,0.647,0.856,0.709,0.842,0.761,0.814,1.000,0.515,0.399,0.530,0.411,0.000,0.372,0.455,0.533,0.619,0.465,0.532,0.440,0.633,0.637
0506,0.699,0.729,1.000,0.861,0.807,0.888,0.706,1.000,0.519,1.000,1.000,1.000,1.000,1.000,0.726,1.000,0.721,1.000,1.000,0.737,0.786,1.000,1.000,0.810,0.662,1.000,1.000,0.438,0.196,0.387,0.235,0.372,0.000,0.379,0.335,0.457,0.584,0.625,0.542,0.559,0.731
0507,0.652,0.697,1.000,1.000,0.562,0.757,0.534,1.000,0.338,1.000,0.773,1.000,1.000,1.000,0.729,1.000,0.444,1.000,1.000,0.785,0.788,1.000,1.000,1.000,0.642,1.000,1.000,1.000,0.399,0.508,0.305,0.455,0.379,0.000,0.572,0.490,0.464,0.678,0.662,0.524,0.650
0508,0.620,0.397,0.759,1.000,0.799,0.777,0.744,0.571,0.669,0.673,0.834,0.817,1.000,1.000,0.717,0.627,0.712,0.769,0.757,0.666,0.697,1.000,0.788,1.000,0.834,1.000,0.726,0.404,0.426,0.339,0.384,0.533,0.335,0.572,0.000,0.739,0.483,0.379,0.370,0.409,0.457
0599,0.732,0.727,1.000,0.666,0.681,0.605,0.784,0.667,0.555,0.375,0.211,0.544,0.527,0.593,0.625,0.351,0.583,0.646,0.656,0.623,0.627,0.654,0.603,1.000,0.609,0.732,1.000,0.546,0.508,0.561,0.447,0.619,0.457,0.490,0.739,0.000,0.512,0.595,0.643,0.609,0.542
0601,0.609,0.633,0.857,0.655,0.439,0.557,0.518,0.657,0.458,0.765,0.746,1.000,0.797,0.777,1.000,0.688,0.572,0.865,0.889,0.658,1.000,0.693,0.908,1.000,0.612,1.000,1.000,0.724,0.375,0.530,0.432,0.465,0.584,0.464,0.483,0.512,0.000,0.290,0.323,0.221,0.165
0602,0.715,0.491,1.000,1.000,0.842,0.860,0.860,0.759,0.799,0.783,1.000,1.000,1.000,0.861,1.000,0.855,1.000,0.702,0.679,0.662,0.701,1.000,0.678,1.000,0.872,1.000,1.000,0.458,0.630,0.371,0.462,0.532,0.625,0.678,0.379,0.595,0.290,0.000,0.318,0.396,0.431
0603,0.601,0.609,0.688,0.818,1.000,0.661,0.848,0.744,0.657,0.812,1.000,1.000,0.866,1.000,0.670,0.843,1.000,0.725,0.694,0.557,0.809,0.777,0.765,1.000,0.795,1.000,1.000,0.563,0.592,0.406,0.463,0.440,0.542,0.662,0.370,0.643,0.323,0.318,0.000,0.435,0.280
0604,0.680,0.551,0.795,0.622,0.447,0.535,0.434,1.000,0.153,0.453,0.670,0.778,0.868,0.737,0.828,0.625,0.419,0.804,0.761,0.765,0.768,0.734,0.792,1.000,0.481,1.000,1.000,0.595,0.568,0.520,0.420,0.633,0.559,0.524,0.409,0.609,0.221,0.396,0.435,0.000,0.196
0699,0.715,0.710,0.782,1.000,1.000,0.840,0.768,0.561,0.580,0.725,0.705,1.000,0.790,1.000,1.000,0.762,0.652,1.000,1.000,0.796,0.799,1.000,0.849,1.000,0.784,1.000,0.667,0.717,0.590,0.631,0.503,0.637,0.731,0.650,0.457,0.542,0.165,0.431,0.280,0.196,0.000
