,0101,0102,0103,0104,0105,0106,0107,0199,0201,0202,0203,0204,0205,0206,0207,0208,0299,0301,0302,0303,0304,0305,0306,0399,0401,0402,0499,0501,0502,0503,0504,0505,0506,0507,0508,0599,0601,0602,0603,0604,0699
0101,0.000,0.321,0.413,0.738,0.648,0.438,0.501,0.550,0.556,0.559,0.562,0.845,0.687,0.654,0.670,0.491,0.551,0.525,0.569,0.375,0.729,0.595,0.579,0.742,0.584,0.637,0.811,0.498,0.404,0.575,0.606,0.723,0.928,0.775,0.705,0.744,0.905,0.705,0.763,0.840,1.000
0102,0.321,0.000,0.493,0.648,0.673,0.497,0.608,0.619,0.557,0.307,0.435,0.718,0.631,0.506,0.682,0.297,0.407,0.490,0.508,0.486,0.503,0.633,0.504,0.633,0.524,0.774,0.808,0.468,0.419,0.536,0.664,0.549,0.761,0.593,0.492,0.659,0.589,0.400,0.529,0.565,0.639
0103,0.413,0.493,0.000,0.301,0.507,0.600,0.562,0.533,0.776,0.334,0.466,0.455,0.382,0.695,0.711,0.451,0.523,0.569,0.708,0.667,0.834,0.660,0.595,0.865,0.741,0.976,0.988,0.792,0.750,0.678,0.933,1.000,1.000,0.843,0.810,0.866,0.700,0.985,0.946,0.814,0.954
0104,0.738,0.648,0.301,0.000,0.618,0.432,0.459,0.537,0.705,0.468,0.512,0.244,0.294,0.475,0.413,0.648,0.669,0.436,0.578,0.726,0.668,0.370,0.460,0.759,0.530,0.706,0.766,0.791,0.624,0.788,0.876,0.894,0.906,0.935,0.982,0.741,0.780,0.995,0.719,0.717,0.831
0105,0.648,0.673,0.507,0.618,0.000,0.424,0.356,0.713,0.461,0.640,0.593,0.532,0.605,0.704,0.583,0.684,0.551,0.653,0.872,0.692,0.794,0.789,0.670,0.993,0.425,0.740,0.848,0.889,0.725,0.684,0.620,1.000,0.848,0.469,0.557,0.689,0.478,1.000,0.966,0.525,0.906
0106,0.438,0.497,0.600,0.432,0.424,0.000,0.294,0.522,0.648,0.586,0.629,0.528,0.555,0.369,0.382,0.521,0.631,0.268,0.399,0.480,0.511,0.411,0.315,0.511,0.263,0.376,0.505,0.579,0.590,0.669,0.653,0.704,0.853,0.677,0.575,0.700,0.733,0.962,0.726,0.708,0.889
0107,0.501,0.608,0.562,0.459,0.356,0.294,0.000,0.578,0.496,0.593,0.635,0.494,0.681,0.629,0.481,0.594,0.536,0.567,0.614,0.563,0.739,0.564,0.611,0.894,0.292,0.498,0.725,0.824,0.497,0.642,0.621,0.754,0.691,0.478,0.498,0.598,0.578,0.958,0.862,0.522,0.844
0199,0.550,0.619,0.533,0.537,0.713,0.522,0.578,0.000,0.856,0.702,0.813,0.629,0.720,0.758,0.740,0.734,0.821,0.668,0.733,0.904,0.864,0.819,0.673,0.962,0.604,0.769,0.981,0.912,0.793,0.736,0.905,1.000,0.829,0.744,1.000,0.679,0.902,1.000,0.969,0.787,0.942
0201,0.556,0.557,0.776,0.705,0.461,0.648,0.496,0.856,0.000,0.480,0.465,0.622,0.367,0.763,0.584,0.551,0.434,0.761,0.786,0.639,0.637,0.940,0.857,0.819,0.613,0.932,0.980,0.520,0.407,0.630,0.493,0.665,0.640,0.462,0.554,0.543,0.549,0.828,0.824,0.272,0.682
0202,0.559,0.307,0.334,0.468,0.640,0.586,0.593,0.702,0.480,0.000,0.280,0.484,0.423,0.477,0.577,0.293,0.366,0.509,0.557,0.750,0.614,0.558,0.531,0.722,0.625,0.776,0.954,0.542,0.370,0.667,0.704,0.566,0.676,0.568,0.568,0.740,0.715,0.700,0.824,0.582,0.792
0203,0.562,0.435,0.466,0.512,0.593,0.629,0.635,0.813,0.465,0.280,0.000,0.436,0.241,0.510,0.578,0.514,0.278,0.552,0.717,0.829,0.523,0.687,0.498,0.768,0.633,1.000,0.950,0.787,0.574,0.827,0.768,0.789,0.856,0.623,0.839,0.815,0.742,0.965,1.000,0.670,0.832
0204,0.845,0.718,0.455,0.244,0.532,0.528,0.494,0.629,0.622,0.484,0.436,0.000,0.332,0.533,0.344,0.590,0.588,0.635,0.796,0.761,0.749,0.478,0.629,0.961,0.501,0.852,0.889,0.732,0.610,0.882,0.784,0.712,0.728,1.000,1.000,0.771,0.982,1.000,0.955,0.896,0.979
0205,0.687,0.631,0.382,0.294,0.605,0.555,0.681,0.720,0.367,0.423,0.241,0.332,0.000,0.533,0.485,0.646,0.474,0.494,0.650,0.742,0.689,0.623,0.477,0.708,0.542,0.894,0.939,0.870,0.791,0.883,0.855,0.952,0.863,0.997,1.000,0.842,0.948,1.000,1.000,0.767,0.911
0206,0.654,0.506,0.695,0.475,0.704,0.369,0.629,0.758,0.763,0.477,0.510,0.533,0.533,0.000,0.370,0.462,0.627,0.375,0.488,0.537,0.467,0.444,0.396,0.612,0.441,0.612,0.851,0.575,0.801,0.774,0.785,0.721,0.963,0.813,0.784,0.931,0.870,0.883,0.958,0.705,0.877
0207,0.670,0.682,0.711,0.413,0.583,0.382,0.481,0.740,0.584,0.577,0.578,0.344,0.485,0.370,0.000,0.534,0.579,0.481,0.719,0.772,0.651,0.578,0.488,0.752,0.335,0.564,0.639,0.728,0.610,0.839,0.870,0.723,0.836,0.701,0.820,0.879,0.980,1.000,0.984,0.715,0.988
0208,0.491,0.297,0.451,0.648,0.684,0.521,0.594,0.734,0.551,0.293,0.514,0.590,0.646,0.462,0.534,0.000,0.445,0.551,0.536,0.600,0.682,0.636,0.576,0.754,0.473,0.673,0.853,0.605,0.521,0.822,0.755,0.601,0.931,0.587,0.759,0.638,0.786,0.806,0.831,0.663,0.963
0299,0.551,0.407,0.523,0.669,0.551,0.631,0.536,0.821,0.434,0.366,0.278,0.588,0.474,0.627,0.579,0.445,0.000,0.730,0.698,0.675,0.715,0.720,0.665,0.898,0.533,0.959,0.841,0.722,0.622,0.789,0.707,0.576,0.886,0.604,0.626,0.805,0.711,0.794,0.573,0.632,0.736
0301,0.525,0.490,0.569,0.436,0.653,0.268,0.567,0.668,0.761,0.509,0.552,0.635,0.494,0.375,0.481,0.551,0.730,0.000,0.236,0.376,0.300,0.306,0.179,0.430,0.594,0.461,0.688,0.381,0.721,0.565,0.591,0.783,0.927,0.872,0.693,0.791,0.815,0.822,0.720,0.862,0.880
0302,0.569,0.508,0.708,0.578,0.872,0.399,0.614,0.733,0.786,0.557,0.717,0.796,0.650,0.488,0.719,0.536,0.698,0.236,0.000,0.422,0.364,0.396,0.272,0.411,0.737,0.536,0.692,0.488,0.709,0.760,0.647,0.716,0.901,0.806,0.704,0.791,0.953,0.750,0.857,0.942,0.887
0303,0.375,0.486,0.667,0.726,0.692,0.480,0.563,0.904,0.639,0.750,0.829,0.761,0.742,0.537,0.772,0.600,0.675,0.376,0.422,0.000,0.374,0.496,0.443,0.620,0.725,0.799,0.833,0.320,0.394,0.477,0.363,0.475,0.546,0.647,0.521,0.780,0.618,0.484,0.542,0.744,0.706
0304,0.729,0.503,0.834,0.668,0.794,0.511,0.739,0.864,0.637,0.614,0.523,0.749,0.689,0.467,0.651,0.682,0.715,0.300,0.364,0.374,0.000,0.516,0.333,0.516,0.611,0.655,0.687,0.368,0.630,0.404,0.542,0.662,0.697,0.795,0.619,0.563,0.692,0.557,0.752,0.660,0.696
0305,0.595,0.633,0.660,0.370,0.789,0.411,0.564,0.819,0.940,0.558,0.687,0.478,0.623,0.444,0.578,0.636,0.720,0.306,0.396,0.496,0.516,0.000,0.328,0.571,0.662,0.453,0.604,0.545,0.880,0.929,0.879,0.568,0.927,0.895,0.793,0.936,0.963,0.997,0.835,0.949,0.941
0306,0.579,0.504,0.595,0.460,0.670,0.315,0.611,0.673,0.857,0.531,0.498,0.629,0.477,0.396,0.488,0.576,0.665,0.179,0.272,0.443,0.333,0.328,0.000,0.446,0.629,0.594,0.750,0.433,0.718,0.585,0.648,0.770,0.983,0.863,0.835,0.795,0.946,0.848,0.713,0.925,0.975
0399,0.742,0.633,0.865,0.759,0.993,0.511,0.894,0.962,0.819,0.722,0.768,0.961,0.708,0.612,0.752,0.754,0.898,0.430,0.411,0.620,0.516,0.571,0.446,0.000,0.668,0.675,0.680,0.706,0.874,0.713,0.747,0.771,0.902,0.983,0.758,1.000,0.934,0.842,0.949,0.990,0.919
0401,0.584,0.524,0.741,0.530,0.425,0.263,0.292,0.604,0.613,0.625,0.633,0.501,0.542,0.441,0.335,0.473,0.533,0.594,0.737,0.725,0.611,0.662,0.629,0.668,0.000,0.358,0.323,0.796,0.458,0.581,0.649,0.702,0.603,0.405,0.474,0.538,0.698,0.961,0.896,0.534,0.890
0402,0.637,0.774,0.976,0.706,0.740,0.376,0.498,0.769,0.932,0.776,1.000,0.852,0.894,0.612,0.564,0.673,0.959,0.461,0.536,0.799,0.655,0.453,0.594,0.675,0.358,0.000,0.395,0.941,0.664,0.875,0.882,0.974,1.000,1.000,0.986,0.934,0.758,1.000,0.742,1.000,1.000
0499,0.811,0.808,0.988,0.766,0.848,0.505,0.725,0.981,0.980,0.954,0.950,0.889,0.939,0.851,0.639,0.853,0.841,0.688,0.692,0.833,0.687,0.604,0.750,0.680,0.323,0.395,0.000,0.844,0.633,0.807,0.854,1.000,1.000,1.000,1.000,1.000,1.000,1.000,1.000,1.000,1.000
0501,0.498,0.468,0.792,0.791,0.889,0.579,0.824,0.912,0.520,0.542,0.787,0.732,0.870,0.575,0.728,0.605,0.722,0.381,0.488,0.320,0.368,0.545,0.433,0.706,0.796,0.941,0.844,0.000,0.339,0.284,0.381,0.492,0.521,0.686,0.491,0.706,0.718,0.417,0.534,0.527,0.712
0502,0.404,0.419,0.750,0.624,0.725,0.590,0.497,0.793,0.407,0.370,0.574,0.610,0.791,0.801,0.610,0.521,0.622,0.721,0.709,0.394,0.630,0.880,0.718,0.874,0.458,0.664,0.633,0.339,0.000,0.495,0.329,0.378,0.409,0.415,0.453,0.503,0.486,0.452,0.581,0.586,0.659
0503,0.575,0.536,0.678,0.788,0.684,0.669,0.642,0.736,0.630,0.667,0.827,0.882,0.883,0.774,0.839,0.822,0.789,0.565,0.760,0.477,0.404,0.929,0.585,0.713,0.581,0.875,0.807,0.284,0.495,0.000,0.350,0.496,0.527,0.592,0.402,0.723,0.545,0.399,0.473,0.465,0.658
0504,0.606,0.664,0.933,0.876,0.620,0.653,0.621,0.905,0.493,0.704,0.768,0.784,0.855,0.785,0.870,0.755,0.707,0.591,0.647,0.363,0.542,0.879,0.648,0.747,0.649,0.882,0.854,0.381,0.329,0.350,0.000,0.333,0.260,0.437,0.436,0.514,0.416,0.362,0.519,0.511,0.603
0505,0.723,0.549,1.000,0.894,1.000,0.704,0.754,1.000,0.665,0.566,0.789,0.712,0.952,0.721,0.723,0.601,0.576,0.783,0.716,0.475,0.662,0.568,0.770,0.771,0.702,0.974,1.000,0.492,0.378,0.496,0.333,0.000,0.364,0.617,0.500,0.441,0.458,0.414,0.401,0.626,0.748
0506,0.928,0.761,1.000,0.906,0.848,0.853,0.691,0.829,0.640,0.676,0.856,0.728,0.863,0.963,0.836,0.931,0.886,0.927,0.901,0.546,0.697,0.927,0.983,0.902,0.603,1.000,1.000,0.521,0.409,0.527,0.260,0.364,0.000,0.473,0.469,0.562,0.507,0.455,0.504,0.626,0.594
0507,0.775,0.593,0.843,0.935,0.469,0.677,0.478,0.744,0.462,0.568,0.623,1.000,0.997,0.813,0.701,0.587,0.604,0.872,0.806,0.647,0.795,0.895,0.863,0.983,0.405,1.000,1.000,0.686,0.415,0.592,0.437,0.617,0.473,0.000,0.526,0.592,0.532,0.663,0.784,0.492,0.702
0508,0.705,0.492,0.810,0.982,0.557,0.575,0.498,1.000,0.554,0.568,0.839,1.000,1.000,0.784,0.820,0.759,0.626,0.693,0.704,0.521,0.619,0.793,0.835,0.758,0.474,0.986,1.000,0.491,0.453,0.402,0.436,0.500,0.469,0.526,0.000,0.621,0.562,0.416,0.584,0.460,0.595
0599,0.744,0.659,0.866,0.741,0.689,0.700,0.598,0.679,0.543,0.740,0.815,0.771,0.842,0.931,0.879,0.638,0.805,0.791,0.791,0.780,0.563,0.936,0.795,1.000,0.538,0.934,1.000,0.706,0.503,0.723,0.514,0.441,0.562,0.592,0.621,0.000,0.750,0.659,0.779,0.526,0.693
0601,0.905,0.589,0.700,0.780,0.478,0.733,0.578,0.902,0.549,0.715,0.742,0.982,0.948,0.870,0.980,0.786,0.711,0.815,0.953,0.618,0.692,0.963,0.946,0.934,0.698,0.758,1.000,0.718,0.486,0.545,0.416,0.458,0.507,0.532,0.562,0.750,0.000,0.274,0.408,0.332,0.331
0602,0.705,0.400,0.985,0.995,1.000,0.962,0.958,1.000,0.828,0.700,0.965,1.000,1.000,0.883,1.000,0.806,0.794,0.822,0.750,0.484,0.557,0.997,0.848,0.842,0.961,1.000,1.000,0.417,0.452,0.399,0.362,0.414,0.455,0.663,0.416,0.659,0.274,0.000,0.391,0.362,0.394
0603,0.763,0.529,0.946,0.719,0.966,0.726,0.862,0.969,0.824,0.824,1.000,0.955,1.000,0.958,0.984,0.831,0.573,0.720,0.857,0.542,0.752,0.835,0.713,0.949,0.896,0.742,1.000,0.534,0.581,0.473,0.519,0.401,0.504,0.784,0.584,0.779,0.408,0.391,0.000,0.472,0.397
0604,0.840,0.565,0.814,0.717,0.525,0.708,0.522,0.787,0.272,0.582,0.670,0.896,0.767,0.705,0.715,0.663,0.632,0.862,0.942,0.744,0.660,0.949,0.925,0.990,0.534,1.000,1.000,0.527,0.586,0.465,0.511,0.626,0.626,0.492,0.460,0.526,0.332,0.362,0.472,0.000,0.412
0699,1.000,0.639,0.954,0.831,0.906,0.889,0.844,0.942,0.682,0.792,0.832,0.979,0.911,0.877,0.988,0.963,0.736,0.880,0.887,0.706,0.696,0.941,0.975,0.919,0.890,1.000,1.000,0.712,0.659,0.658,0.603,0.748,0.594,0.702,0.595,0.693,0.331,0.394,0.397,0.412,0.000
