,0101,0102,0103,0104,0105,0106,0107,0199,0201,0202,0203,0204,0205,0206,0207,0208,0299,0301,0302,0303,0304,0305,0306,0399,0401,0402,0499,0501,0502,0503,0504,0505,0506,0507,0508,0599,0601,0602,0603,0604,0699,0700
0101,0.000,0.319,0.410,0.734,0.644,0.435,0.498,0.546,0.554,0.555,0.558,0.842,0.684,0.650,0.666,0.489,0.548,0.521,0.566,0.373,0.725,0.591,0.576,0.738,0.581,0.633,0.807,0.496,0.402,0.572,0.602,0.719,0.926,0.772,0.701,0.741,0.902,0.701,0.759,0.837,1.000,0.714
0102,0.319,0.000,0.490,0.645,0.669,0.494,0.604,0.615,0.555,0.305,0.432,0.714,0.627,0.503,0.678,0.296,0.405,0.487,0.505,0.483,0.500,0.629,0.501,0.629,0.521,0.770,0.804,0.466,0.417,0.533,0.660,0.545,0.758,0.590,0.489,0.657,0.585,0.398,0.526,0.562,0.635,0.815
0103,0.410,0.490,0.000,0.299,0.504,0.596,0.559,0.530,0.773,0.332,0.463,0.453,0.380,0.691,0.707,0.449,0.520,0.565,0.705,0.664,0.830,0.657,0.592,0.862,0.737,0.975,0.987,0.788,0.746,0.674,0.931,1.000,1.000,0.840,0.807,0.864,0.696,0.984,0.944,0.810,0.952,0.713
0104,0.734,0.645,0.299,0.000,0.615,0.429,0.456,0.534,0.702,0.465,0.509,0.243,0.292,0.472,0.411,0.645,0.666,0.433,0.575,0.722,0.664,0.368,0.457,0.755,0.527,0.702,0.762,0.788,0.621,0.784,0.873,0.891,0.903,0.933,0.982,0.739,0.776,0.995,0.715,0.713,0.828,0.779
0105,0.644,0.669,0.504,0.615,0.000,0.421,0.354,0.709,0.459,0.636,0.589,0.529,0.602,0.700,0.580,0.681,0.548,0.650,0.869,0.688,0.791,0.785,0.666,0.992,0.423,0.736,0.845,0.886,0.721,0.681,0.617,1.000,0.845,0.466,0.554,0.686,0.475,1.000,0.964,0.522,0.903,1.000
0106,0.435,0.494,0.596,0.429,0.421,0.000,0.292,0.518,0.645,0.582,0.625,0.524,0.552,0.367,0.380,0.518,0.627,0.267,0.397,0.477,0.508,0.408,0.313,0.508,0.261,0.374,0.502,0.576,0.587,0.665,0.649,0.700,0.850,0.673,0.573,0.698,0.729,0.960,0.722,0.705,0.886,0.799
0107,0.498,0.604,0.559,0.456,0.354,0.292,0.000,0.575,0.494,0.590,0.631,0.491,0.677,0.625,0.478,0.591,0.532,0.564,0.611,0.560,0.736,0.561,0.607,0.891,0.290,0.495,0.721,0.821,0.495,0.638,0.617,0.750,0.688,0.475,0.495,0.596,0.575,0.957,0.859,0.519,0.840,0.920
0199,0.546,0.615,0.530,0.534,0.709,0.518,0.575,0.000,0.854,0.698,0.810,0.625,0.717,0.754,0.736,0.731,0.817,0.664,0.729,0.902,0.861,0.816,0.669,0.961,0.601,0.765,0.981,0.909,0.790,0.732,0.903,1.000,0.826,0.740,1.000,0.677,0.900,1.000,0.968,0.783,0.940,1.000
0201,0.554,0.555,0.773,0.702,0.459,0.645,0.494,0.854,0.000,0.478,0.463,0.620,0.366,0.760,0.582,0.550,0.433,0.758,0.783,0.636,0.634,0.938,0.854,0.816,0.610,0.931,0.979,0.519,0.406,0.627,0.491,0.662,0.637,0.461,0.552,0.542,0.547,0.825,0.822,0.271,0.680,0.415
0202,0.555,0.305,0.332,0.465,0.636,0.582,0.590,0.698,0.478,0.000,0.278,0.481,0.421,0.474,0.574,0.292,0.364,0.506,0.554,0.746,0.610,0.555,0.527,0.718,0.621,0.773,0.952,0.539,0.368,0.663,0.701,0.562,0.673,0.565,0.565,0.737,0.712,0.696,0.821,0.579,0.788,0.892
0203,0.558,0.432,0.463,0.509,0.589,0.625,0.631,0.810,0.463,0.278,0.000,0.433,0.240,0.507,0.575,0.511,0.277,0.549,0.713,0.826,0.520,0.683,0.494,0.764,0.629,1.000,0.949,0.784,0.571,0.823,0.764,0.785,0.853,0.620,0.835,0.813,0.738,0.964,1.000,0.666,0.829,1.000
0204,0.842,0.714,0.453,0.243,0.529,0.524,0.491,0.625,0.620,0.481,0.433,0.000,0.330,0.530,0.342,0.587,0.585,0.632,0.792,0.757,0.745,0.475,0.626,0.959,0.498,0.848,0.886,0.728,0.606,0.879,0.780,0.708,0.725,1.000,1.000,0.768,0.982,1.000,0.953,0.893,0.978,1.000
0205,0.684,0.627,0.380,0.292,0.602,0.552,0.677,0.717,0.366,0.421,0.240,0.330,0.000,0.530,0.482,0.643,0.472,0.491,0.647,0.738,0.685,0.619,0.474,0.704,0.539,0.891,0.937,0.868,0.788,0.881,0.852,0.950,0.860,0.997,1.000,0.840,0.947,1.000,1.000,0.763,0.908,0.561
0206,0.650,0.503,0.691,0.472,0.700,0.367,0.625,0.754,0.760,0.474,0.507,0.530,0.530,0.000,0.367,0.460,0.623,0.373,0.485,0.534,0.464,0.441,0.393,0.608,0.438,0.609,0.848,0.572,0.798,0.771,0.781,0.717,0.961,0.810,0.781,0.930,0.867,0.880,0.956,0.701,0.874,1.000
0207,0.666,0.678,0.707,0.411,0.580,0.380,0.478,0.736,0.582,0.574,0.575,0.342,0.482,0.367,0.000,0.532,0.576,0.478,0.715,0.768,0.648,0.574,0.485,0.748,0.333,0.561,0.635,0.725,0.607,0.836,0.866,0.719,0.833,0.697,0.817,0.877,0.980,1.000,0.983,0.711,0.987,0.880
0208,0.489,0.296,0.449,0.645,0.681,0.518,0.591,0.731,0.550,0.292,0.511,0.587,0.643,0.460,0.532,0.000,0.443,0.549,0.533,0.597,0.679,0.633,0.574,0.751,0.470,0.670,0.850,0.602,0.519,0.819,0.752,0.598,0.930,0.584,0.756,0.637,0.783,0.803,0.828,0.660,0.962,0.496
0299,0.548,0.405,0.520,0.666,0.548,0.627,0.532,0.817,0.433,0.364,0.277,0.585,0.472,0.623,0.576,0.443,0.000,0.726,0.694,0.671,0.711,0.716,0.661,0.895,0.530,0.958,0.838,0.719,0.619,0.785,0.703,0.572,0.883,0.601,0.623,0.803,0.707,0.790,0.570,0.629,0.733,0.630
0301,0.521,0.487,0.565,0.433,0.650,0.267,0.564,0.664,0.758,0.506,0.549,0.632,0.491,0.373,0.478,0.549,0.726,0.000,0.235,0.373,0.299,0.304,0.178,0.427,0.590,0.458,0.684,0.379,0.717,0.562,0.587,0.779,0.925,0.869,0.689,0.789,0.811,0.819,0.716,0.859,0.877,0.637
0302,0.566,0.505,0.705,0.575,0.869,0.397,0.611,0.729,0.783,0.554,0.713,0.792,0.647,0.485,0.715,0.533,0.694,0.235,0.000,0.419,0.362,0.393,0.270,0.408,0.733,0.533,0.688,0.485,0.706,0.756,0.643,0.712,0.899,0.803,0.700,0.789,0.952,0.747,0.854,0.940,0.884,0.725
0303,0.373,0.483,0.664,0.722,0.688,0.477,0.560,0.902,0.636,0.746,0.826,0.757,0.738,0.534,0.768,0.597,0.671,0.373,0.419,0.000,0.372,0.493,0.441,0.617,0.721,0.795,0.830,0.318,0.392,0.475,0.360,0.472,0.544,0.643,0.519,0.778,0.615,0.481,0.539,0.740,0.703,0.697
0304,0.725,0.500,0.830,0.664,0.791,0.508,0.736,0.861,0.634,0.610,0.520,0.745,0.685,0.464,0.648,0.679,0.711,0.299,0.362,0.372,0.000,0.513,0.331,0.513,0.607,0.651,0.684,0.366,0.627,0.401,0.539,0.658,0.694,0.791,0.616,0.561,0.688,0.554,0.748,0.657,0.692,0.648
0305,0.591,0.629,0.657,0.368,0.785,0.408,0.561,0.816,0.938,0.555,0.683,0.475,0.619,0.441,0.574,0.633,0.716,0.304,0.393,0.493,0.513,0.000,0.326,0.568,0.658,0.450,0.600,0.542,0.877,0.926,0.876,0.565,0.925,0.892,0.789,0.934,0.962,0.997,0.831,0.947,0.939,0.897
0306,0.576,0.501,0.592,0.457,0.666,0.313,0.607,0.669,0.854,0.527,0.494,0.626,0.474,0.393,0.485,0.574,0.661,0.178,0.270,0.441,0.331,0.326,0.000,0.443,0.625,0.591,0.746,0.431,0.714,0.582,0.645,0.766,0.982,0.859,0.832,0.793,0.944,0.845,0.710,0.923,0.974,0.907
0399,0.738,0.629,0.862,0.755,0.992,0.508,0.891,0.961,0.816,0.718,0.764,0.959,0.704,0.608,0.748,0.751,0.895,0.427,0.408,0.617,0.513,0.568,0.443,0.000,0.664,0.671,0.676,0.703,0.871,0.709,0.743,0.767,0.899,0.983,0.755,1.000,0.932,0.838,0.947,0.989,0.917,1.000
0401,0.581,0.521,0.737,0.527,0.423,0.261,0.290,0.601,0.610,0.621,0.629,0.498,0.539,0.438,0.333,0.470,0.530,0.590,0.733,0.721,0.607,0.658,0.625,0.664,0.000,0.356,0.321,0.793,0.456,0.578,0.645,0.698,0.600,0.403,0.471,0.536,0.694,0.959,0.893,0.530,0.887,0.989
0402,0.633,0.770,0.975,0.702,0.736,0.374,0.495,0.765,0.931,0.773,1.000,0.848,0.891,0.609,0.561,0.670,0.958,0.458,0.533,0.795,0.651,0.450,0.591,0.671,0.356,0.000,0.393,0.939,0.660,0.872,0.879,0.973,1.000,1.000,0.985,0.932,0.754,1.000,0.738,1.000,1.000,0.975
0499,0.807,0.804,0.987,0.762,0.845,0.502,0.721,0.981,0.979,0.952,0.949,0.886,0.937,0.848,0.635,0.850,0.838,0.684,0.688,0.830,0.684,0.600,0.746,0.676,0.321,0.393,0.000,0.841,0.630,0.804,0.851,1.000,1.000,1.000,1.000,1.000,1.000,1.000,1.000,1.000,1.000,1.000
0501,0.496,0.466,0.788,0.788,0.886,0.576,0.821,0.909,0.519,0.539,0.784,0.728,0.868,0.572,0.725,0.602,0.719,0.379,0.485,0.318,0.366,0.542,0.431,0.703,0.793,0.939,0.841,0.000,0.338,0.283,0.379,0.489,0.519,0.682,0.489,0.705,0.714,0.415,0.532,0.525,0.708,0.480
0502,0.402,0.417,0.746,0.621,0.721,0.587,0.495,0.790,0.406,0.368,0.571,0.606,0.788,0.798,0.607,0.519,0.619,0.717,0.706,0.392,0.627,0.877,0.714,0.871,0.456,0.660,0.630,0.338,0.000,0.492,0.327,0.376,0.407,0.413,0.451,0.502,0.483,0.450,0.578,0.583,0.656,0.497
0503,0.572,0.533,0.674,0.784,0.681,0.665,0.638,0.732,0.627,0.663,0.823,0.879,0.881,0.771,0.836,0.819,0.785,0.562,0.756,0.475,0.401,0.926,0.582,0.709,0.578,0.872,0.804,0.283,0.492,0.000,0.348,0.494,0.524,0.589,0.401,0.721,0.542,0.397,0.470,0.462,0.655,0.608
0504,0.602,0.660,0.931,0.873,0.617,0.649,0.617,0.903,0.491,0.701,0.764,0.780,0.852,0.781,0.866,0.752,0.703,0.587,0.643,0.360,0.539,0.876,0.645,0.743,0.645,0.879,0.851,0.379,0.327,0.348,0.000,0.331,0.259,0.435,0.434,0.512,0.413,0.360,0.516,0.508,0.599,0.693
0505,0.719,0.545,1.000,0.891,1.000,0.700,0.750,1.000,0.662,0.562,0.785,0.708,0.950,0.717,0.719,0.598,0.572,0.779,0.712,0.472,0.658,0.565,0.766,0.767,0.698,0.973,1.000,0.489,0.376,0.494,0.331,0.000,0.362,0.614,0.497,0.440,0.455,0.411,0.399,0.622,0.744,1.000
0506,0.926,0.758,1.000,0.903,0.845,0.850,0.688,0.826,0.637,0.673,0.853,0.725,0.860,0.961,0.833,0.930,0.883,0.925,0.899,0.544,0.694,0.925,0.982,0.899,0.600,1.000,1.000,0.519,0.407,0.524,0.259,0.362,0.000,0.470,0.467,0.560,0.505,0.452,0.501,0.622,0.591,0.557
0507,0.772,0.590,0.840,0.933,0.466,0.673,0.475,0.740,0.461,0.565,0.620,1.000,0.997,0.810,0.697,0.584,0.601,0.869,0.803,0.643,0.791,0.892,0.859,0.983,0.403,1.000,1.000,0.682,0.413,0.589,0.435,0.614,0.470,0.000,0.524,0.590,0.529,0.659,0.781,0.489,0.698,0.696
0508,0.701,0.489,0.807,0.982,0.554,0.573,0.495,1.000,0.552,0.565,0.835,1.000,1.000,0.781,0.817,0.756,0.623,0.689,0.700,0.519,0.616,0.789,0.832,0.755,0.471,0.985,1.000,0.489,0.451,0.401,0.434,0.497,0.467,0.524,0.000,0.619,0.559,0.415,0.581,0.457,0.592,0.528
0599,0.741,0.657,0.864,0.739,0.686,0.698,0.596,0.677,0.542,0.737,0.813,0.768,0.840,0.930,0.877,0.637,0.803,0.789,0.789,0.778,0.561,0.934,0.793,1.000,0.536,0.932,1.000,0.705,0.502,0.721,0.512,0.440,0.560,0.590,0.619,0.000,0.747,0.657,0.777,0.525,0.691,0.496
0601,0.902,0.585,0.696,0.776,0.475,0.729,0.575,0.900,0.547,0.712,0.738,0.982,0.947,0.867,0.980,0.783,0.707,0.811,0.952,0.615,0.688,0.962,0.944,0.932,0.694,0.754,1.000,0.714,0.483,0.542,0.413,0.455,0.505,0.529,0.559,0.747,0.000,0.272,0.406,0.330,0.329,0.831
0602,0.701,0.398,0.984,0.995,1.000,0.960,0.957,1.000,0.825,0.696,0.964,1.000,1.000,0.880,1.000,0.803,0.790,0.819,0.747,0.481,0.554,0.997,0.845,0.838,0.959,1.000,1.000,0.415,0.450,0.397,0.360,0.411,0.452,0.659,0.415,0.657,0.272,0.000,0.389,0.360,0.391,0.636
0603,0.759,0.526,0.944,0.715,0.964,0.722,0.859,0.968,0.822,0.821,1.000,0.953,1.000,0.956,0.983,0.828,0.570,0.716,0.854,0.539,0.748,0.831,0.710,0.947,0.893,0.738,1.000,0.532,0.578,0.470,0.516,0.399,0.501,0.781,0.581,0.777,0.406,0.389,0.000,0.469,0.395,0.664
0604,0.837,0.562,0.810,0.713,0.522,0.705,0.519,0.783,0.271,0.579,0.666,0.893,0.763,0.701,0.711,0.660,0.629,0.859,0.940,0.740,0.657,0.947,0.923,0.989,0.530,1.000,1.000,0.525,0.583,0.462,0.508,0.622,0.622,0.489,0.457,0.525,0.330,0.360,0.469,0.000,0.409,0.881
0699,1.000,0.635,0.952,0.828,0.903,0.886,0.840,0.940,0.680,0.788,0.829,0.978,0.908,0.874,0.987,0.962,0.733,0.877,0.884,0.703,0.692,0.939,0.974,0.917,0.887,1.000,1.000,0.708,0.656,0.655,0.599,0.744,0.591,0.698,0.592,0.691,0.329,0.391,0.395,0.409,0.000,1.000
0700,0.714,0.815,0.713,0.779,1.000,0.799,0.920,1.000,0.415,0.892,1.000,1.000,0.561,1.000,0.880,0.496,0.630,0.637,0.725,0.697,0.648,0.897,0.907,1.000,0.989,0.975,1.000,0.480,0.497,0.608,0.693,1.000,0.557,0.696,0.528,0.496,0.831,0.636,0.664,0.881,1.000,0.000
