,0101,0102,0103,0104,0105,0106,0107,0199,0201,0202,0203,0204,0205,0206,0207,0208,0299,0301,0302,0303,0304,0305,0306,0399,0401,0402,0499,0501,0502,0503,0504,0505,0506,0507,0508,0599,0601,0602,0603,0604,0699,0700
0101,0.000,0.211,0.293,0.766,0.266,0.544,0.294,0.457,0.560,0.352,0.399,0.760,0.801,0.443,0.787,0.357,0.317,0.597,0.623,0.518,0.870,0.713,0.600,0.849,0.760,0.813,1.000,0.421,0.419,0.391,0.629,0.844,0.681,0.728,0.660,0.783,0.696,0.622,0.909,0.750,0.773,1.000
0102,0.211,0.000,0.438,0.709,0.469,0.328,0.509,0.473,0.599,0.284,0.411,0.747,0.286,0.241,0.271,0.187,0.458,0.339,0.338,0.291,0.873,0.785,0.352,0.876,0.709,0.926,1.000,0.464,0.499,0.558,0.686,0.797,0.837,0.732,0.503,0.888,0.742,0.556,0.728,0.791,0.724,0.742
0103,0.293,0.438,0.000,0.397,0.362,0.683,0.394,0.302,0.767,0.450,0.503,0.478,0.448,0.593,0.739,0.557,0.473,0.566,0.662,0.803,0.882,0.406,0.576,1.000,0.897,1.000,1.000,0.750,0.795,0.428,1.000,1.000,1.000,1.000,0.914,1.000,0.784,1.000,0.725,0.825,1.000,0.799
0104,0.766,0.709,0.397,0.000,0.577,0.265,0.455,0.361,0.741,0.613,0.588,0.254,0.348,0.352,0.392,0.674,0.524,0.319,0.362,0.574,0.315,0.331,0.316,0.884,0.247,0.478,0.465,0.904,0.822,0.717,0.820,0.856,1.000,0.795,1.000,1.000,0.662,1.000,0.917,0.782,0.767,0.826
0105,0.266,0.469,0.362,0.577,0.000,0.363,0.149,0.773,0.312,0.474,0.644,0.796,0.703,0.776,0.730,0.429,0.212,0.648,0.942,0.849,0.938,0.908,0.650,1.000,0.348,0.367,1.000,0.918,0.437,0.414,0.412,1.000,1.000,0.381,1.000,1.000,0.592,1.000,1.000,0.432,0.711,1.000
0106,0.544,0.328,0.683,0.265,0.363,0.000,0.299,0.281,0.548,0.523,0.643,0.570,0.295,0.280,0.259,0.312,0.520,0.226,0.270,0.319,0.386,0.455,0.228,0.663,0.230,0.228,0.250,0.734,0.796,0.767,0.784,0.861,0.906,0.830,0.947,0.918,0.752,0.886,0.612,0.542,0.804,0.645
0107,0.294,0.509,0.394,0.455,0.149,0.299,0.000,0.793,0.352,0.505,0.756,0.420,0.737,0.814,0.586,0.462,0.243,0.605,0.617,0.688,0.741,0.729,0.609,0.891,0.276,0.386,0.847,1.000,0.448,0.434,0.429,0.915,0.816,0.410,1.000,0.871,0.756,0.866,0.798,0.458,0.903,0.717
0199,0.457,0.473,0.302,0.361,0.773,0.281,0.793,0.000,1.000,0.845,1.000,0.796,0.871,0.846,0.792,0.472,0.431,0.821,0.789,1.000,0.938,0.816,0.832,0.842,0.928,0.805,1.000,1.000,0.877,0.761,1.000,1.000,1.000,1.000,1.000,0.909,1.000,1.000,1.000,1.000,1.000,0.646
0201,0.560,0.599,0.767,0.741,0.312,0.548,0.352,1.000,0.000,0.377,0.376,0.651,0.462,0.774,0.692,0.427,0.280,0.834,0.857,0.668,0.875,1.000,0.830,1.000,0.490,1.000,1.000,0.714,0.380,0.428,0.405,0.860,0.675,0.367,0.695,0.699,0.516,0.862,0.762,0.231,0.549,0.790
0202,0.352,0.284,0.450,0.613,0.474,0.523,0.505,0.845,0.377,0.000,0.196,0.643,0.559,0.342,0.737,0.222,0.316,0.567,0.759,1.000,0.923,0.667,0.714,1.000,0.534,0.578,0.566,0.623,0.599,1.000,0.611,1.000,0.618,0.787,0.593,0.465,0.729,0.851,1.000,0.447,0.742,1.000
0203,0.399,0.411,0.503,0.588,0.644,0.643,0.756,1.000,0.376,0.196,0.000,0.482,0.333,0.373,0.528,0.333,0.311,0.642,0.786,0.941,0.948,0.923,0.649,0.937,0.784,1.000,1.000,0.931,0.662,0.922,0.843,1.000,1.000,0.911,0.915,0.433,1.000,1.000,1.000,0.797,0.851,0.800
0204,0.760,0.747,0.478,0.254,0.796,0.570,0.420,0.796,0.651,0.643,0.482,0.000,0.388,0.501,0.421,0.603,0.510,0.585,0.626,1.000,0.890,0.502,0.602,1.000,0.339,1.000,1.000,0.913,0.806,0.638,0.784,1.000,0.790,0.830,1.000,0.904,1.000,1.000,1.000,1.000,0.884,1.000
0205,0.801,0.286,0.448,0.348,0.703,0.295,0.737,0.871,0.462,0.559,0.333,0.388,0.000,0.189,0.158,0.278,0.634,0.321,0.340,0.301,0.483,0.669,0.316,1.000,0.443,1.000,0.911,0.935,0.869,0.695,0.930,1.000,1.000,1.000,1.000,0.928,0.861,1.000,1.000,0.834,1.000,1.000
0206,0.443,0.241,0.593,0.352,0.776,0.280,0.814,0.846,0.774,0.342,0.373,0.501,0.189,0.000,0.157,0.225,0.302,0.250,0.335,0.310,0.386,0.529,0.255,0.356,0.329,0.564,0.435,0.804,0.801,1.000,0.813,1.000,1.000,0.788,1.000,1.000,0.783,0.931,0.861,1.000,0.780,0.746
0207,0.787,0.271,0.739,0.392,0.730,0.259,0.586,0.792,0.692,0.737,0.528,0.421,0.158,0.157,0.000,0.267,0.428,0.301,0.322,0.283,0.464,0.715,0.298,1.000,0.337,0.769,0.446,0.881,0.831,0.919,0.838,1.000,0.786,0.907,1.000,0.920,1.000,1.000,0.838,1.000,0.847,0.794
0208,0.357,0.187,0.557,0.674,0.429,0.312,0.462,0.472,0.427,0.222,0.333,0.603,0.278,0.225,0.267,0.000,0.381,0.339,0.336,0.288,0.781,0.823,0.352,0.904,0.555,0.562,0.559,0.752,0.468,0.456,0.461,0.926,1.000,0.426,0.923,0.459,0.775,0.881,0.816,0.839,0.773,0.813
0299,0.317,0.458,0.473,0.524,0.212,0.520,0.243,0.431,0.280,0.316,0.311,0.510,0.634,0.302,0.428,0.381,0.000,0.403,0.750,0.665,0.809,0.925,0.397,0.340,0.443,1.000,0.475,0.806,0.469,0.441,0.444,0.920,0.862,0.418,0.830,0.843,0.819,0.922,0.902,0.433,0.595,0.727
0301,0.597,0.339,0.566,0.319,0.648,0.226,0.605,0.821,0.834,0.567,0.642,0.585,0.321,0.250,0.301,0.339,0.403,0.000,0.168,0.205,0.191,0.329,0.104,0.224,0.441,0.531,0.587,0.353,0.834,0.506,0.617,0.957,0.953,0.847,0.921,1.000,0.842,0.859,0.831,0.921,0.840,0.810
0302,0.623,0.338,0.662,0.362,0.942,0.270,0.617,0.789,0.857,0.759,0.786,0.626,0.340,0.335,0.322,0.336,0.750,0.168,0.000,0.215,0.205,0.380,0.169,0.225,0.618,0.611,0.774,0.564,0.926,0.543,0.769,1.000,1.000,0.938,0.844,0.948,1.000,0.813,0.748,0.901,1.000,0.847
0303,0.518,0.291,0.803,0.574,0.849,0.319,0.688,1.000,0.668,1.000,0.941,1.000,0.301,0.310,0.283,0.288,0.665,0.205,0.215,0.000,0.200,0.529,0.201,0.180,0.572,0.750,0.765,0.501,0.669,0.416,0.557,0.854,0.879,0.792,0.762,0.893,0.611,0.807,0.506,0.644,0.921,0.751
0304,0.870,0.873,0.882,0.315,0.938,0.386,0.741,0.938,0.875,0.923,0.948,0.890,0.483,0.386,0.464,0.781,0.809,0.191,0.205,0.200,0.000,0.615,0.186,0.164,0.307,0.498,0.480,0.463,0.808,0.523,0.786,0.868,1.000,0.891,0.837,0.905,0.932,0.805,0.815,0.837,1.000,0.769
0305,0.713,0.785,0.406,0.331,0.908,0.455,0.729,0.816,1.000,0.667,0.923,0.502,0.669,0.529,0.715,0.823,0.925,0.329,0.380,0.529,0.615,0.000,0.334,0.392,0.773,0.660,0.842,0.648,1.000,0.637,0.920,0.912,1.000,1.000,1.000,1.000,0.901,0.913,0.792,0.854,0.899,0.789
0306,0.600,0.352,0.576,0.316,0.650,0.228,0.609,0.832,0.830,0.714,0.649,0.602,0.316,0.255,0.298,0.352,0.397,0.104,0.169,0.201,0.186,0.334,0.000,0.218,0.439,0.539,0.587,0.352,0.820,0.504,0.622,1.000,1.000,0.842,0.868,1.000,0.820,0.923,0.808,0.868,0.836,0.870
0399,0.849,0.876,1.000,0.884,1.000,0.663,0.891,0.842,1.000,1.000,0.937,1.000,1.000,0.356,1.000,0.904,0.340,0.224,0.225,0.180,0.164,0.392,0.218,0.000,0.909,0.843,0.917,0.756,0.906,0.506,0.858,1.000,1.000,0.921,1.000,0.888,1.000,0.849,0.911,1.000,0.866,0.817
0401,0.760,0.709,0.897,0.247,0.348,0.230,0.276,0.928,0.490,0.534,0.784,0.339,0.443,0.329,0.337,0.555,0.443,0.441,0.618,0.572,0.307,0.773,0.439,0.909,0.000,0.278,0.306,0.844,0.461,0.732,0.676,1.000,0.789,0.723,1.000,0.935,0.693,0.886,0.824,0.489,0.781,1.000
0402,0.813,0.926,1.000,0.478,0.367,0.228,0.386,0.805,1.000,0.578,1.000,1.000,1.000,0.564,0.769,0.562,1.000,0.531,0.611,0.750,0.498,0.660,0.539,0.843,0.278,0.000,0.133,0.918,0.878,0.909,0.861,0.904,1.000,1.000,1.000,1.000,1.000,1.000,1.000,1.000,1.000,1.000
0499,1.000,1.000,1.000,0.465,1.000,0.250,0.847,1.000,1.000,0.566,1.000,1.000,0.911,0.435,0.446,0.559,0.475,0.587,0.774,0.765,0.480,0.842,0.587,0.917,0.306,0.133,0.000,1.000,0.865,1.000,1.000,1.000,1.000,1.000,1.000,1.000,0.881,1.000,1.000,1.000,1.000,1.000
0501,0.421,0.464,0.750,0.904,0.918,0.734,1.000,1.000,0.714,0.623,0.931,0.913,0.935,0.804,0.881,0.752,0.806,0.353,0.564,0.501,0.463,0.648,0.352,0.756,0.844,0.918,1.000,0.000,0.369,0.325,0.359,0.730,0.416,0.824,0.501,0.586,0.819,0.536,0.637,0.551,0.816,0.727
0502,0.419,0.499,0.795,0.822,0.437,0.796,0.448,0.877,0.380,0.599,0.662,0.806,0.869,0.801,0.831,0.468,0.469,0.834,0.926,0.669,0.808,1.000,0.820,0.906,0.461,0.878,0.865,0.369,0.000,0.355,0.305,0.439,0.278,0.241,0.504,0.324,0.467,0.883,0.634,0.580,0.756,0.631
0503,0.391,0.558,0.428,0.717,0.414,0.767,0.434,0.761,0.428,1.000,0.922,0.638,0.695,1.000,0.919,0.456,0.441,0.506,0.543,0.416,0.523,0.637,0.504,0.506,0.732,0.909,1.000,0.325,0.355,0.000,0.300,0.728,0.428,0.397,0.506,0.524,0.679,0.460,0.466,0.722,0.724,0.710
0504,0.629,0.686,1.000,0.820,0.412,0.784,0.429,1.000,0.405,0.611,0.843,0.784,0.930,0.813,0.838,0.461,0.444,0.617,0.769,0.557,0.786,0.920,0.622,0.858,0.676,0.861,1.000,0.359,0.305,0.300,0.000,0.560,0.189,0.201,0.239,0.277,0.510,0.413,0.518,0.496,0.583,0.581
0505,0.844,0.797,1.000,0.856,1.000,0.861,0.915,1.000,0.860,1.000,1.000,1.000,1.000,1.000,1.000,0.926,0.920,0.957,1.000,0.854,0.868,0.912,1.000,1.000,1.000,0.904,1.000,0.730,0.439,0.728,0.560,0.000,0.477,0.771,0.732,0.321,0.558,0.786,0.600,0.808,0.835,1.000
0506,0.681,0.837,1.000,1.000,1.000,0.906,0.816,1.000,0.675,0.618,1.000,0.790,1.000,1.000,0.786,1.000,0.862,0.953,1.000,0.879,1.000,1.000,1.000,1.000,0.789,1.000,1.000,0.416,0.278,0.428,0.189,0.477,0.000,0.215,0.213,0.247,0.577,0.711,0.606,0.547,0.685,0.639
0507,0.728,0.732,1.000,0.795,0.381,0.830,0.410,1.000,0.367,0.787,0.911,0.830,1.000,0.788,0.907,0.426,0.418,0.847,0.938,0.792,0.891,1.000,0.842,0.921,0.723,1.000,1.000,0.824,0.241,0.397,0.201,0.771,0.215,0.000,0.230,0.168,0.656,1.000,0.739,0.765,0.684,0.601
0508,0.660,0.503,0.914,1.000,1.000,0.947,1.000,1.000,0.695,0.593,0.915,1.000,1.000,1.000,1.000,0.923,0.830,0.921,0.844,0.762,0.837,1.000,0.868,1.000,1.000,1.000,1.000,0.501,0.504,0.506,0.239,0.732,0.213,0.230,0.000,0.185,0.734,0.260,0.447,0.471,0.270,0.581
0599,0.783,0.888,1.000,1.000,1.000,0.918,0.871,0.909,0.699,0.465,0.433,0.904,0.928,1.000,0.920,0.459,0.843,1.000,0.948,0.893,0.905,1.000,1.000,0.888,0.935,1.000,1.000,0.586,0.324,0.524,0.277,0.321,0.247,0.168,0.185,0.000,0.901,0.323,0.762,0.724,0.291,0.627
0601,0.696,0.742,0.784,0.662,0.592,0.752,0.756,1.000,0.516,0.729,1.000,1.000,0.861,0.783,1.000,0.775,0.819,0.842,1.000,0.611,0.932,0.901,0.820,1.000,0.693,1.000,0.881,0.819,0.467,0.679,0.510,0.558,0.577,0.656,0.734,0.901,0.000,0.430,0.442,0.238,0.202,0.682
0602,0.622,0.556,1.000,1.000,1.000,0.886,0.866,1.000,0.862,0.851,1.000,1.000,1.000,0.931,1.000,0.881,0.922,0.859,0.813,0.807,0.805,0.913,0.923,0.849,0.886,1.000,1.000,0.536,0.883,0.460,0.413,0.786,0.711,1.000,0.260,0.323,0.430,0.000,0.446,0.461,0.261,0.784
0603,0.909,0.728,0.725,0.917,1.000,0.612,0.798,1.000,0.762,1.000,1.000,1.000,1.000,0.861,0.838,0.816,0.902,0.831,0.748,0.506,0.815,0.792,0.808,0.911,0.824,1.000,1.000,0.637,0.634,0.466,0.518,0.600,0.606,0.739,0.447,0.762,0.442,0.446,0.000,0.547,0.381,1.000
0604,0.750,0.791,0.825,0.782,0.432,0.542,0.458,1.000,0.231,0.447,0.797,1.000,0.834,1.000,1.000,0.839,0.433,0.921,0.901,0.644,0.837,0.854,0.868,1.000,0.489,1.000,1.000,0.551,0.580,0.722,0.496,0.808,0.547,0.765,0.471,0.724,0.238,0.461,0.547,0.000,0.223,1.000
0699,0.773,0.724,1.000,0.767,0.711,0.804,0.903,1.000,0.549,0.742,0.851,0.884,1.000,0.780,0.847,0.773,0.595,0.840,1.000,0.921,1.000,0.899,0.836,0.866,0.781,1.000,1.000,0.816,0.756,0.724,0.583,0.835,0.685,0.684,0.270,0.291,0.202,0.261,0.381,0.223,0.000,0.679
0700,1.000,0.742,0.799,0.826,1.000,0.645,0.717,0.646,0.790,1.000,0.800,1.000,1.000,0.746,0.794,0.813,0.727,0.810,0.847,0.751,0.769,0.789,0.870,0.817,1.000,1.000,1.000,0.727,0.631,0.710,0.581,1.000,0.639,0.601,0.581,0.627,0.682,0.784,1.000,1.000,0.679,0.000
