200.0 68.0 40.0 6.0 15.0 4.0 14.0 0.0 1.0 27.0 16.0 0.0 6.0 10.0 0.0 15.0 10.0 6.0 3.0 5.0 1.0 0.0 6.0 0.0 1.0 0.0 1.0 9.0 9.0 11.0 1.0 1.0 1.0 0.0 2.0 0.0 1.0 1.0 5.0 1.0 0.0 0.0
68.0 138.0 8.0 0.0 7.0 31.0 7.0 0.0 1.0 28.0 12.0 2.0 13.0 22.0 10.0 48.0 2.0 31.0 16.0 29.0 3.0 1.0 32.0 1.0 2.0 2.0 1.0 13.0 4.0 0.0 0.0 1.0 0.0 0.0 6.0 1.0 1.0 2.0 1.0 2.0 0.0 0.0
40.0 8.0 133.0 24.0 10.0 3.0 9.0 0.0 1.0 6.0 4.0 7.0 13.0 5.0 0.0 5.0 4.0 11.0 7.0 0.0 1.0 12.0 10.0 0.0 0.0 0.0 0.0 3.0 0.0 7.0 0.0 0.0 0.0 0.0 0.0 0.0 1.0 0.0 0.0 1.0 0.0 0.0
6.0 0.0 24.0 268.0 7.0 45.0 17.0 0.0 1.0 0.0 1.0 32.0 32.0 36.0 18.0 1.0 4.0 42.0 16.0 5.0 41.0 35.0 42.0 1.0 44.0 3.0 1.0 0.0 1.0 2.0 0.0 0.0 0.0 0.0 0.0 0.0 2.0 0.0 0.0 2.0 0.0 0.0
15.0 7.0 10.0 7.0 95.0 39.0 67.0 0.0 12.0 11.0 1.0 2.0 0.0 0.0 1.0 2.0 28.0 4.0 3.0 0.0 0.0 0.0 4.0 0.0 24.0 6.0 0.0 1.0 1.0 0.0 0.0 0.0 0.0 0.0 0.0 0.0 3.0 0.0 0.0 9.0 0.0 0.0
4.0 31.0 3.0 45.0 39.0 477.0 69.0 3.0 11.0 12.0 4.0 15.0 41.0 46.0 52.0 31.0 12.0 252.0 105.0 46.0 38.0 9.0 237.0 7.0 73.0 43.0 13.0 11.0 3.0 3.0 2.0 1.0 0.0 1.0 1.0 1.0 3.0 0.0 4.0 10.0 0.0 0.0
14.0 7.0 9.0 17.0 67.0 69.0 141.0 0.0 12.0 11.0 1.0 7.0 2.0 1.0 5.0 2.0 29.0 8.0 7.0 3.0 0.0 3.0 8.0 0.0 42.0 7.0 0.0 1.0 5.0 1.0 2.0 1.0 0.0 0.0 0.0 0.0 3.0 1.0 1.0 10.0 0.0 0.0
0.0 0.0 0.0 0.0 0.0 3.0 0.0 3.0 0.0 0.0 0.0 0.0 0.0 0.0 1.0 0.0 0.0 1.0 0.0 0.0 0.0 0.0 1.0 0.0 0.0 0.0 0.0 0.0 0.0 0.0 0.0 0.0 0.0 0.0 0.0 0.0 0.0 0.0 0.0 0.0 0.0 0.0
1.0 1.0 1.0 1.0 12.0 11.0 12.0 0.0 125.0 13.0 7.0 3.0 7.0 1.0 4.0 2.0 10.0 1.0 1.0 1.0 0.0 0.0 1.0 0.0 11.0 0.0 0.0 0.0 8.0 0.0 4.0 1.0 0.0 1.0 0.0 1.0 5.0 1.0 1.0 58.0 2.0 0.0
27.0 28.0 6.0 0.0 11.0 12.0 11.0 0.0 13.0 236.0 109.0 1.0 8.0 31.0 0.0 66.0 25.0 8.0 2.0 2.0 3.0 1.0 9.0 1.0 12.0 0.0 0.0 4.0 4.0 2.0 0.0 0.0 0.0 0.0 0.0 21.0 1.0 1.0 1.0 13.0 1.0 0.0
16.0 12.0 4.0 1.0 1.0 4.0 1.0 0.0 7.0 109.0 157.0 5.0 15.0 10.0 0.0 42.0 18.0 8.0 3.0 0.0 5.0 2.0 7.0 0.0 0.0 1.0 0.0 2.0 4.0 1.0 0.0 0.0 0.0 0.0 0.0 21.0 0.0 0.0 0.0 1.0 0.0 0.0
0.0 2.0 7.0 32.0 2.0 15.0 7.0 0.0 3.0 1.0 5.0 97.0 21.0 16.0 7.0 0.0 1.0 13.0 6.0 0.0 0.0 13.0 12.0 0.0 5.0 0.0 0.0 0.0 3.0 3.0 0.0 1.0 0.0 0.0 0.0 0.0 0.0 0.0 0.0 0.0 0.0 0.0
6.0 13.0 13.0 32.0 0.0 41.0 2.0 0.0 7.0 8.0 15.0 21.0 201.0 65.0 61.0 15.0 8.0 38.0 6.0 13.0 15.0 7.0 38.0 1.0 21.0 0.0 0.0 0.0 1.0 2.0 0.0 0.0 0.0 0.0 0.0 1.0 0.0 0.0 0.0 0.0 0.0 0.0
10.0 22.0 5.0 36.0 0.0 46.0 1.0 0.0 1.0 31.0 10.0 16.0 65.0 151.0 64.0 44.0 1.0 57.0 9.0 14.0 36.0 10.0 55.0 1.0 33.0 0.0 0.0 1.0 0.0 2.0 0.0 0.0 0.0 0.0 0.0 0.0 1.0 1.0 0.0 0.0 0.0 0.0
0.0 10.0 0.0 18.0 1.0 52.0 5.0 1.0 4.0 0.0 0.0 7.0 61.0 64.0 88.0 11.0 1.0 40.0 6.0 12.0 13.0 1.0 38.0 0.0 28.0 0.0 1.0 0.0 1.0 0.0 0.0 0.0 0.0 0.0 0.0 0.0 0.0 0.0 1.0 0.0 0.0 0.0
15.0 48.0 5.0 1.0 2.0 31.0 2.0 0.0 2.0 66.0 42.0 0.0 15.0 44.0 11.0 119.0 3.0 38.0 17.0 31.0 8.0 1.0 37.0 2.0 4.0 2.0 1.0 3.0 3.0 2.0 0.0 0.0 0.0 0.0 1.0 19.0 1.0 1.0 0.0 1.0 0.0 0.0
10.0 2.0 4.0 4.0 28.0 12.0 29.0 0.0 10.0 25.0 18.0 1.0 8.0 1.0 1.0 3.0 98.0 2.0 0.0 0.0 1.0 0.0 2.0 1.0 9.0 0.0 0.0 0.0 2.0 1.0 1.0 1.0 0.0 2.0 0.0 0.0 2.0 0.0 0.0 10.0 1.0 0.0
6.0 31.0 11.0 42.0 4.0 252.0 8.0 1.0 1.0 8.0 8.0 13.0 38.0 57.0 40.0 38.0 2.0 790.0 291.0 185.0 253.0 42.0 703.0 143.0 25.0 23.0 7.0 112.0 2.0 6.0 2.0 0.0 0.0 0.0 1.0 1.0 0.0 2.0 2.0 0.0 0.0 0.0
3.0 16.0 7.0 16.0 3.0 105.0 7.0 0.0 1.0 2.0 3.0 6.0 6.0 9.0 6.0 17.0 0.0 291.0 316.0 55.0 68.0 19.0 287.0 34.0 4.0 25.0 6.0 43.0 1.0 1.0 1.0 1.0 0.0 0.0 0.0 1.0 0.0 1.0 0.0 0.0 0.0 0.0
5.0 29.0 0.0 5.0 0.0 46.0 3.0 0.0 1.0 2.0 0.0 0.0 13.0 14.0 12.0 31.0 0.0 185.0 55.0 252.0 150.0 0.0 182.0 144.0 6.0 2.0 1.0 9.0 4.0 22.0 14.0 2.0 0.0 0.0 2.0 2.0 1.0 3.0 3.0 0.0 0.0 0.0
1.0 3.0 1.0 41.0 0.0 38.0 0.0 0.0 0.0 3.0 5.0 0.0 15.0 36.0 13.0 8.0 1.0 253.0 68.0 150.0 289.0 5.0 250.0 142.0 40.0 3.0 0.0 39.0 3.0 5.0 1.0 1.0 0.0 0.0 0.0 1.0 0.0 1.0 0.0 0.0 0.0 0.0
0.0 1.0 12.0 35.0 0.0 9.0 3.0 0.0 0.0 1.0 2.0 13.0 7.0 10.0 1.0 1.0 0.0 42.0 19.0 0.0 5.0 104.0 40.0 0.0 0.0 3.0 1.0 2.0 0.0 3.0 0.0 0.0 0.0 0.0 0.0 0.0 1.0 0.0 0.0 0.0 0.0 0.0
6.0 32.0 10.0 42.0 4.0 237.0 8.0 1.0 1.0 9.0 7.0 12.0 38.0 55.0 38.0 37.0 2.0 703.0 287.0 182.0 250.0 40.0 719.0 144.0 23.0 23.0 7.0 107.0 2.0 6.0 2.0 1.0 0.0 0.0 1.0 1.0 0.0 3.0 0.0 0.0 0.0 0.0
0.0 1.0 0.0 1.0 0.0 7.0 0.0 0.0 0.0 1.0 0.0 0.0 1.0 1.0 0.0 2.0 1.0 143.0 34.0 144.0 142.0 0.0 144.0 148.0 0.0 0.0 0.0 4.0 0.0 0.0 0.0 0.0 0.0 0.0 0.0 0.0 0.0 0.0 0.0 0.0 0.0 0.0
1.0 2.0 0.0 44.0 24.0 73.0 42.0 0.0 11.0 12.0 0.0 5.0 21.0 33.0 28.0 4.0 9.0 25.0 4.0 6.0 40.0 0.0 23.0 0.0 183.0 9.0 2.0 0.0 13.0 0.0 2.0 0.0 0.0 0.0 0.0 0.0 2.0 1.0 1.0 10.0 0.0 0.0
0.0 2.0 0.0 3.0 6.0 43.0 7.0 0.0 0.0 0.0 1.0 0.0 0.0 0.0 0.0 2.0 0.0 23.0 25.0 2.0 3.0 3.0 23.0 0.0 9.0 52.0 11.0 1.0 0.0 0.0 0.0 0.0 0.0 0.0 0.0 1.0 0.0 0.0 0.0 0.0 0.0 0.0
1.0 1.0 0.0 1.0 0.0 13.0 0.0 0.0 0.0 0.0 0.0 0.0 0.0 0.0 1.0 1.0 0.0 7.0 6.0 1.0 0.0 1.0 7.0 0.0 2.0 11.0 21.0 0.0 0.0 0.0 0.0 0.0 0.0 0.0 0.0 0.0 0.0 0.0 0.0 0.0 0.0 0.0
9.0 13.0 3.0 0.0 1.0 11.0 1.0 0.0 0.0 4.0 2.0 0.0 0.0 1.0 0.0 3.0 0.0 112.0 43.0 9.0 39.0 2.0 107.0 4.0 0.0 1.0 0.0 213.0 8.0 15.0 12.0 3.0 4.0 0.0 4.0 1.0 1.0 6.0 0.0 1.0 1.0 0.0
9.0 4.0 0.0 1.0 1.0 3.0 5.0 0.0 8.0 4.0 4.0 3.0 1.0 0.0 1.0 3.0 2.0 2.0 1.0 4.0 3.0 0.0 2.0 0.0 13.0 0.0 0.0 8.0 217.0 8.0 19.0 3.0 28.0 2.0 5.0 5.0 9.0 0.0 2.0 2.0 2.0 0.0
11.0 0.0 7.0 2.0 0.0 3.0 1.0 0.0 0.0 2.0 1.0 3.0 2.0 2.0 0.0 2.0 1.0 6.0 1.0 22.0 5.0 3.0 6.0 0.0 0.0 0.0 0.0 15.0 8.0 135.0 25.0 1.0 6.0 2.0 11.0 3.0 2.0 13.0 8.0 3.0 0.0 0.0
1.0 0.0 0.0 0.0 0.0 2.0 2.0 0.0 4.0 0.0 0.0 0.0 0.0 0.0 0.0 0.0 1.0 2.0 1.0 14.0 1.0 0.0 2.0 0.0 2.0 0.0 0.0 12.0 19.0 25.0 132.0 4.0 13.0 3.0 2.0 7.0 3.0 4.0 3.0 3.0 0.0 0.0
1.0 1.0 0.0 0.0 0.0 1.0 1.0 0.0 1.0 0.0 0.0 1.0 0.0 0.0 0.0 0.0 1.0 0.0 1.0 2.0 1.0 0.0 1.0 0.0 0.0 0.0 0.0 3.0 3.0 1.0 4.0 134.0 0.0 1.0 1.0 1.0 2.0 2.0 2.0 1.0 0.0 0.0
1.0 0.0 0.0 0.0 0.0 0.0 0.0 0.0 0.0 0.0 0.0 0.0 0.0 0.0 0.0 0.0 0.0 0.0 0.0 0.0 0.0 0.0 0.0 0.0 0.0 0.0 0.0 4.0 28.0 6.0 13.0 0.0 47.0 1.0 4.0 3.0 1.0 0.0 1.0 2.0 0.0 0.0
0.0 0.0 0.0 0.0 0.0 1.0 0.0 0.0 1.0 0.0 0.0 0.0 0.0 0.0 0.0 0.0 2.0 0.0 0.0 0.0 0.0 0.0 0.0 0.0 0.0 0.0 0.0 0.0 2.0 2.0 3.0 1.0 1.0 12.0 0.0 0.0 0.0 0.0 0.0 0.0 0.0 0.0
2.0 6.0 0.0 0.0 0.0 1.0 0.0 0.0 0.0 0.0 0.0 0.0 0.0 0.0 0.0 1.0 0.0 1.0 0.0 2.0 0.0 0.0 1.0 0.0 0.0 0.0 0.0 4.0 5.0 11.0 2.0 1.0 4.0 0.0 46.0 1.0 5.0 3.0 8.0 2.0 2.0 0.0
0.0 1.0 0.0 0.0 0.0 1.0 0.0 0.0 1.0 21.0 21.0 0.0 1.0 0.0 0.0 19.0 0.0 1.0 1.0 2.0 1.0 0.0 1.0 0.0 0.0 1.0 0.0 1.0 5.0 3.0 7.0 1.0 3.0 0.0 1.0 41.0 0.0 0.0 1.0 0.0 1.0 0.0
1.0 1.0 1.0 2.0 3.0 3.0 3.0 0.0 5.0 1.0 0.0 0.0 0.0 1.0 0.0 1.0 2.0 0.0 0.0 1.0 0.0 1.0 0.0 0.0 2.0 0.0 0.0 1.0 9.0 2.0 3.0 2.0 1.0 0.0 5.0 0.0 82.0 13.0 9.0 26.0 22.0 0.0
1.0 2.0 0.0 0.0 0.0 0.0 1.0 0.0 1.0 1.0 0.0 0.0 0.0 1.0 0.0 1.0 0.0 2.0 1.0 3.0 1.0 0.0 3.0 0.0 1.0 0.0 0.0 6.0 0.0 13.0 4.0 2.0 0.0 0.0 3.0 0.0 13.0 132.0 12.0 5.0 3.0 0.0
5.0 1.0 0.0 0.0 0.0 4.0 1.0 0.0 1.0 1.0 0.0 0.0 0.0 0.0 1.0 0.0 0.0 2.0 0.0 3.0 0.0 0.0 0.0 0.0 1.0 0.0 0.0 0.0 2.0 8.0 3.0 2.0 1.0 0.0 8.0 1.0 9.0 12.0 108.0 6.0 4.0 0.0
1.0 2.0 1.0 2.0 9.0 10.0 10.0 0.0 58.0 13.0 1.0 0.0 0.0 0.0 0.0 1.0 10.0 0.0 0.0 0.0 0.0 0.0 0.0 0.0 10.0 0.0 0.0 1.0 2.0 3.0 3.0 1.0 2.0 0.0 2.0 0.0 26.0 5.0 6.0 134.0 16.0 0.0
0.0 0.0 0.0 0.0 0.0 0.0 0.0 0.0 2.0 1.0 0.0 0.0 0.0 0.0 0.0 0.0 1.0 0.0 0.0 0.0 0.0 0.0 0.0 0.0 0.0 0.0 0.0 1.0 2.0 0.0 0.0 0.0 0.0 0.0 2.0 1.0 22.0 3.0 4.0 16.0 26.0 0.0
0.0 0.0 0.0 0.0 0.0 0.0 0.0 0.0 0.0 0.0 0.0 0.0 0.0 0.0 0.0 0.0 0.0 0.0 0.0 0.0 0.0 0.0 0.0 0.0 0.0 0.0 0.0 0.0 0.0 0.0 0.0 0.0 0.0 0.0 0.0 0.0 0.0 0.0 0.0 0.0 0.0 1.0
