542.5169945542426 148.43014365644498 40.76204979910253 6.318910882974182 10.493995167843847 23.028425420375203 6.730645758229401 14.536715172536267 12.711730063866423 12.710175961502275 12.92116667578577 2.2624878532773267 3.260102957650366 7.527537391865842 1.914160168645814 8.513591492166055 5.574086387234371 7.722447727216546 5.19281120567107 16.154898672496707 3.5214263487057558 6.102008073476306 6.731653066492218 0.5205874904162207 10.282347015729368 1.6238888888888885 0.09458333333333335 21.454325817480555 37.80242228383914 16.5274178360428 2.428048760971694 0.5587962962962962 0.3709479359925788 3.3741419283689016 0.22705327080327078 1.4650012718762724 6.037859204287776 0.8719444444444444 0.3641975308641975 2.9395272881880024 0.08838383838383838 0.35555555555555557
148.43014365644498 339.89625964907856 81.14630687333856 6.067529682751337 36.059004281537185 17.263977728333288 25.442180857820368 3.115408109047813 9.536114434133975 95.76550731261149 33.53515541179461 3.341717030246442 6.7480997653319585 16.646422014301486 4.482340802725333 42.21606524965037 12.662738351740852 30.629829425964044 15.655639840753944 9.779289862930124 17.375437994054636 8.07809634435196 19.80836437044077 2.2889809053422314 10.962091797091794 0.8269444444444444 0.4077651515151515 15.19869445187178 37.783718688462 6.445378771391594 3.5807778805302033 1.758333333333333 1.003784907902555 2.1462075327206906 6.218123543123544 1.4400372775372776 3.0055357142857146 13.213541666666663 0.2111111111111111 2.182426948051947 1.0708333333333335 0.0
40.76204979910253 81.14630687333856 184.7950431576633 123.81453161991655 32.62400568181816 15.515483532803092 14.765571566913476 9.653905477378322 1.5171079620045784 52.28823376134103 19.648236149832695 33.91826642629337 46.87940838369432 9.364639337731914 8.963065277883945 11.90347357951567 13.474890263814794 21.663703278180208 4.821157148196693 1.158874013116095 1.3477790351093513 13.21494264996759 15.34258088682197 0.20065262398476172 0.7232477399144067 0.6374269005847953 0.18580542264752792 1.6183324367939758 5.120320512820512 6.502013765101999 0.07714285714285715 0.0 0.05333333333333334 0.1388888888888889 0.16296296296296295 0.05555555555555555 1.9420454545454542 0.0 0.5185185185185185 0.45238095238095233 0.0 2.0
6.318910882974182 6.067529682751337 123.81453161991655 818.2146889453372 19.455631873637827 158.91149110070577 26.829500994648054 4.452916261298616 2.100188583346478 47.36401498419626 13.42208110537479 991.0208676439431 152.31398688386014 44.25201635030857 497.3309212656209 4.421588782416788 9.200977112051767 74.40178227056676 12.167650875022906 3.5037954640787965 13.835167715490293 100.27607177406385 53.39446834648327 1.9796825742710518 68.83365899487833 4.415973565467607 2.882779204301279 2.6630630842587357 3.252882435025292 2.2331830206830205 0.651772632129775 0.19642857142857145 0.15361721611721613 0.0 0.0 0.0 5.7143127705627705 0.0 0.49948979591836734 1.7397040459540458 0.03125 0.0
10.493995167843847 36.059004281537185 32.62400568181816 19.455631873637827 41.55353357208955 29.9411941862072 23.114353932943775 0.6527236652236652 18.205357471915153 3.861454488493961 3.6240337043908473 3.267627665544332 10.343734217171717 1.5786386980465925 3.676886370483185 1.032670492019523 10.425294761025363 2.2752356857150087 0.18688672438672438 0.47023809523809523 0.27546189190926035 1.260714285714286 2.1664959544423827 0.026785714285714284 8.362085936724077 0.6593320105820105 0.19516594516594518 0.24561403508771928 1.2385706591038999 1.6748961218836562 1.3552908587257613 0.08333333333333334 0.19 3.575690597106802 0.0 0.12142857142857144 11.813019637526217 0.33223684210526316 0.0 4.337647820016241 0.6047724205618943 0.8472222222222223
23.028425420375203 17.263977728333288 15.515483532803092 158.91149110070577 29.9411941862072 408.39082946885947 128.54894852333797 7.7140474068114875 5.102560007072383 8.880093724741446 3.403287040187194 93.80190493066036 22.574557024764417 66.75588524151067 105.22139635687665 9.498762101521296 8.173113297473543 360.0513925024754 51.14894045300845 21.164402596828303 22.105543095634413 65.40833001982035 240.30385975782394 8.103615899128092 120.01630503927534 31.3398339187931 5.487302749865507 82.90265925098937 4.0507144555528 9.216785954373455 6.010364201523131 1.390873015873016 0.5229506126057851 0.8076510721247563 0.5833333333333333 0.1 4.221527777777778 0.30000000000000004 2.561904761904762 4.606610644257703 0.2 0.0
6.730645758229401 25.442180857820368 14.765571566913476 26.829500994648054 23.114353932943775 128.54894852333797 69.70638018438548 1.8791343613803504 5.374421365415128 4.52371962531792 1.4215686274509804 7.179189744079452 3.2254536170528816 7.530236055203488 14.64663225187122 1.804897014207345 8.953543777419933 4.705398259706172 3.323317700817701 2.297043650793651 1.6659783199256892 5.244903870639163 4.828065021586363 0.08848722415795586 55.526675799475825 7.15583273208273 1.7502639490139489 0.24561403508771928 16.130657125269316 2.3428785780240076 1.8099399815327792 1.5638888888888889 0.9583333333333335 3.072035626346569 0.16666666666666669 0.36031746031746037 5.375966066097646 0.20723684210526316 0.0 6.3571716295400496 0.1881057538952276 0.35555555555555557
14.536715172536267 3.115408109047813 9.653905477378322 4.452916261298616 0.6527236652236652 7.7140474068114875 1.8791343613803504 0.5059503649247236 0.7756089743589745 1.6863331290169528 1.110053650340028 0.9394899762546821 1.1614575969839127 3.6161360106597673 1.8809611337052934 1.3007458459296692 0.49353626887276747 2.725765959654322 0.8458299912525619 0.13592173851789238 0.44090087974703335 0.6632783882783883 2.4756067561127657 0.025700735578784353 1.0754726754726753 0.49703703703703717 0.042676767676767674 0.09245386024232179 0.23862789987789987 0.16666666666666666 0.0 0.0 0.16666666666666669 0.18055555555555558 0.0 0.005555555555555556 0.0 0.018750000000000003 0.0 0.6208333333333331 0.0 0.0
12.711730063866423 9.536114434133975 1.5171079620045784 2.100188583346478 18.205357471915153 5.102560007072383 5.374421365415128 0.7756089743589745 146.27184152041025 10.657804253479688 19.154945285223647 2.08767094017094 28.084281142833763 1.7408908146958675 4.046545436356361 4.321915760679357 17.811855600110963 1.6600881923222266 0.5171477480852481 2.8246825396825397 2.7594691857849756 0.19523809523809527 0.3599309811123836 0.002439024390243903 6.319634035555072 0.3769444444444445 1.1146464646464644 3.182466583124478 29.655383808998554 1.827810754957568 5.877010525355107 0.4654761904761905 1.1241491596638655 8.517564676205602 1.7519841269841268 8.275047452547454 15.351123865691525 0.6322535505430242 1.3349206349206348 82.24620128255874 3.1980149121423356 5.141666666666667
12.710175961502275 95.76550731261149 52.28823376134103 47.36401498419626 3.861454488493961 8.880093724741446 4.52371962531792 1.6863331290169528 10.657804253479688 303.5837065639029 186.6238940442821 40.65231214734014 30.047960690477012 15.122855006468624 11.591338392723856 48.16318550510014 23.244774305415437 45.354751999232576 8.42812925882667 2.553075764105174 17.457957034721197 10.820140145391662 38.30702992404176 1.456758043443606 3.703694403387381 0.7688805346700083 0.16666666666666666 13.69855500504723 13.55351742692623 6.399632036493492 6.540731477453966 0.0 1.2071854912764002 3.1189344890002784 4.09263085399449 1.342863155363155 0.4038898601398601 3.2529040404040406 0.511904761904762 7.720077133364464 0.8101689976689977 0.0
12.92116667578577 33.53515541179461 19.648236149832695 13.42208110537479 3.6240337043908473 3.403287040187194 1.4215686274509804 1.110053650340028 19.154945285223647 186.6238940442821 258.9671451363431 25.813621133768187 46.0676092549 11.455589025538648 2.1380563668848716 16.186846847044652 62.46208065082039 44.63902417478478 2.57631611664498 1.1342836257309945 8.25803862030642 2.7538613433350285 31.73859354257743 0.5934303069053708 1.8696886446886447 0.0 0.0 3.519696969696971 8.189088493028713 1.9530414438502677 0.7613636363636364 0.0 0.2058080808080808 0.9583333333333334 0.045454545454545456 3.142135642135641 0.025 0.25 0.0 1.6507305194805197 0.0 0.0
2.2624878532773267 3.341717030246442 33.91826642629337 991.0208676439431 3.267627665544332 93.80190493066036 7.179189744079452 0.9394899762546821 2.08767094017094 40.65231214734014 25.813621133768187 506.931385857196 101.94413918654395 14.67210735598501 417.2685572778712 1.1279742806213395 12.504121849787287 15.912712892623995 0.8383006003658178 0.571962481962482 3.2804925629925643 14.055425054721727 20.30784867424316 0.38015415478830106 26.80200093522462 0.2634319384319384 0.026623376623376622 0.36111111111111116 1.9764141414141414 0.5546897546897547 0.09222222222222223 0.0 0.06555555555555556 0.020833333333333332 0.0 0.0 2.366477272727273 1.0 0.0 0.0 0.0 0.0
3.260102957650366 6.7480997653319585 46.87940838369432 152.31398688386014 10.343734217171717 22.574557024764417 3.2254536170528816 1.1614575969839127 28.084281142833763 30.047960690477012 46.0676092549 101.94413918654395 180.57693138761786 19.933560590326184 47.665623990435975 4.028251817096588 14.243628997623132 22.459171029244917 2.5850169789280946 1.4631901716257936 3.789892716120778 8.51677470358364 24.778580748209585 1.013504447877041 8.40889762243928 0.03877314814814815 0.0 0.5175028918449971 1.7516729323308269 0.39849687349687346 0.0 0.0 0.0 0.004960317460317459 0.13333333333333333 0.33098845598845594 7.671212121212122 1.0 0.06060606060606061 2.4569264069264065 0.0 2.0
7.527537391865842 16.646422014301486 9.364639337731914 44.25201635030857 1.5786386980465925 66.75588524151067 7.530236055203488 3.6161360106597673 1.7408908146958675 15.122855006468624 11.455589025538648 14.67210735598501 19.933560590326184 123.73447451877242 90.50116194911602 9.356053578933857 1.5034003052824811 74.20083318424234 11.414770123759599 4.44979393330783 27.562061497666328 15.583008714484889 77.04649844236666 1.9223138782285225 98.64658570556796 1.117750791307104 0.21133335386384164 6.744108132449673 4.199554575779548 2.070191768227758 0.2907695374800638 0.25 0.005681818181818182 0.061220760233918134 0.2727272727272727 0.006944444444444444 0.03125 0.3979166666666667 0.3119047619047619 1.6813272144522142 0.04166666666666667 0.6
1.914160168645814 4.482340802725333 8.963065277883945 497.3309212656209 3.676886370483185 105.22139635687665 14.64663225187122 1.8809611337052934 4.046545436356361 11.591338392723856 2.1380563668848716 417.2685572778712 47.665623990435975 90.50116194911602 212.6451323623613 9.923291208044082 2.367568423327984 35.616600671866784 2.9392536270899576 3.5615975579456722 5.033197414184263 3.3971080339103588 31.815688551088687 0.4223928970045786 72.23412631421742 2.7105141386391387 0.5646374458874459 1.0102759083022241 6.019661654135338 0.9305555555555557 0.07 0.0 0.4322222222222222 0.13194444444444445 0.0 0.05555555555555556 0.0 0.0 0.3333333333333333 1.0930863254392666 0.0 0.0
8.513591492166055 42.21606524965037 11.90347357951567 4.421588782416788 1.032670492019523 9.498762101521296 1.804897014207345 1.3007458459296692 4.321915760679357 48.16318550510014 16.186846847044652 1.1279742806213395 4.028251817096588 9.356053578933857 9.923291208044082 15.23970777472901 7.2516961475162365 17.569764346554386 5.271815654943111 2.4377272267645536 5.977347542647103 3.1735581990473305 12.470740249459753 0.6601459759775323 21.45682379024486 1.6147222222222222 0.1625 6.8182658154845095 7.724778532338956 1.1510792083838766 0.6290629284535103 0.4928571428571429 0.148030303030303 1.4833129058025185 0.3287878787878788 0.5341931216931215 0.5838056680161944 1.0211622807017544 0.08333333333333333 0.9157241771386507 0.12078272604588394 0.0
5.574086387234371 12.662738351740852 13.474890263814794 9.200977112051767 10.425294761025363 8.173113297473543 8.953543777419933 0.49353626887276747 17.811855600110963 23.244774305415437 62.46208065082039 12.504121849787287 14.243628997623132 1.5034003052824811 2.367568423327984 7.2516961475162365 95.08706679108704 6.545489433485825 2.912914862297001 0.7035076009419142 0.8256517035624543 2.465227224758097 9.47894205987093 0.0980384114605212 3.8992653044311028 0.20515433076408685 0.048780487804878044 1.2859537519690898 8.602657354163417 0.702236842105263 1.3561373226501454 0.8369708994708995 0.0788888888888889 1.5155382340804777 0.19166666666666665 2.354487179487179 3.379675076385603 0.14407894736842106 0.27232643899310566 4.223604019644779 0.23109638899112575 0.8888888888888888
7.722447727216546 30.629829425964044 21.663703278180208 74.40178227056676 2.2752356857150087 360.0513925024754 4.705398259706172 2.725765959654322 1.6600881923222266 45.354751999232576 44.63902417478478 15.912712892623995 22.459171029244917 74.20083318424234 35.616600671866784 17.569764346554386 6.545489433485825 639.2280848979278 195.5421058060295 69.12350558876527 154.3235858946848 146.94719033554742 859.6126720196959 29.366057361496146 12.810291934659002 11.39960027762134 3.1253488299890595 396.2986972212708 4.744778323227593 21.79803527446077 8.627610420657993 1.0595238095238095 0.5212954743025737 0.09455409356725147 0.6924242424242424 0.006944444444444444 0.321875 3.735235507246377 1.7017366656807655 1.786503427128427 0.09166666666666667 0.0
5.19281120567107 15.655639840753944 4.821157148196693 12.167650875022906 0.18688672438672438 51.14894045300845 3.323317700817701 0.8458299912525619 0.5171477480852481 8.42812925882667 2.57631611664498 0.8383006003658178 2.5850169789280946 11.414770123759599 2.9392536270899576 5.271815654943111 2.912914862297001 195.5421058060295 92.29322793407123 33.01861213974506 36.317922232147524 44.41247865524605 123.31812116839144 12.302618550786438 3.303155421198587 3.2277874090163206 0.7646695695608738 13.992445035302117 1.0645504272386013 4.585733496370949 2.447026344820159 0.75 0.5004584409655404 0.05069444444444445 0.11666666666666667 0.13881257631257632 0.0 0.7968426501035196 1.4160110420979988 0.14720689033189033 0.0 0.2
16.154898672496707 9.779289862930124 1.158874013116095 3.5037954640787965 0.47023809523809523 21.164402596828303 2.297043650793651 0.13592173851789238 2.8246825396825397 2.553075764105174 1.1342836257309945 0.571962481962482 1.4631901716257936 4.44979393330783 3.5615975579456722 2.4377272267645536 0.7035076009419142 69.12350558876527 33.01861213974506 99.49349607857398 20.860076735868535 20.654229630531002 54.12207438731817 4.122028091675202 4.201476142147553 0.5216666666666667 0.11342592592592592 126.7368589632074 6.826453520612022 14.217011334039201 16.017893701681658 3.6992063492063494 2.5671984714631777 0.7037414965986394 0.25 0.9861111111111112 0.6776312576312578 2.4555555555555557 5.864739229024943 1.6162759462759466 0.03736263736263737 0.0
3.5214263487057558 17.375437994054636 1.3477790351093513 13.835167715490293 0.27546189190926035 22.105543095634413 1.6659783199256892 0.44090087974703335 2.7594691857849756 17.457957034721197 8.25803862030642 3.2804925629925643 3.789892716120778 27.562061497666328 5.033197414184263 5.977347542647103 0.8256517035624543 154.3235858946848 36.317922232147524 20.860076735868535 81.33807846631561 12.312521641524249 126.9184695715006 7.543384366841793 27.285266331403594 1.6831165508995054 0.33072914966297323 54.26396655845408 3.402355142830041 61.52623653716281 2.526447214083769 0.6964285714285714 1.0654977865271982 0.3187134502923976 0.49242424242424243 0.3572039072039072 0.1875 2.401785714285714 0.35345804988662133 2.5463752913752913 0.25 1.8
6.102008073476306 8.07809634435196 13.21494264996759 100.27607177406385 1.260714285714286 65.40833001982035 5.244903870639163 0.6632783882783883 0.19523809523809527 10.820140145391662 2.7538613433350285 14.055425054721727 8.51677470358364 15.583008714484889 3.3971080339103588 3.1735581990473305 2.465227224758097 146.94719033554742 44.41247865524605 20.654229630531002 12.312521641524249 227.77140760817957 107.8763397707108 4.6020859146822755 6.811109259806199 6.7089035661222765 1.5125736860169487 27.48173969750055 0.41927050727050735 0.923901098901099 0.16765109890109892 8.0 0.16140109890109894 0.0 0.0 0.0 0.0 0.0 2.5803174603174597 0.7726190476190476 0.0 0.0
6.731653066492218 19.80836437044077 15.34258088682197 53.39446834648327 2.1664959544423827 240.30385975782394 4.828065021586363 2.4756067561127657 0.3599309811123836 38.30702992404176 31.73859354257743 20.30784867424316 24.778580748209585 77.04649844236666 31.815688551088687 12.470740249459753 9.47894205987093 859.6126720196959 123.31812116839144 54.12207438731817 126.9184695715006 107.8763397707108 346.6145261316819 24.02165476511402 11.527913143474942 6.975472188855571 2.467875850898431 207.26176138055084 1.9059847483813872 17.853445003477304 4.897552795534579 0.6428571428571429 0.4837954743025738 0.05069444444444445 0.3590909090909091 0.006944444444444444 0.0 0.15398550724637683 0.8590382529823525 0.7536354617604618 0.0 0.0
0.5205874904162207 2.2889809053422314 0.20065262398476172 1.9796825742710518 0.026785714285714284 8.103615899128092 0.08848722415795586 0.025700735578784353 0.002439024390243903 1.456758043443606 0.5934303069053708 0.38015415478830106 1.013504447877041 1.9223138782285225 0.4223928970045786 0.6601459759775323 0.0980384114605212 29.366057361496146 12.302618550786438 4.122028091675202 7.543384366841793 4.6020859146822755 24.02165476511402 1.1851769271033972 0.1771374427522011 0.1056716995741386 0.01706525182134938 0.9013642583270204 0.10904201680672271 0.5940763805522209 0.4448039215686276 0.0 0.01647058823529412 0.03333333333333334 0.0 0.003663003663003663 0.0 0.017857142857142856 0.0 0.0 0.0 0.0
10.282347015729368 10.962091797091794 0.7232477399144067 68.83365899487833 8.362085936724077 120.01630503927534 55.526675799475825 1.0754726754726753 6.319634035555072 3.703694403387381 1.8696886446886447 26.80200093522462 8.40889762243928 98.64658570556796 72.23412631421742 21.45682379024486 3.8992653044311028 12.810291934659002 3.303155421198587 4.201476142147553 27.285266331403594 6.811109259806199 11.527913143474942 0.1771374427522011 261.0150389051736 27.344250609436596 14.449780561214379 1.286679292929293 59.33812593004328 5.175800612642718 5.618643616200005 0.617857142857143 2.4271839271839273 1.8693957115009747 0.25 0.0 1.6543345543345547 0.0 0.8656462585034014 4.5959340659340615 0.49230769230769234 0.0
1.6238888888888885 0.8269444444444444 0.6374269005847953 4.415973565467607 0.6593320105820105 31.3398339187931 7.15583273208273 0.49703703703703717 0.3769444444444445 0.7688805346700083 0.0 0.2634319384319384 0.03877314814814815 1.117750791307104 2.7105141386391387 1.6147222222222222 0.20515433076408685 11.39960027762134 3.2277874090163206 0.5216666666666667 1.6831165508995054 6.7089035661222765 6.975472188855571 0.1056716995741386 27.344250609436596 23.370731639146875 6.373249158249156 0.08333333333333333 1.55 1.3333333333333333 0.1 0.05000000000000001 0.08333333333333333 0.0 0.3333333333333333 0.0 0.0 0.0 0.08333333333333333 0.14603174603174604 0.0 0.0
0.09458333333333335 0.4077651515151515 0.18580542264752792 2.882779204301279 0.19516594516594518 5.487302749865507 1.7502639490139489 0.042676767676767674 1.1146464646464644 0.16666666666666666 0.0 0.026623376623376622 0.0 0.21133335386384164 0.5646374458874459 0.1625 0.048780487804878044 3.1253488299890595 0.7646695695608738 0.11342592592592592 0.33072914966297323 1.5125736860169487 2.467875850898431 0.01706525182134938 14.449780561214379 6.373249158249156 0.3983333333333333 0.04450757575757575 0.6535714285714286 0.0 0.0 0.0 0.0 0.0 0.0 0.0 0.0 0.0 0.0 0.015873015873015872 0.0 0.0
21.454325817480555 15.19869445187178 1.6183324367939758 2.6630630842587357 0.24561403508771928 82.90265925098937 0.24561403508771928 0.09245386024232179 3.182466583124478 13.69855500504723 3.519696969696971 0.36111111111111116 0.5175028918449971 6.744108132449673 1.0102759083022241 6.8182658154845095 1.2859537519690898 396.2986972212708 13.992445035302117 126.7368589632074 54.26396655845408 27.48173969750055 207.26176138055084 0.9013642583270204 1.286679292929293 0.08333333333333333 0.04450757575757575 737.5718773807644 31.86347010459923 92.21632236437766 33.94245480445798 5.83611111111111 9.1150906723147 0.9737409189946782 13.656867375049202 2.6332657157657153 0.6443556443556444 15.697675310800312 2.6151515151515152 8.443883843429296 0.8752233877233876 0.7733333333333333
37.80242228383914 37.783718688462 5.120320512820512 3.252882435025292 1.2385706591038999 4.0507144555528 16.130657125269316 0.23862789987789987 29.655383808998554 13.55351742692623 8.189088493028713 1.9764141414141414 1.7516729323308269 4.199554575779548 6.019661654135338 7.724778532338956 8.602657354163417 4.744778323227593 1.0645504272386013 6.826453520612022 3.402355142830041 0.41927050727050735 1.9059847483813872 0.10904201680672271 59.33812593004328 1.55 0.6535714285714286 31.86347010459923 1040.4615104888223 12.75403672592039 38.46645778075121 22.481677766677773 40.59682752240307 21.84287793781 7.017737974822658 14.8384161093536 17.773961963634655 0.419713974106389 7.556248997915662 5.701261476239261 2.269921561067071 1.2
16.5274178360428 6.445378771391594 6.502013765101999 2.2331830206830205 1.6748961218836562 9.216785954373455 2.3428785780240076 0.16666666666666666 1.827810754957568 6.399632036493492 1.9530414438502677 0.5546897546897547 0.39849687349687346 2.070191768227758 0.9305555555555557 1.1510792083838766 0.702236842105263 21.79803527446077 4.585733496370949 14.217011334039201 61.52623653716281 0.923901098901099 17.853445003477304 0.5940763805522209 5.175800612642718 1.3333333333333333 0.0 92.21632236437766 12.75403672592039 97.74733408207835 25.170128376234302 11.57361111111111 4.480246098439376 1.2673110564632128 0.9198412698412699 3.8135187203369005 0.7045160979371505 22.793816726645677 13.693948412698404 4.559217882763588 0.9398396463493418 0.0743801652892562
2.428048760971694 3.5807778805302033 0.07714285714285715 0.651772632129775 1.3552908587257613 6.010364201523131 1.8099399815327792 0.0 5.877010525355107 6.540731477453966 0.7613636363636364 0.09222222222222223 0.0 0.2907695374800638 0.07 0.6290629284535103 1.3561373226501454 8.627610420657993 2.447026344820159 16.017893701681658 2.526447214083769 0.16765109890109892 4.897552795534579 0.4448039215686276 5.618643616200005 0.1 0.0 33.94245480445798 38.46645778075121 25.170128376234302 128.4807814775354 20.804748307248303 31.099938380663893 9.038845314138907 17.432576157365943 3.8470793446117986 14.232390609046954 7.878350119952285 4.547823472823471 7.403316503010119 5.050028704525608 0.0
0.5587962962962962 1.758333333333333 0.0 0.19642857142857145 0.08333333333333334 1.390873015873016 1.5638888888888889 0.0 0.4654761904761905 0.0 0.0 0.0 0.0 0.25 0.0 0.4928571428571429 0.8369708994708995 1.0595238095238095 0.75 3.6992063492063494 0.6964285714285714 8.0 0.6428571428571429 0.0 0.617857142857143 0.05000000000000001 0.0 5.83611111111111 22.481677766677773 11.57361111111111 20.804748307248303 146.26291486291478 28.31643738206237 0.9248247354497356 3.630357142857143 9.984834656084658 12.23810590544462 6.499999999999999 11.392828282828281 4.511574074074074 0.11688311688311687 0.16666666666666666
0.3709479359925788 1.003784907902555 0.05333333333333334 0.15361721611721613 0.19 0.5229506126057851 0.9583333333333335 0.16666666666666669 1.1241491596638655 1.2071854912764002 0.2058080808080808 0.06555555555555556 0.0 0.005681818181818182 0.4322222222222222 0.148030303030303 0.0788888888888889 0.5212954743025737 0.5004584409655404 2.5671984714631777 1.0654977865271982 0.16140109890109894 0.4837954743025738 0.01647058823529412 2.4271839271839273 0.08333333333333333 0.0 9.1150906723147 40.59682752240307 4.480246098439376 31.099938380663893 28.31643738206237 54.844551957129475 4.6835554534313735 10.749025948007885 4.595626527164357 3.8367884811267157 2.7500384065109302 2.5785311447811443 1.6959576833320853 1.6887160347822117 0.0
3.3741419283689016 2.1462075327206906 0.1388888888888889 0.0 3.575690597106802 0.8076510721247563 3.072035626346569 0.18055555555555558 8.517564676205602 3.1189344890002784 0.9583333333333334 0.020833333333333332 0.004960317460317459 0.061220760233918134 0.13194444444444445 1.4833129058025185 1.5155382340804777 0.09455409356725147 0.05069444444444445 0.7037414965986394 0.3187134502923976 0.0 0.05069444444444445 0.03333333333333334 1.8693957115009747 0.0 0.0 0.9737409189946782 21.84287793781 1.2673110564632128 9.038845314138907 0.9248247354497356 4.6835554534313735 5.16707753298749 1.5379633980785294 3.2902332812776907 7.555238657541289 0.7135416666666666 0.03333333333333333 4.839270853415591 0.6785664080071977 0.1111111111111111
0.22705327080327078 6.218123543123544 0.16296296296296295 0.0 0.0 0.5833333333333333 0.16666666666666669 0.0 1.7519841269841268 4.09263085399449 0.045454545454545456 0.0 0.13333333333333333 0.2727272727272727 0.0 0.3287878787878788 0.19166666666666665 0.6924242424242424 0.11666666666666667 0.25 0.49242424242424243 0.0 0.3590909090909091 0.0 0.25 0.3333333333333333 0.0 13.656867375049202 7.017737974822658 0.9198412698412699 17.432576157365943 3.630357142857143 10.749025948007885 1.5379633980785294 28.868606555731144 1.0962128239121274 1.3912827368709724 12.71581740842577 4.936889907478141 7.006189207178266 1.2092142334789393 0.5333333333333334
1.4650012718762724 1.4400372775372776 0.05555555555555555 0.0 0.12142857142857144 0.1 0.36031746031746037 0.005555555555555556 8.275047452547454 1.342863155363155 3.142135642135641 0.0 0.33098845598845594 0.006944444444444444 0.05555555555555556 0.5341931216931215 2.354487179487179 0.006944444444444444 0.13881257631257632 0.9861111111111112 0.3572039072039072 0.0 0.006944444444444444 0.003663003663003663 0.0 0.0 0.0 2.6332657157657153 14.8384161093536 3.8135187203369005 3.8470793446117986 9.984834656084658 4.595626527164357 3.2902332812776907 1.0962128239121274 2.267190257529921 1.0111676721970841 3.001366819407327 0.2235039470333588 0.6478017725308746 0.40511434371728505 0.20764003673094586
6.037859204287776 3.0055357142857146 1.9420454545454542 5.7143127705627705 11.813019637526217 4.221527777777778 5.375966066097646 0.0 15.351123865691525 0.4038898601398601 0.025 2.366477272727273 7.671212121212122 0.03125 0.0 0.5838056680161944 3.379675076385603 0.321875 0.0 0.6776312576312578 0.1875 0.0 0.0 0.0 1.6543345543345547 0.0 0.0 0.6443556443556444 17.773961963634655 0.7045160979371505 14.232390609046954 12.23810590544462 3.8367884811267157 7.555238657541289 1.3912827368709724 1.0111676721970841 258.63088391399515 30.71818454625441 21.670429864253393 169.52307111222424 27.389306050178227 6.214285714285716
0.8719444444444444 13.213541666666663 0.0 0.0 0.33223684210526316 0.30000000000000004 0.20723684210526316 0.018750000000000003 0.6322535505430242 3.2529040404040406 0.25 1.0 1.0 0.3979166666666667 0.0 1.0211622807017544 0.14407894736842106 3.735235507246377 0.7968426501035196 2.4555555555555557 2.401785714285714 0.0 0.15398550724637683 0.017857142857142856 0.0 0.0 0.0 15.697675310800312 0.419713974106389 22.793816726645677 7.878350119952285 6.499999999999999 2.7500384065109302 0.7135416666666666 12.71581740842577 3.001366819407327 30.71818454625441 228.93287787330084 30.797035480859 26.750741015413034 10.053292483695929 0.38888888888888895
0.3641975308641975 0.2111111111111111 0.5185185185185185 0.49948979591836734 0.0 2.561904761904762 0.0 0.0 1.3349206349206348 0.511904761904762 0.0 0.0 0.06060606060606061 0.3119047619047619 0.3333333333333333 0.08333333333333333 0.27232643899310566 1.7017366656807655 1.4160110420979988 5.864739229024943 0.35345804988662133 2.5803174603174597 0.8590382529823525 0.0 0.8656462585034014 0.08333333333333333 0.0 2.6151515151515152 7.556248997915662 13.693948412698404 4.547823472823471 11.392828282828281 2.5785311447811443 0.03333333333333333 4.936889907478141 0.2235039470333588 21.670429864253393 30.797035480859 157.06843570761635 16.370900994430407 7.62155308277157 0.0
2.9395272881880024 2.182426948051947 0.45238095238095233 1.7397040459540458 4.337647820016241 4.606610644257703 6.3571716295400496 0.6208333333333331 82.24620128255874 7.720077133364464 1.6507305194805197 0.0 2.4569264069264065 1.6813272144522142 1.0930863254392666 0.9157241771386507 4.223604019644779 1.786503427128427 0.14720689033189033 1.6162759462759466 2.5463752913752913 0.7726190476190476 0.7536354617604618 0.0 4.5959340659340615 0.14603174603174604 0.015873015873015872 8.443883843429296 5.701261476239261 4.559217882763588 7.403316503010119 4.511574074074074 1.6959576833320853 4.839270853415591 7.006189207178266 0.6478017725308746 169.52307111222424 26.750741015413034 16.370900994430407 124.62064320970988 10.71565431765162 2.58
0.08838383838383838 1.0708333333333335 0.0 0.03125 0.6047724205618943 0.2 0.1881057538952276 0.0 3.1980149121423356 0.8101689976689977 0.0 0.0 0.0 0.04166666666666667 0.0 0.12078272604588394 0.23109638899112575 0.09166666666666667 0.0 0.03736263736263737 0.25 0.0 0.0 0.0 0.49230769230769234 0.0 0.0 0.8752233877233876 2.269921561067071 0.9398396463493418 5.050028704525608 0.11688311688311687 1.6887160347822117 0.6785664080071977 1.2092142334789393 0.40511434371728505 27.389306050178227 10.053292483695929 7.62155308277157 10.71565431765162 5.309638704400226 0.2380952380952381
0.35555555555555557 0.0 2.0 0.0 0.8472222222222223 0.0 0.35555555555555557 0.0 5.141666666666667 0.0 0.0 0.0 2.0 0.6 0.0 0.0 0.8888888888888888 0.0 0.2 0.0 1.8 0.0 0.0 0.0 0.0 0.0 0.0 0.7733333333333333 1.2 0.0743801652892562 0.0 0.16666666666666666 0.0 0.1111111111111111 0.5333333333333334 0.20764003673094586 6.214285714285716 0.38888888888888895 0.0 2.58 0.2380952380952381 0.8
