65.91925836013634 45.97553879352416 21.99458700548335 1.916123892199021 5.9976056627637195 12.302365972832046 2.4770492861338145 2.058176576509909 3.374591183447319 8.516802134995407 5.715033210253798 1.1124390886890887 1.6981874946948476 1.4491473551489686 0.6438840571193513 4.34264040005174 2.6114663940310363 5.334734506366623 2.934166797173947 9.872375561673163 2.126070518175781 1.5310884717134714 4.922824037629966 0.6000531311210067 11.893804158804159 1.1569907407407407 0.2531601731601732 10.327864071554545 16.40179541995034 1.8355123222983665 2.0009439200216312 0.5925925925925926 0.6407916859925791 1.3148092842669539 0.7534911616161615 0.17868792087542087 2.1648857219169724 2.0135706018518524 0.7388888888888888 1.2201248678222365 0.14755608974358977 0.8714285714285713
45.97553879352416 156.5892801593437 14.455521790819406 6.028388410368482 4.306557092491996 38.3076866584723 6.163663985598888 1.2663082985542877 4.760088243294615 61.7425857825235 22.21243548118548 2.884222582972583 5.592178465826035 12.764064226581365 0.947109658101929 26.0596811232362 6.660042926725696 33.143616892689984 14.837201336148807 2.122661631386086 10.72145275583549 5.524724238472725 34.06514652912336 0.8423542579983718 6.956326301339088 2.0681041181041184 0.04734848484848485 6.111651159686874 10.855180044767994 1.1819125248887346 1.4728254847645426 13.507478632478634 2.256165413533834 1.2331026096607811 14.113376389692172 0.3842592592592593 11.861146145521143 22.621481990231988 3.6486772486772487 14.084830520356837 2.351646270396271 0.6625000000000001
21.99458700548335 14.455521790819406 208.53399778220682 54.09285730492043 20.200854700854705 6.9321082225369555 9.03332924836601 3.069532574849317 1.1195065789473684 45.82182126243361 10.119917856063998 14.141217584683789 25.89237198919736 4.133682137106049 0.8968652874902875 6.271071047333544 8.33674936174936 11.545742103497702 3.483958156721637 1.863751526251526 1.2749100436600438 3.264215134280919 8.774230095431072 0.08664021164021166 1.710662475519931 0.5857699805068226 0.005681818181818182 3.2488208616780043 2.1494444444444447 5.488080808080809 0.013333333333333334 0.0 0.013333333333333334 0.0 0.05 0.0 0.296875 0.046875 0.14722222222222223 0.41468253968253965 0.03125 0.0
1.916123892199021 6.028388410368482 54.09285730492043 156.6699155461717 8.113298142130093 37.51114587748601 14.861655373706107 3.3714433986492813 2.0374142170541063 14.580405530029456 5.2117732263352865 59.90576835606707 47.93915161208647 18.777181070756104 12.293597089253524 2.8546611784329374 3.638600501261405 40.6692162745652 10.754630080333433 3.2135029962729984 6.694461383834149 51.334524281820194 35.14662498963003 1.0012328045466965 31.457842023022994 2.54758338153075 2.454748307248307 0.7644360902255639 1.7967223431385486 0.5360192413516512 0.24681770215011212 0.18518518518518517 0.5 0.006925207756232689 0.0 0.0 8.923677884615383 8.38425925925926 1.2203907203907203 2.6243839767688453 0.37099358974358976 0.9920634920634921
5.9976056627637195 4.306557092491996 20.200854700854705 8.113298142130093 54.35279056642802 22.53549258692396 22.731960295206466 0.47176434676434675 11.102721540265561 4.702291455741196 1.2501655925528103 3.452204585537919 16.42753878066378 2.3780034985021135 0.954250163870262 2.2501935210834105 7.584383828701467 3.4188624659235796 0.17698412698412697 0.7387218045112783 0.2967032967032967 0.7142857142857144 3.5617196087807224 0.07142857142857142 8.575342731515677 0.29531250000000003 0.048701298701298704 0.4797979797979799 3.191403973450378 3.2032683133271784 2.556097680405157 0.7333333333333334 0.8812121212121213 4.647794426257023 0.022727272727272724 0.0 33.58370560648954 11.192222222222222 1.1576190476190478 4.980637075956618 0.5757227237213386 0.0
12.302365972832046 38.3076866584723 6.9321082225369555 37.51114587748601 22.53549258692396 342.03702572203935 76.46188975357757 6.733553119230872 3.1702160921309113 20.22199110831267 7.9737001193251205 9.081238408389943 11.265621085973248 47.288664891866794 32.206309921568526 12.843236632822972 5.169252552813622 299.78295542938315 56.919939877099615 13.504750739680473 24.928704023412653 44.50338529403128 294.38494864726096 7.805218723600012 157.97116169002354 22.26849961428941 5.284066130066767 10.712298639735614 11.363753919170284 2.958580325894873 1.9912094138548433 0.2587301587301587 0.24848484848484853 0.35547941209298545 0.0 0.11363636363636363 6.062996031746032 0.0125 1.9231807874665017 2.111479741019215 0.0 0.4325396825396826
2.4770492861338145 6.163663985598888 9.03332924836601 14.861655373706107 22.731960295206466 76.46188975357757 39.26413813059306 1.106141570847453 7.949427806356549 7.151518043812316 1.8781582744740637 4.055959356074445 2.646461905469258 3.6045637340522743 11.547434386029334 2.974092248938251 5.785505120213012 3.7471508909414997 1.7953679433109833 3.219758601048075 0.495544733044733 5.776306543697849 3.757773967640928 0.02760532150776053 55.84911169509941 2.988239087301587 0.44628740824393 0.12962962962962965 22.172938339904075 3.6658401302964947 2.9115567027616853 0.7555555555555555 0.740909090909091 5.728108648815012 0.08522727272727272 0.2828282828282828 8.635661289695221 5.030555555555556 0.5855339105339106 5.075398110661269 0.2250952955939106 1.2876984126984126
2.058176576509909 1.2663082985542877 3.069532574849317 3.3714433986492813 0.47176434676434675 6.733553119230872 1.106141570847453 0.15253503144528788 0.125 0.6171593557957195 0.11426767676767675 1.41132576573753 0.5323236132059661 1.5380579577348197 1.0435034736505324 0.7170980979804508 0.26073758220099685 3.846498899361124 1.160010504615683 0.19803201292171882 0.4942002442002441 1.197429452592496 2.771928632886361 0.06156842818428185 0.5311447811447811 0.29713804713804715 0.021464646464646464 0.025 0.21666666666666667 0.08333333333333333 0.01388888888888889 0.0 0.08333333333333334 0.08333333333333334 0.0 0.0 0.0 0.0 0.0 0.0 0.0 0.0
3.374591183447319 4.760088243294615 1.1195065789473684 2.0374142170541063 11.102721540265561 3.1702160921309113 7.949427806356549 0.125 98.9196110378096 10.652315153627976 20.05373227440898 1.4999999999999998 25.728977747398794 1.9413532306212662 1.2323279377627203 3.86763244834575 9.52732187734592 4.506851548728279 0.36187728937728936 2.912384365147522 1.191239316239316 0.0 4.419578821455552 0.2712495837495837 6.388175407935426 0.7999999999999999 1.008695652173913 4.235474155474155 25.107970934113638 1.3221507716660053 5.829753791145761 3.0796428571428565 1.794200937950938 5.910401311138838 2.8228724053724052 3.1965548340548344 5.104888748908832 0.0 1.1888888888888889 59.64998322340437 0.5561460699964855 15.685714285714289
8.516802134995407 61.7425857825235 45.82182126243361 14.580405530029456 4.702291455741196 20.22199110831267 7.151518043812316 0.6171593557957195 10.652315153627976 230.6697634456943 129.67974870855105 13.024196779981091 15.81121575275373 12.957713950840235 4.0507144271850155 29.84966216966682 21.862803151061982 32.4610145495737 7.0028232332555325 1.6190448032359797 8.330437475993744 12.315076056987559 23.37436676850666 0.40300948354212346 8.677078767984556 1.6885787458155879 0.07022607022607022 9.023503818511935 6.042542903492601 1.1100777565092375 1.7751048456286425 6.659163059163059 2.0548677996644495 0.6250234837492454 6.532089257986384 0.47705627705627707 0.7429380175983438 2.388083964646465 2.535642135642136 3.6030718324737463 0.38886981074481075 0.05494505494505495
5.715033210253798 22.21243548118548 10.119917856063998 5.2117732263352865 1.2501655925528103 7.9737001193251205 1.8781582744740637 0.11426767676767675 20.05373227440898 129.67974870855105 119.88127723258356 16.373136585636583 38.72168044737031 5.651392043628888 2.831673191242568 9.428266272157252 48.84125535635451 18.889298641975 4.563439600792144 0.8270292207792207 4.0591081265362075 0.2777777777777778 20.941691085468292 0.2059576023391813 4.243976165742469 0.6545634920634921 0.0 1.5917832167832167 6.221931139036403 0.3088972431077694 3.721193280403807 0.7333333333333334 1.6520396270396271 0.9325966431229591 1.8142482517482517 0.45932669138410764 0.10891886645962734 0.0234375 1.063544536271809 2.847887982944375 0.15310813090418357 0.0
1.1124390886890887 2.884222582972583 14.141217584683789 59.90576835606707 3.452204585537919 9.081238408389943 4.055959356074445 1.41132576573753 1.4999999999999998 13.024196779981091 16.373136585636583 94.38204139809659 19.72013175001048 6.888679521731373 17.620395953865582 1.5698634453781515 5.6556381555820145 7.568759185603658 0.9392971593502598 0.4665836940836941 1.3316588504088507 8.936018489452279 7.079457082575591 0.11864111498257839 8.619859592820063 0.32409812409812416 0.05920462387853693 0.30000000000000004 2.850505050505051 0.0 0.0 0.1 0.15454545454545454 0.006060606060606061 0.0 0.0 0.0 0.0 0.0 0.0 0.0 0.0
1.6981874946948476 5.592178465826035 25.89237198919736 47.93915161208647 16.42753878066378 11.265621085973248 2.646461905469258 0.5323236132059661 25.728977747398794 15.81121575275373 38.72168044737031 19.72013175001048 128.27076753041544 20.2908377321087 8.115826506051508 2.727557703728096 18.179942223985066 39.1532871357278 4.103421847833417 2.9460212091864517 6.487859084356744 7.551049064270539 41.532198701887744 2.1103943027541803 12.334878397496981 1.2841791979949875 0.038636363636363635 0.42083333333333334 2.0944444444444446 0.3630174291938998 0.04166666666666667 0.03703703703703704 0.1 0.1388888888888889 0.0 0.35858585858585856 1.6237484737484742 1.6768518518518523 0.7545214045214045 0.7741758241758242 0.06794871794871796 0.0
1.4491473551489686 12.764064226581365 4.133682137106049 18.777181070756104 2.3780034985021135 47.288664891866794 3.6045637340522743 1.5380579577348197 1.9413532306212662 12.957713950840235 5.651392043628888 6.888679521731373 20.2908377321087 79.593157957755 33.726321334372756 8.703560020386693 3.295850592166613 82.27112819329545 16.064328842746445 4.062277069914597 23.934180469616667 15.617826245679622 74.98035474933428 3.221738676085838 35.55775947848935 1.8767242291948525 0.1995929859900448 3.15540471964568 0.5132937629111874 1.3283692116427983 0.043677854193191 0.5555555555555556 0.0321969696969697 0.052379753210778146 0.5795535483035483 0.14716543424677395 0.3400701992753623 0.17838541666666669 1.3528548892185257 0.8917991000227842 0.06876616621682412 1.0
0.6438840571193513 0.947109658101929 0.8968652874902875 12.293597089253524 0.954250163870262 32.206309921568526 11.547434386029334 1.0435034736505324 1.2323279377627203 4.0507144271850155 2.831673191242568 17.620395953865582 8.115826506051508 33.726321334372756 44.95668695990474 3.0197949509278863 3.0035079837397203 15.52872494057981 2.4772750372946906 0.8513583009403494 5.140128090724517 3.64093784559517 12.262508141886915 0.8040168268107086 56.047848655526515 2.903655040462004 0.9300447079048955 0.5223489872196768 7.208333333333333 1.7785947712418302 0.22222222222222224 0.04166666666666667 0.09621212121212122 0.03333333333333333 0.0 0.08829926054806438 0.0 0.0 0.23461891643709823 0.40263157894736845 0.026315789473684213 0.16666666666666669
4.34264040005174 26.0596811232362 6.271071047333544 2.8546611784329374 2.2501935210834105 12.843236632822972 2.974092248938251 0.7170980979804508 3.86763244834575 29.84966216966682 9.428266272157252 1.5698634453781515 2.727557703728096 8.703560020386693 3.0197949509278863 12.935902191665564 4.258579708180987 17.193703130669064 4.922996652553187 1.426925448207952 3.6398864630941383 2.2063826447777855 12.597882406933131 0.46678250130970433 8.949532506725228 0.7797514619883041 0.03571428571428571 3.4196198510484224 4.673868443037419 1.6589851653425023 0.627877699401244 0.9682539682539684 0.07772727272727274 1.8926202106603787 0.4867424242424243 0.20793650793650792 1.2165873153277933 0.0234375 0.5740740740740741 1.8027815751499965 0.017010041551246538 0.375
2.6114663940310363 6.660042926725696 8.33674936174936 3.638600501261405 7.584383828701467 5.169252552813622 5.785505120213012 0.26073758220099685 9.52732187734592 21.862803151061982 48.84125535635451 5.6556381555820145 18.179942223985066 3.295850592166613 3.0035079837397203 4.258579708180987 57.742279269802324 4.412601167463777 3.764482737856125 1.1492968778351558 1.5515010555244042 1.6756904881772319 3.9913799524594618 0.06576118946147336 3.1645687400287223 0.8359412944778799 1.0264759395194178 2.617216823919936 3.6799457472989756 1.1451865225930307 1.7593929173619705 1.3612433862433864 0.27954545454545454 2.220606699394791 0.30157342657342656 0.613202841815282 3.3353860513140288 1.6768518518518523 0.30375836284927193 2.564356645860406 0.6055817220637166 0.7053113553113555
5.334734506366623 33.143616892689984 11.545742103497702 40.6692162745652 3.4188624659235796 299.78295542938315 3.7471508909414997 3.846498899361124 4.506851548728279 32.4610145495737 18.889298641975 7.568759185603658 39.1532871357278 82.27112819329545 15.52872494057981 17.193703130669064 4.412601167463777 462.5420018282244 176.72190677274506 44.444243511512745 151.9815774780169 132.98327153880928 699.1157964694221 23.951655259837597 17.31305244836603 10.029529362579362 1.372992391738522 130.13825529098204 2.538618448807942 24.70482442610871 4.188240441679398 1.3333333333333335 0.1603030303030303 0.2741979350289599 0.5096969696969696 0.2 0.9217261904761906 1.8333333333333333 1.490910808767952 0.40009351029087875 0.0 0.9907407407407408
2.934166797173947 14.837201336148807 3.483958156721637 10.754630080333433 0.17698412698412697 56.919939877099615 1.7953679433109833 1.160010504615683 0.36187728937728936 7.0028232332555325 4.563439600792144 0.9392971593502598 4.103421847833417 16.064328842746445 2.4772750372946906 4.922996652553187 3.764482737856125 176.72190677274506 75.71686039495697 18.3688200566517 33.17793115271345 33.418046000986905 107.58078219827576 10.72184673200432 2.8263639748997798 6.586245048254951 0.45455989830602833 11.044936343174987 1.2668872132810765 5.1616425585567605 2.278161838161838 8.226368076368075 1.3971717171717173 0.2842690642690643 0.04639027639027639 0.40952380952380957 0.5805803571428572 1.5833333333333333 0.4895502645502646 0.6910962301587302 0.30952380952380953 1.1898148148148149
9.872375561673163 2.122661631386086 1.863751526251526 3.2135029962729984 0.7387218045112783 13.504750739680473 3.219758601048075 0.19803201292171882 2.912384365147522 1.6190448032359797 0.8270292207792207 0.4665836940836941 2.9460212091864517 4.062277069914597 0.8513583009403494 1.426925448207952 1.1492968778351558 44.444243511512745 18.3688200566517 47.82313265846268 16.00110308860644 8.690844364733298 32.432430284920656 2.5055368192849117 3.4991249526566475 0.1902777777777778 0.01388888888888889 38.27371239871242 7.871577167242799 17.659760468880528 14.54814632800597 16.198763458763455 3.0499494949494954 1.7068559101716996 1.0821708291708294 1.3667676767676766 5.194023199023199 6.383333333333335 4.097644128358415 3.6267346234012896 0.21923076923076923 0.03703703703703704
2.126070518175781 10.72145275583549 1.2749100436600438 6.694461383834149 0.2967032967032967 24.928704023412653 0.495544733044733 0.4942002442002441 1.191239316239316 8.330437475993744 4.0591081265362075 1.3316588504088507 6.487859084356744 23.934180469616667 5.140128090724517 3.6398864630941383 1.5515010555244042 151.9815774780169 33.17793115271345 16.00110308860644 72.63224429749108 9.390588860514697 105.85949430196928 6.612236953396446 13.429575484039717 0.6795686965227195 1.33125 54.54345744024885 1.3296791108788015 43.95235773417494 1.1184652287283867 0.9166666666666667 0.6287878787878788 0.1756060606060606 0.4536363636363636 0.09761904761904763 0.6785714285714285 0.08333333333333334 1.0997645211930926 0.7536796536796537 0.019841269841269844 0.01851851851851852
1.5310884717134714 5.524724238472725 3.264215134280919 51.334524281820194 0.7142857142857144 44.50338529403128 5.776306543697849 1.197429452592496 0.0 12.315076056987559 0.2777777777777778 8.936018489452279 7.551049064270539 15.617826245679622 3.64093784559517 2.2063826447777855 1.6756904881772319 132.98327153880928 33.418046000986905 8.690844364733298 9.390588860514697 107.91957623384701 101.17827804173396 3.494076860665085 8.890990162252415 5.180798131575685 1.4378621378621377 9.477331408973418 0.003333333333333333 0.4952762923351159 0.10000000000000002 1.0 0.10000000000000002 0.0 0.0 0.0 0.047619047619047616 0.0 0.03333333333333333 0.07936507936507936 0.0 1.0185185185185186
4.922824037629966 34.06514652912336 8.774230095431072 35.14662498963003 3.5617196087807224 294.38494864726096 3.757773967640928 2.771928632886361 4.419578821455552 23.37436676850666 20.941691085468292 7.079457082575591 41.532198701887744 74.98035474933428 12.262508141886915 12.597882406933131 3.9913799524594618 699.1157964694221 107.58078219827576 32.432430284920656 105.85949430196928 101.17827804173396 329.93509539605395 18.595772485135942 13.531068836480475 7.135521197541783 0.49220558595171604 74.99145420220687 2.361022489211982 14.18560473165199 2.2065684586916268 0.16666666666666669 0.14515151515151517 0.17142015725118218 0.3324242424242424 0.03333333333333334 0.7550595238095239 0.41666666666666663 1.0980536659108087 0.17065628085364928 0.0 0.125
0.6000531311210067 0.8423542579983718 0.08664021164021166 1.0012328045466965 0.07142857142857142 7.805218723600012 0.02760532150776053 0.06156842818428185 0.2712495837495837 0.40300948354212346 0.2059576023391813 0.11864111498257839 2.1103943027541803 3.221738676085838 0.8040168268107086 0.46678250130970433 0.06576118946147336 23.951655259837597 10.72184673200432 2.5055368192849117 6.612236953396446 3.494076860665085 18.595772485135942 1.1497094221717163 0.9198111937082525 0.6365863337204801 0.12333333333333335 0.42658760379909605 0.5066079963480853 2.372896825396825 0.21556537410195947 0.11172161172161173 0.0303030303030303 0.1476023976023976 0.05669330669330669 0.003968253968253969 0.125 0.0 0.04761904761904762 0.015512265512265516 0.003968253968253969 0.0
11.893804158804159 6.956326301339088 1.710662475519931 31.457842023022994 8.575342731515677 157.97116169002354 55.84911169509941 0.5311447811447811 6.388175407935426 8.677078767984556 4.243976165742469 8.619859592820063 12.334878397496981 35.55775947848935 56.047848655526515 8.949532506725228 3.1645687400287223 17.31305244836603 2.8263639748997798 3.4991249526566475 13.429575484039717 8.890990162252415 13.531068836480475 0.9198111937082525 312.5585906047219 24.460129900963235 17.832780814864147 0.21128246753246754 20.135235152568544 5.26786582900319 1.2234942419845465 0.40555555555555556 3.281818181818182 3.5227146814404438 0.06666666666666667 2.0 5.660164835164835 0.0 0.8545482295482295 2.1733342972816665 0.08376068376068377 0.0
1.1569907407407407 2.0681041181041184 0.5857699805068226 2.54758338153075 0.29531250000000003 22.26849961428941 2.988239087301587 0.29713804713804715 0.7999999999999999 1.6885787458155879 0.6545634920634921 0.32409812409812416 1.2841791979949875 1.8767242291948525 2.903655040462004 0.7797514619883041 0.8359412944778799 10.029529362579362 6.586245048254951 0.1902777777777778 0.6795686965227195 5.180798131575685 7.135521197541783 0.6365863337204801 24.460129900963235 15.287461397045698 6.354252662303487 0.041666666666666664 0.3895833333333333 0.875 0.1527777777777778 0.05000000000000001 0.0 0.0 0.0 0.0 0.0 0.0 0.0 0.1 0.0 0.0
0.2531601731601732 0.04734848484848485 0.005681818181818182 2.454748307248307 0.048701298701298704 5.284066130066767 0.44628740824393 0.021464646464646464 1.008695652173913 0.07022607022607022 0.0 0.05920462387853693 0.038636363636363635 0.1995929859900448 0.9300447079048955 0.03571428571428571 1.0264759395194178 1.372992391738522 0.45455989830602833 0.01388888888888889 1.33125 1.4378621378621377 0.49220558595171604 0.12333333333333335 17.832780814864147 6.354252662303487 0.8480158730158731 0.023674242424242424 0.1 0.0 0.0 0.0 0.0 0.0 0.0 0.0 0.0 0.0 0.0 0.0 0.0 0.0
10.327864071554545 6.111651159686874 3.2488208616780043 0.7644360902255639 0.4797979797979799 10.712298639735614 0.12962962962962965 0.025 4.235474155474155 9.023503818511935 1.5917832167832167 0.30000000000000004 0.42083333333333334 3.15540471964568 0.5223489872196768 3.4196198510484224 2.617216823919936 130.13825529098204 11.044936343174987 38.27371239871242 54.54345744024885 9.477331408973418 74.99145420220687 0.42658760379909605 0.21128246753246754 0.041666666666666664 0.023674242424242424 225.9752916003195 14.787473365379205 89.29477798888196 23.613991473740715 11.937857142857148 3.5174589139280035 1.5632299337460627 3.3719185260984137 2.5737020745085264 0.7954545454545455 17.968087121212122 10.423766233766235 7.806744391971664 0.6261363636363636 0.7125000000000001
16.40179541995034 10.855180044767994 2.1494444444444447 1.7967223431385486 3.191403973450378 11.363753919170284 22.172938339904075 0.21666666666666667 25.107970934113638 6.042542903492601 6.221931139036403 2.850505050505051 2.0944444444444446 0.5132937629111874 7.208333333333333 4.673868443037419 3.6799457472989756 2.538618448807942 1.2668872132810765 7.871577167242799 1.3296791108788015 0.003333333333333333 2.361022489211982 0.5066079963480853 20.135235152568544 0.3895833333333333 0.1 14.787473365379205 204.59579383746453 7.472004114727713 29.718059868789926 25.350317460317466 15.982042139641198 17.631242312277696 7.143161137452994 4.235679194868182 11.72470506563304 2.0000811688311684 2.9567460317460315 4.297371308914375 1.0974029125691176 2.0250000000000004
1.8355123222983665 1.1819125248887346 5.488080808080809 0.5360192413516512 3.2032683133271784 2.958580325894873 3.6658401302964947 0.08333333333333333 1.3221507716660053 1.1100777565092375 0.3088972431077694 0.0 0.3630174291938998 1.3283692116427983 1.7785947712418302 1.6589851653425023 1.1451865225930307 24.70482442610871 5.1616425585567605 17.659760468880528 43.95235773417494 0.4952762923351159 14.18560473165199 2.372896825396825 5.26786582900319 0.875 0.0 89.29477798888196 7.472004114727713 73.60823031910337 25.899789196187474 21.408939393939395 5.0498142966864155 3.7765023626553664 2.6060145929339473 2.251815738025415 2.453561535417491 8.61111111111111 6.881190476190476 1.9826127819548873 0.752770083102493 0.5
2.0009439200216312 1.4728254847645426 0.013333333333333334 0.24681770215011212 2.556097680405157 1.9912094138548433 2.9115567027616853 0.01388888888888889 5.829753791145761 1.7751048456286425 3.721193280403807 0.0 0.04166666666666667 0.043677854193191 0.22222222222222224 0.627877699401244 1.7593929173619705 4.188240441679398 2.278161838161838 14.54814632800597 1.1184652287283867 0.10000000000000002 2.2065684586916268 0.21556537410195947 1.2234942419845465 0.1527777777777778 0.0 23.613991473740715 29.718059868789926 25.899789196187474 102.88247454724204 30.853954008954002 34.82509715572275 14.396071685260251 16.40221006345919 2.533892293125899 12.26007862943459 8.49588421812106 7.921789321789321 7.962336055019463 2.3391253944578043 0.2
0.5925925925925926 13.507478632478634 0.0 0.18518518518518517 0.7333333333333334 0.2587301587301587 0.7555555555555555 0.0 3.0796428571428565 6.659163059163059 0.7333333333333334 0.1 0.03703703703703704 0.5555555555555556 0.04166666666666667 0.9682539682539684 1.3612433862433864 1.3333333333333335 8.226368076368075 16.198763458763455 0.9166666666666667 1.0 0.16666666666666669 0.11172161172161173 0.40555555555555556 0.05000000000000001 0.0 11.937857142857148 25.350317460317466 21.408939393939395 30.853954008954002 240.82341269841245 51.879521404521405 8.211749361749357 5.9433688533688525 15.612658730158735 7.57583367250034 8.346913580246914 4.613227513227514 4.160518648018647 1.17736568986569 0.0
0.6407916859925791 2.256165413533834 0.013333333333333334 0.5 0.8812121212121213 0.24848484848484853 0.740909090909091 0.08333333333333334 1.794200937950938 2.0548677996644495 1.6520396270396271 0.15454545454545454 0.1 0.0321969696969697 0.09621212121212122 0.07772727272727274 0.27954545454545454 0.1603030303030303 1.3971717171717173 3.0499494949494954 0.6287878787878788 0.10000000000000002 0.14515151515151517 0.0303030303030303 3.281818181818182 0.0 0.0 3.5174589139280035 15.982042139641198 5.0498142966864155 34.82509715572275 51.879521404521405 35.662228719942746 11.538810895380557 10.049584976595892 4.773060243319687 9.648895757020757 12.5208361813625 8.9839898989899 4.384330347682622 2.82479804917305 0.0
1.3148092842669539 1.2331026096607811 0.0 0.006925207756232689 4.647794426257023 0.35547941209298545 5.728108648815012 0.08333333333333334 5.910401311138838 0.6250234837492454 0.9325966431229591 0.006060606060606061 0.1388888888888889 0.052379753210778146 0.03333333333333333 1.8926202106603787 2.220606699394791 0.2741979350289599 0.2842690642690643 1.7068559101716996 0.1756060606060606 0.0 0.17142015725118218 0.1476023976023976 3.5227146814404438 0.0 0.0 1.5632299337460627 17.631242312277696 3.7765023626553664 14.396071685260251 8.211749361749357 11.538810895380557 6.490184106409797 1.8882982943297035 1.6211201008624256 3.1530010607659507 0.09638888888888889 1.9261904761904762 2.4387139724310773 0.725535416991442 0.30000000000000004
0.7534911616161615 14.113376389692172 0.05 0.0 0.022727272727272724 0.0 0.08522727272727272 0.0 2.8228724053724052 6.532089257986384 1.8142482517482517 0.0 0.0 0.5795535483035483 0.0 0.4867424242424243 0.30157342657342656 0.5096969696969696 0.04639027639027639 1.0821708291708294 0.4536363636363636 0.0 0.3324242424242424 0.05669330669330669 0.06666666666666667 0.0 0.0 3.3719185260984137 7.143161137452994 2.6060145929339473 16.40221006345919 5.9433688533688525 10.049584976595892 1.8882982943297035 44.64573467481975 1.8641121300434904 2.110576923076923 17.068325018061866 4.894191919191918 4.665240693649783 1.2259615384615388 1.6714285714285715
0.17868792087542087 0.3842592592592593 0.0 0.0 0.0 0.11363636363636363 0.2828282828282828 0.0 3.1965548340548344 0.47705627705627707 0.45932669138410764 0.0 0.35858585858585856 0.14716543424677395 0.08829926054806438 0.20793650793650792 0.613202841815282 0.2 0.40952380952380957 1.3667676767676766 0.09761904761904763 0.0 0.03333333333333334 0.003968253968253969 2.0 0.0 0.0 2.5737020745085264 4.235679194868182 2.251815738025415 2.533892293125899 15.612658730158735 4.773060243319687 1.6211201008624256 1.8641121300434904 1.9810393750580162 0.9558012820512822 3.75090218423552 0.4222222222222222 1.8890491452991454 0.44435541310541327 1.2000000000000002
2.1648857219169724 11.861146145521143 0.296875 8.923677884615383 33.58370560648954 6.062996031746032 8.635661289695221 0.0 5.104888748908832 0.7429380175983438 0.10891886645962734 0.0 1.6237484737484742 0.3400701992753623 0.0 1.2165873153277933 3.3353860513140288 0.9217261904761906 0.5805803571428572 5.194023199023199 0.6785714285714285 0.047619047619047616 0.7550595238095239 0.125 5.660164835164835 0.0 0.0 0.7954545454545455 11.72470506563304 2.453561535417491 12.26007862943459 7.57583367250034 9.648895757020757 3.1530010607659507 2.110576923076923 0.9558012820512822 90.19151806586105 120.28245455162114 21.10901015106897 42.62957560793718 12.17034815972739 0.0
2.0135706018518524 22.621481990231988 0.046875 8.38425925925926 11.192222222222222 0.0125 5.030555555555556 0.0 0.0 2.388083964646465 0.0234375 0.0 1.6768518518518523 0.17838541666666669 0.0 0.0234375 1.6768518518518523 1.8333333333333333 1.5833333333333333 6.383333333333335 0.08333333333333334 0.0 0.41666666666666663 0.0 0.0 0.0 0.0 17.968087121212122 2.0000811688311684 8.61111111111111 8.49588421812106 8.346913580246914 12.5208361813625 0.09638888888888889 17.068325018061866 3.75090218423552 120.28245455162114 248.00931869827696 32.334698879551816 42.92073499417251 15.017524771660794 0.0
0.7388888888888888 3.6486772486772487 0.14722222222222223 1.2203907203907203 1.1576190476190478 1.9231807874665017 0.5855339105339106 0.0 1.1888888888888889 2.535642135642136 1.063544536271809 0.0 0.7545214045214045 1.3528548892185257 0.23461891643709823 0.5740740740740741 0.30375836284927193 1.490910808767952 0.4895502645502646 4.097644128358415 1.0997645211930926 0.03333333333333333 1.0980536659108087 0.04761904761904762 0.8545482295482295 0.0 0.0 10.423766233766235 2.9567460317460315 6.881190476190476 7.921789321789321 4.613227513227514 8.9839898989899 1.9261904761904762 4.894191919191918 0.4222222222222222 21.10901015106897 32.334698879551816 126.89012271575295 13.470026378849907 10.7318913462821 0.0
1.2201248678222365 14.084830520356837 0.41468253968253965 2.6243839767688453 4.980637075956618 2.111479741019215 5.075398110661269 0.0 59.64998322340437 3.6030718324737463 2.847887982944375 0.0 0.7741758241758242 0.8917991000227842 0.40263157894736845 1.8027815751499965 2.564356645860406 0.40009351029087875 0.6910962301587302 3.6267346234012896 0.7536796536796537 0.07936507936507936 0.17065628085364928 0.015512265512265516 2.1733342972816665 0.1 0.0 7.806744391971664 4.297371308914375 1.9826127819548873 7.962336055019463 4.160518648018647 4.384330347682622 2.4387139724310773 4.665240693649783 1.8890491452991454 42.62957560793718 42.92073499417251 13.470026378849907 97.4422896875903 10.677991636851631 0.07142857142857144
0.14755608974358977 2.351646270396271 0.03125 0.37099358974358976 0.5757227237213386 0.0 0.2250952955939106 0.0 0.5561460699964855 0.38886981074481075 0.15310813090418357 0.0 0.06794871794871796 0.06876616621682412 0.026315789473684213 0.017010041551246538 0.6055817220637166 0.0 0.30952380952380953 0.21923076923076923 0.019841269841269844 0.0 0.0 0.003968253968253969 0.08376068376068377 0.0 0.0 0.6261363636363636 1.0974029125691176 0.752770083102493 2.3391253944578043 1.17736568986569 2.82479804917305 0.725535416991442 1.2259615384615388 0.44435541310541327 12.17034815972739 15.017524771660794 10.7318913462821 10.677991636851631 2.1366024402511603 0.0
0.8714285714285713 0.6625000000000001 0.0 0.9920634920634921 0.0 0.4325396825396826 1.2876984126984126 0.0 15.685714285714289 0.05494505494505495 0.0 0.0 0.0 1.0 0.16666666666666669 0.375 0.7053113553113555 0.9907407407407408 1.1898148148148149 0.03703703703703704 0.01851851851851852 1.0185185185185186 0.125 0.0 0.0 0.0 0.0 0.7125000000000001 2.0250000000000004 0.5 0.2 0.0 0.0 0.30000000000000004 1.6714285714285715 1.2000000000000002 0.0 0.0 0.0 0.07142857142857144 0.0 4.018518518518519
