42.690572586212014 41.01017246852766 15.312068418405957 1.473076384399914 1.3405237736120086 15.360383035136936 1.495869245133951 2.443858086358087 5.239360333581706 5.376748667067934 7.911112533856517 0.6923852781205723 2.3950451509275035 3.3578701004040368 3.0496959017603813 6.673638379853365 6.585140982259966 9.260967849594769 6.4605755561145015 4.915950960156143 2.116209285967689 1.7466179815538294 6.391604062510388 0.29253154253154245 5.111463046757164 1.4425925925925924 0.21333333333333337 37.59579786285143 24.867876054921503 4.372519841269841 1.7486083234946868 1.7291666666666665 0.26078869047619047 0.2690007716049383 0.33573412698412697 0.11564832123544246 0.37155225726654295 3.4918849206349236 0.7948475686570924 0.6084224359600301 0.0 0.7061224489795919
41.01017246852766 171.1939968745067 8.775707175125941 3.6580881554901166 1.2093152680652681 21.87431134858934 5.016862407744759 1.014016179898533 5.991669917200102 52.832162492554644 23.70142327035708 2.1043878833584717 5.629926690049236 10.396713913373512 3.382923109444603 30.02866079238508 22.395241365388415 26.60295240947123 13.082922777192206 7.0148645279824295 9.886537061866013 4.138981808789502 28.150229804332966 1.652290314461367 10.155455122219822 0.8466402116402117 0.041666666666666664 31.078702570577562 33.72202718577717 7.280500980500983 4.311041422028264 9.089780219780218 1.4779700197463355 1.3225799663299662 6.4149898347266765 0.6156084656084657 5.122222222222224 43.91148885836386 17.03015873015873 2.879175692728324 1.625611888111888 0.508843537414966
15.312068418405957 8.775707175125941 115.43558519424501 48.7003159528237 6.29899669044406 8.16969013818844 4.24333405786966 1.8155144880257996 1.5229612492770386 30.221115863649416 10.130123990216871 12.95650405909307 13.676713129300847 2.37179451131657 2.462213864352022 10.818616250593802 9.01172433804013 10.76609097950538 2.129597813025953 4.194435911116583 0.3578227328227329 2.8612831612831577 5.818788932423926 0.24490740740740743 1.2016959891959895 0.015873015873015876 0.005681818181818182 0.4262901285222714 1.6136362400710775 0.776664673046252 0.11240601503759398 0.0 0.0 0.30173814165042234 0.05476190476190477 0.022574955908289243 0.49404761904761907 0.052083333333333336 0.007142857142857144 0.6041666666666667 0.020833333333333336 1.0
1.473076384399914 3.6580881554901166 48.7003159528237 148.26814986312576 2.2125629771463107 39.18578946378324 7.61774328884623 2.1766457141070146 3.3798845488262788 20.59484125207344 9.581953665744301 92.33347444832475 41.888343144960835 11.801588609201318 24.15665328866182 1.813092544710192 3.377815968713182 39.474939278647845 10.139039432062443 2.943974899983303 3.4886904004623744 44.725690096974304 30.130602477705125 0.4094044022179911 14.457232072244079 1.703068483803778 0.31211940836940844 1.906029496818971 0.9538461538461538 2.0917781713236256 0.24027777777777776 0.38888888888888884 0.15555555555555556 0.0 0.0 0.7305194805194805 1.3339285714285716 0.0 2.4254689754689758 1.5954826971274343 0.4169642857142858 0.0
1.3405237736120086 1.2093152680652681 6.29899669044406 2.2125629771463107 24.397857101573894 18.641971885582834 13.444609857195204 0.24823787323787327 4.781230286204973 2.678993316624895 2.3206095596133185 6.215215648548982 3.8501984126984135 1.4722603785103787 2.3473497580850524 0.6806350305588532 2.288306043940281 3.994352869352868 0.2965811965811966 2.0747755972098076 0.7504828504828505 0.25 3.6523885836385825 0.0 11.433353401999227 0.3843051046176046 0.14285714285714285 0.0 1.107520995471134 1.1841470452446907 1.8759831696466045 0.30000000000000004 0.18333333333333335 3.0373961218836554 0.0 0.16666666666666669 9.906823775639563 0.0 0.0 2.493565369467626 0.22672064777327938 0.0
15.360383035136936 21.87431134858934 8.16969013818844 39.18578946378324 18.641971885582834 216.70510807919823 91.63815712514285 2.5706330639362314 3.3587541408826227 11.637758791315573 2.493286966301672 12.026756176061689 13.135106006423332 52.062609639642986 33.84136069577697 11.18622098328309 3.309303946175754 215.89069742920404 37.91016982221425 16.790862015551074 18.54537285353116 43.50419348783591 141.88445205576147 4.969308239619261 136.4561321783432 26.15041388227479 3.568489410747789 13.154610840983018 13.882198963880832 4.6441645276310055 4.1143926736032 2.688888888888889 0.4449074074074074 1.3224884877249488 11.083531746031747 1.0465050783891363 5.133257575757575 0.6568452380952383 1.3556895485466915 1.6942401458190939 0.2181818181818182 0.44209956709956705
1.495869245133951 5.016862407744759 4.24333405786966 7.61774328884623 13.444609857195204 91.63815712514285 38.63061483437061 0.864228930111283 6.554734306342274 3.881162628794207 1.3830800932813314 7.5869409648795845 2.328463804713805 3.7503904978936946 10.29303717512477 1.313428001548419 3.7248093793837245 7.1323540634202365 2.790493966817495 4.993536721706228 1.2344932844932843 4.063492063492064 6.488737116641529 0.023809523809523808 56.73522040770054 4.535823262385763 0.15072463768115946 0.5 12.758906403435489 2.0206480199035615 1.4754050197263493 1.5555555555555556 2.033333333333333 2.325407817790089 9.420634920634921 2.4949494949494953 3.9129480680138573 0.15000000000000002 0.16565656565656567 3.211011181800657 0.17372919478182638 0.051948051948051945
2.443858086358087 1.014016179898533 1.8155144880257996 2.1766457141070146 0.24823787323787327 2.5706330639362314 0.864228930111283 0.04562638216484371 0.038461538461538464 1.1027168242385634 0.2141448768622682 0.9418539865134291 0.5622664286750974 0.3401667769570583 0.23921054435760317 0.38783347371582677 0.1542818292818293 1.0367953489446704 0.3275349261095868 0.05508752685223274 0.07356532356532358 0.16600760350760352 0.7656776594446278 0.0 1.586797461797462 0.14748677248677247 0.003787878787878788 0.0125 0.25277777777777777 0.5025252525252525 0.01388888888888889 0.0 0.08333333333333334 0.09722222222222224 0.0 0.21010101010101012 0.030303030303030307 0.0 0.007575757575757576 0.05844155844155845 0.015151515151515154 0.0
5.239360333581706 5.991669917200102 1.5229612492770386 3.3798845488262788 4.781230286204973 3.3587541408826227 6.554734306342274 0.038461538461538464 78.48286449274947 5.959633535661842 13.835786927203634 2.6023313810372635 15.268573958509021 0.9254976669021291 2.4905267079467843 4.865647756367976 9.69345674100077 1.056039136302294 0.7054843304843305 1.9898554077501454 2.9101467236467236 0.07761904761904762 1.1033274960906538 0.0 3.26616336473087 0.0125 0.041786561264822136 3.9879304029304032 19.936153805342933 0.9409510618651892 5.089951317324776 2.3476190476190477 4.000820707070707 5.068247822506825 1.783809523809524 3.1758162796799163 4.720901454435286 0.0 0.1212121212121212 45.174760120831536 0.7391437144726617 9.616666666666667
5.376748667067934 52.832162492554644 30.221115863649416 20.59484125207344 2.678993316624895 11.637758791315573 3.881162628794207 1.1027168242385634 5.959633535661842 124.0730107766516 62.80698345544597 21.56391046501245 17.56956177941026 14.867801723994084 2.0702095127095124 30.94403780862984 14.2908064551583 32.387546261437656 5.806566358657183 1.7879938768325498 5.6568997221314135 10.514624866965523 20.781312735258034 1.5429590900191443 7.526127483627477 0.33749059002818405 0.04060340244550771 8.850445179820175 4.269212899673426 1.5204771570800277 1.847146727597495 7.059523809523809 1.1608144414065467 0.7587719298245615 2.930358831055425 0.29876283846872087 0.696948051948052 0.9219877344877344 0.0 4.730895243264768 0.2907056179115003 0.0
7.911112533856517 23.70142327035708 10.130123990216871 9.581953665744301 2.3206095596133185 2.493286966301672 1.3830800932813314 0.2141448768622682 13.835786927203634 62.80698345544597 95.30818309756529 9.440963097360155 42.65681182985013 9.43133664198158 10.17506210915847 7.674431048276368 52.674679385670956 17.8891415158623 1.9077190827553472 0.37585403726708094 5.210412202531766 1.0191484871880425 15.146765523710084 0.335144927536232 2.007008547008547 0.0 0.0 2.1167790542790543 6.126063556326713 0.2781954887218045 0.3596184136229903 0.5 0.19740259740259739 0.7500341763499658 0.2 0.14285714285714288 0.6081168831168831 0.15 0.0 2.275581561295847 0.3098484848484849 0.0
0.6923852781205723 2.1043878833584717 12.95650405909307 92.33347444832475 6.215215648548982 12.026756176061689 7.5869409648795845 0.9418539865134291 2.6023313810372635 21.56391046501245 9.440963097360155 94.37886447633886 24.283875097670947 7.1784969758165875 35.99231849343785 0.803455457940752 5.266480522926741 8.29593790783679 1.1733706897677485 1.8650635965341849 1.0287635327635327 11.992068019126844 6.155492886429202 0.012667440960123889 13.196769581520938 0.1461550024050024 0.18570245937637242 1.8866666666666667 1.5222222222222221 0.7838383838383838 0.3944444444444445 2.033333333333333 0.788888888888889 0.0 0.0 0.07142857142857144 0.04166666666666667 0.0 0.0 0.08035714285714288 0.020833333333333336 0.0
2.3950451509275035 5.629926690049236 13.676713129300847 41.888343144960835 3.8501984126984135 13.135106006423332 2.328463804713805 0.5622664286750974 15.268573958509021 17.56956177941026 42.65681182985013 24.283875097670947 92.18276108832933 10.856429318816927 15.026921925826741 2.298677927918124 9.850129155561527 21.27163060624637 3.357977254570908 2.102787638559697 2.3510030150161705 5.094889075570895 19.120780276149915 0.6855594952698609 10.517370204892476 0.0 0.0 1.0775 0.8535996326905416 0.3360881542699724 0.40261707988980716 2.0555555555555554 0.5363636363636364 0.03636363636363637 0.0 0.32042502951593865 0.1090909090909091 0.0 0.0 0.32727272727272727 0.012121212121212121 4.0
3.3578701004040368 10.396713913373512 2.37179451131657 11.801588609201318 1.4722603785103787 52.062609639642986 3.7503904978936946 0.3401667769570583 0.9254976669021291 14.867801723994084 9.43133664198158 7.1784969758165875 10.856429318816927 50.13202775721187 29.44972212062651 11.094619007700967 2.9733993473670046 47.20331584296831 8.834864250877207 3.765018710420485 13.708862896833608 16.615171861507672 40.83805327166509 1.9525413734866086 27.75278519369012 2.114045394533199 0.0625 3.6786074291562088 1.2536782661782662 0.1527777777777778 0.4224982746721877 1.0555555555555554 0.03194444444444445 0.05208333333333333 0.0 0.0 0.0 0.0 0.0 0.8714546418493787 0.0 0.0
3.0496959017603813 3.382923109444603 2.462213864352022 24.15665328866182 2.3473497580850524 33.84136069577697 10.29303717512477 0.23921054435760317 2.4905267079467843 2.0702095127095124 10.17506210915847 35.99231849343785 15.026921925826741 29.44972212062651 51.78533159288745 4.683963633463068 7.160687850348302 24.065247877638562 1.8313363454496099 1.5442619517641143 3.0435432208400446 5.119723174979204 21.4895194915926 0.4925786019536019 44.66320797888314 1.863201613201613 0.8698046366109026 1.6627185314685315 1.8984182484182486 0.1111111111111111 0.0808080808080808 2.0 0.0 0.0 0.0 0.0 0.020833333333333336 0.0 0.0 0.1392461704961705 0.010416666666666668 0.0
6.673638379853365 30.02866079238508 10.818616250593802 1.813092544710192 0.6806350305588532 11.18622098328309 1.313428001548419 0.38783347371582677 4.865647756367976 30.94403780862984 7.674431048276368 0.803455457940752 2.298677927918124 11.094619007700967 4.683963633463068 8.462666067179299 7.850183531337189 12.28619170360655 4.676303690503858 2.5715035567383344 2.056399582386425 1.7060940021516948 8.68744668406356 0.40370370370370384 16.121825696090404 1.688941798941799 0.0 4.350405497280496 10.328819753311912 0.5858729528397112 0.8951056791777006 2.5476190476190474 0.0 1.3509702008432392 0.23690476190476192 0.7930335097001764 0.42816657027183347 0.035416666666666666 0.0 1.5072223828802782 0.024291497975708502 4.511904761904762
6.585140982259966 22.395241365388415 9.01172433804013 3.377815968713182 2.288306043940281 3.309303946175754 3.7248093793837245 0.1542818292818293 9.69345674100077 14.2908064551583 52.674679385670956 5.266480522926741 9.850129155561527 2.9733993473670046 7.160687850348302 7.850183531337189 39.39640274265044 2.9934599572624507 1.276410228283403 2.145482534688247 3.204317031207275 0.6119742142980339 3.3266125947611536 0.019690801960284415 5.3375872074785065 0.08014509203533594 0.0161945542380325 1.5647587371977616 6.6333417355531825 0.7278819307039521 1.151035140153601 3.2857142857142865 0.3751082251082251 1.4382669992365285 0.564583782230841 0.2347432306255836 1.1162401633454262 1.8214285714285712 6.0017636684303355 1.4483869005828323 0.5656902952568588 1.4666666666666666
9.260967849594769 26.60295240947123 10.76609097950538 39.474939278647845 3.994352869352868 215.89069742920404 7.1323540634202365 1.0367953489446704 1.056039136302294 32.387546261437656 17.8891415158623 8.29593790783679 21.27163060624637 47.20331584296831 24.065247877638562 12.28619170360655 2.9934599572624507 376.55280639111385 171.1378207445002 40.0384782714088 75.60339395712484 94.05291651757649 495.08157329183706 15.545680131747426 12.165452528112608 13.73411840586509 1.8844225219225217 50.40447208740077 2.6742582994798316 10.140446990669881 4.170555555555556 0.7777777777777777 0.14 0.19534353193773485 0.6238095238095238 0.512163386801068 0.4357142857142857 1.2029977570738446 2.927498513678638 0.5210550414497783 0.06666666666666667 2.7895502645502646
6.4605755561145015 13.082922777192206 2.129597813025953 10.139039432062443 0.2965811965811966 37.91016982221425 2.790493966817495 0.3275349261095868 0.7054843304843305 5.806566358657183 1.9077190827553472 1.1733706897677485 3.357977254570908 8.834864250877207 1.8313363454496099 4.676303690503858 1.276410228283403 171.1378207445002 62.381354174720805 13.787563563039415 27.08815085154275 32.0218899008815 111.63626116556289 10.284727203121971 1.2018330937645674 3.9132633869194016 0.5456041181041181 10.129216949612625 2.353517149210732 1.6230507891363866 2.367746031746032 0.5 0.17885714285714288 0.4435951997546201 0.6222629222629222 0.3457497682135363 0.1875 0.22561680469289164 0.4085453768683583 0.008928571428571428 0.049450549450549455 0.9215419501133786
4.915950960156143 7.0148645279824295 4.194435911116583 2.943974899983303 2.0747755972098076 16.790862015551074 4.993536721706228 0.05508752685223274 1.9898554077501454 1.7879938768325498 0.37585403726708094 1.8650635965341849 2.102787638559697 3.765018710420485 1.5442619517641143 2.5715035567383344 2.145482534688247 40.0384782714088 13.787563563039415 33.43277412775848 11.716061884467102 10.18551631934024 24.99801738617936 1.1517790144779931 3.168896759558525 0.4370965608465609 0.07055555555555557 28.03092347467348 5.250415711643781 2.6832497476329715 7.175351841141313 4.838095238095239 1.2060210622710623 0.8206793247363422 0.4722222222222222 0.4751543209876543 0.19188811188811192 3.0736111111111115 3.073885109599395 0.6611821511821513 0.4686091686091686 0.1031746031746032
2.116209285967689 9.886537061866013 0.3578227328227329 3.4886904004623744 0.7504828504828505 18.54537285353116 1.2344932844932843 0.07356532356532358 2.9101467236467236 5.6568997221314135 5.210412202531766 1.0287635327635327 2.3510030150161705 13.708862896833608 3.0435432208400446 2.056399582386425 3.204317031207275 75.60339395712484 27.08815085154275 11.716061884467102 48.64095448092341 7.1405390474623225 52.36706044014143 4.4727413545965184 5.408581476640622 0.97976046828988 0.14829365079365078 17.173659605327842 2.269231980541504 18.954812734031435 2.0662457425615317 0.05555555555555555 0.15830280830280832 0.6014889431556097 0.03333333333333333 0.24753086419753084 0.12707292707292708 0.736607142857143 0.2641723356009071 1.8782342657342657 0.3623251748251748 2.0
1.7466179815538294 4.138981808789502 2.8612831612831577 44.725690096974304 0.25 43.50419348783591 4.063492063492064 0.16600760350760352 0.07761904761904762 10.514624866965523 1.0191484871880425 11.992068019126844 5.094889075570895 16.615171861507672 5.119723174979204 1.7060940021516948 0.6119742142980339 94.05291651757649 32.0218899008815 10.18551631934024 7.1405390474623225 81.75632564341163 65.34061092353389 2.5648533632707666 3.6457612741536543 6.461075989151233 1.0384711779448623 9.568923218594273 0.3795080898704088 0.4303030303030303 0.15000000000000002 5.333333333333333 0.15000000000000002 0.06810252281266774 0.037037037037037035 0.027241009125067096 0.04761904761904762 0.01662784679089027 0.5734989648033126 0.19047619047619047 0.02380952380952381 0.0634920634920635
6.391604062510388 28.150229804332966 5.818788932423926 30.130602477705125 3.6523885836385825 141.88445205576147 6.488737116641529 0.7656776594446278 1.1033274960906538 20.781312735258034 15.146765523710084 6.155492886429202 19.120780276149915 40.83805327166509 21.4895194915926 8.68744668406356 3.3266125947611536 495.08157329183706 111.63626116556289 24.99801738617936 52.36706044014143 65.34061092353389 189.2107189280643 11.699883094143347 9.39210224938419 4.1208733327469 0.6016050616050617 32.675661871301074 2.4306024448674557 7.7807372551893135 3.73868253968254 0.6111111111111112 0.024000000000000004 0.2840713902308105 0.3333333333333333 0.5647973872611555 0.4357142857142857 1.0113310904071777 2.2411228523029765 0.5210550414497783 0.06666666666666667 0.17037037037037037
0.29253154253154245 1.652290314461367 0.24490740740740743 0.4094044022179911 0.0 4.969308239619261 0.023809523809523808 0.0 0.0 1.5429590900191443 0.335144927536232 0.012667440960123889 0.6855594952698609 1.9525413734866086 0.4925786019536019 0.40370370370370384 0.019690801960284415 15.545680131747426 10.284727203121971 1.1517790144779931 4.4727413545965184 2.5648533632707666 11.699883094143347 0.6920849995395241 0.2455571544857259 0.21401084010840113 0.07333333333333335 0.5875385735054725 0.10204081632653063 0.4163888888888889 0.24801587301587305 0.5 0.003968253968253969 0.003968253968253969 0.4532967032967033 0.0 0.0 0.12500000000000003 0.0 0.0 0.04120879120879121 0.0
5.111463046757164 10.155455122219822 1.2016959891959895 14.457232072244079 11.433353401999227 136.4561321783432 56.73522040770054 1.586797461797462 3.26616336473087 7.526127483627477 2.007008547008547 13.196769581520938 10.517370204892476 27.75278519369012 44.66320797888314 16.121825696090404 5.3375872074785065 12.165452528112608 1.2018330937645674 3.168896759558525 5.408581476640622 3.6457612741536543 9.39210224938419 0.2455571544857259 193.44293517807105 21.073237269266684 7.478201058201057 1.215954415954416 16.530276760276767 4.0121758712667805 0.896296296296296 1.4944444444444447 3.6074074074074076 4.5 5.059259259259259 4.916666666666666 0.9322939560439558 0.2 0.14285714285714288 2.254879827774565 0.03418803418803419 0.015873015873015876
1.4425925925925924 0.8466402116402117 0.015873015873015876 1.703068483803778 0.3843051046176046 26.15041388227479 4.535823262385763 0.14748677248677247 0.0125 0.33749059002818405 0.0 0.1461550024050024 0.0 2.114045394533199 1.863201613201613 1.688941798941799 0.08014509203533594 13.73411840586509 3.9132633869194016 0.4370965608465609 0.97976046828988 6.461075989151233 4.1208733327469 0.21401084010840113 21.073237269266684 21.321215364800896 4.183373015873016 0.04583333333333333 2.93 0.3333333333333333 0.1873015873015873 0.0 0.0 0.0 0.009259259259259259 0.045454545454545456 0.0 0.0 0.009090909090909092 0.025 0.0 0.015873015873015876
0.21333333333333337 0.041666666666666664 0.005681818181818182 0.31211940836940844 0.14285714285714285 3.568489410747789 0.15072463768115946 0.003787878787878788 0.041786561264822136 0.04060340244550771 0.0 0.18570245937637242 0.0 0.0625 0.8698046366109026 0.0 0.0161945542380325 1.8844225219225217 0.5456041181041181 0.07055555555555557 0.14829365079365078 1.0384711779448623 0.6016050616050617 0.07333333333333335 7.478201058201057 4.183373015873016 1.1813492063492064 0.032407407407407406 0.6474074074074075 0.007407407407407405 0.02328042328042328 0.0 0.007407407407407405 0.0 0.0 0.0 0.0 0.0 0.0 0.0 0.0 0.0
37.59579786285143 31.078702570577562 0.4262901285222714 1.906029496818971 0.0 13.154610840983018 0.5 0.0125 3.9879304029304032 8.850445179820175 2.1167790542790543 1.8866666666666667 1.0775 3.6786074291562088 1.6627185314685315 4.350405497280496 1.5647587371977616 50.40447208740077 10.129216949612625 28.03092347467348 17.173659605327842 9.568923218594273 32.675661871301074 0.5875385735054725 1.215954415954416 0.04583333333333333 0.032407407407407406 230.13971512909984 33.046772718022716 47.095330410330426 17.46185378218273 12.338333333333333 7.711933045025151 0.7525757575757577 8.045819122398068 1.1585990860990862 0.6146645021645021 13.972438973063975 10.494973544973545 6.068030303030302 0.5582653457653458 6.533333333333334
24.867876054921503 33.72202718577717 1.6136362400710775 0.9538461538461538 1.107520995471134 13.882198963880832 12.758906403435489 0.25277777777777777 19.936153805342933 4.269212899673426 6.126063556326713 1.5222222222222221 0.8535996326905416 1.2536782661782662 1.8984182484182486 10.328819753311912 6.6333417355531825 2.6742582994798316 2.353517149210732 5.250415711643781 2.269231980541504 0.3795080898704088 2.4306024448674557 0.10204081632653063 16.530276760276767 2.93 0.6474074074074075 33.046772718022716 204.47567854333585 6.204431480082454 29.90527720747245 16.555138888888887 14.587312546383544 14.288033312781705 8.657602671451352 6.545910968343564 7.664797161902425 1.6042478354978356 3.027976992143659 6.076767267819899 1.9856551343393452 8.92222222222222
4.372519841269841 7.280500980500983 0.776664673046252 2.0917781713236256 1.1841470452446907 4.6441645276310055 2.0206480199035615 0.5025252525252525 0.9409510618651892 1.5204771570800277 0.2781954887218045 0.7838383838383838 0.3360881542699724 0.1527777777777778 0.1111111111111111 0.5858729528397112 0.7278819307039521 10.140446990669881 1.6230507891363866 2.6832497476329715 18.954812734031435 0.4303030303030303 7.7807372551893135 0.4163888888888889 4.0121758712667805 0.3333333333333333 0.007407407407407405 47.095330410330426 6.204431480082454 59.24781702728382 13.637058955203006 2.1333333333333333 1.1144300144300143 1.024272853185595 5.612115662115662 0.5422222222222223 1.2087140929246194 4.584126984126984 5.579100529100529 1.6391212296475453 0.2487661461345672 0.5277777777777778
1.7486083234946868 4.311041422028264 0.11240601503759398 0.24027777777777776 1.8759831696466045 4.1143926736032 1.4754050197263493 0.01388888888888889 5.089951317324776 1.847146727597495 0.3596184136229903 0.3944444444444445 0.40261707988980716 0.4224982746721877 0.0808080808080808 0.8951056791777006 1.151035140153601 4.170555555555556 2.367746031746032 7.175351841141313 2.0662457425615317 0.15000000000000002 3.73868253968254 0.24801587301587305 0.896296296296296 0.1873015873015873 0.02328042328042328 17.46185378218273 29.90527720747245 13.637058955203006 72.47995586831523 9.776836962057551 29.965417140575944 4.491687078644519 7.77098921388782 2.9839349571567064 5.01071764492817 4.075707735247208 4.1319191919191915 4.372034925285699 0.7596566445250655 0.8
1.7291666666666665 9.089780219780218 0.0 0.38888888888888884 0.30000000000000004 2.688888888888889 1.5555555555555556 0.0 2.3476190476190477 7.059523809523809 0.5 2.033333333333333 2.0555555555555554 1.0555555555555554 2.0 2.5476190476190474 3.2857142857142865 0.7777777777777777 0.5 4.838095238095239 0.05555555555555555 5.333333333333333 0.6111111111111112 0.5 1.4944444444444447 0.0 0.0 12.338333333333333 16.555138888888887 2.1333333333333333 9.776836962057551 147.05312409812402 10.0 0.1354978354978355 6.866125834949365 6.054117647058825 12.494191919191918 6.830303030303031 20.673571428571424 2.275913547237077 0.28473120017237663 0.0
0.26078869047619047 1.4779700197463355 0.0 0.15555555555555556 0.18333333333333335 0.4449074074074074 2.033333333333333 0.08333333333333334 4.000820707070707 1.1608144414065467 0.19740259740259739 0.788888888888889 0.5363636363636364 0.03194444444444445 0.0 0.0 0.3751082251082251 0.14 0.17885714285714288 1.2060210622710623 0.15830280830280832 0.15000000000000002 0.024000000000000004 0.003968253968253969 3.6074074074074076 0.0 0.007407407407407405 7.711933045025151 14.587312546383544 1.1144300144300143 29.965417140575944 10.0 38.72222691742372 2.1535199884878193 7.9894157970870445 2.6287795769224758 1.658631993006993 3.357678286625655 5.049603174603175 2.924633875183411 1.0864706984192278 0.0
0.2690007716049383 1.3225799663299662 0.30173814165042234 0.0 3.0373961218836554 1.3224884877249488 2.325407817790089 0.09722222222222224 5.068247822506825 0.7587719298245615 0.7500341763499658 0.0 0.03636363636363637 0.05208333333333333 0.0 1.3509702008432392 1.4382669992365285 0.19534353193773485 0.4435951997546201 0.8206793247363422 0.6014889431556097 0.06810252281266774 0.2840713902308105 0.003968253968253969 4.5 0.0 0.0 0.7525757575757577 14.288033312781705 1.024272853185595 4.491687078644519 0.1354978354978355 2.1535199884878193 5.390811960085427 0.7559375 1.1827484918630753 3.0911946934644297 0.31224415204678363 0.15595238095238095 3.9612659453119976 0.47241300366300365 0.4
0.33573412698412697 6.4149898347266765 0.05476190476190477 0.0 0.0 11.083531746031747 9.420634920634921 0.0 1.783809523809524 2.930358831055425 0.2 0.0 0.0 0.0 0.0 0.23690476190476192 0.564583782230841 0.6238095238095238 0.6222629222629222 0.4722222222222222 0.03333333333333333 0.037037037037037035 0.3333333333333333 0.4532967032967033 5.059259259259259 0.009259259259259259 0.0 8.045819122398068 8.657602671451352 5.612115662115662 7.77098921388782 6.866125834949365 7.9894157970870445 0.7559375 29.948455507985305 0.8386235093452586 2.350767288267288 10.878788998525843 2.456613756613757 5.803260280024984 1.1933091146326442 0.8119047619047619
0.11564832123544246 0.6156084656084657 0.022574955908289243 0.7305194805194805 0.16666666666666669 1.0465050783891363 2.4949494949494953 0.21010101010101012 3.1758162796799163 0.29876283846872087 0.14285714285714288 0.07142857142857144 0.32042502951593865 0.0 0.0 0.7930335097001764 0.2347432306255836 0.512163386801068 0.3457497682135363 0.4751543209876543 0.24753086419753084 0.027241009125067096 0.5647973872611555 0.0 4.916666666666666 0.045454545454545456 0.0 1.1585990860990862 6.545910968343564 0.5422222222222223 2.9839349571567064 6.054117647058825 2.6287795769224758 1.1827484918630753 0.8386235093452586 0.40533326525054475 0.48564282939282943 1.0362129504673365 0.25793650793650796 1.096387637035212 0.20736396410416016 1.6
0.37155225726654295 5.122222222222224 0.49404761904761907 1.3339285714285716 9.906823775639563 5.133257575757575 3.9129480680138573 0.030303030303030307 4.720901454435286 0.696948051948052 0.6081168831168831 0.04166666666666667 0.1090909090909091 0.0 0.020833333333333336 0.42816657027183347 1.1162401633454262 0.4357142857142857 0.1875 0.19188811188811192 0.12707292707292708 0.04761904761904762 0.4357142857142857 0.0 0.9322939560439558 0.0 0.0 0.6146645021645021 7.664797161902425 1.2087140929246194 5.01071764492817 12.494191919191918 1.658631993006993 3.0911946934644297 2.350767288267288 0.48564282939282943 33.40448996989771 18.008257853257856 7.591514041514042 11.88349500986611 5.207385033713473 0.0
3.4918849206349236 43.91148885836386 0.052083333333333336 0.0 0.0 0.6568452380952383 0.15000000000000002 0.0 0.0 0.9219877344877344 0.15 0.0 0.0 0.0 0.0 0.035416666666666666 1.8214285714285712 1.2029977570738446 0.22561680469289164 3.0736111111111115 0.736607142857143 0.01662784679089027 1.0113310904071777 0.12500000000000003 0.2 0.0 0.0 13.972438973063975 1.6042478354978356 4.584126984126984 4.075707735247208 6.830303030303031 3.357678286625655 0.31224415204678363 10.878788998525843 1.0362129504673365 18.008257853257856 165.56628224764202 17.60833333333333 12.122283422798771 6.400961962420296 0.0
0.7948475686570924 17.03015873015873 0.007142857142857144 2.4254689754689758 0.0 1.3556895485466915 0.16565656565656567 0.007575757575757576 0.1212121212121212 0.0 0.0 0.0 0.0 0.0 0.0 0.0 6.0017636684303355 2.927498513678638 0.4085453768683583 3.073885109599395 0.2641723356009071 0.5734989648033126 2.2411228523029765 0.0 0.14285714285714288 0.009090909090909092 0.0 10.494973544973545 3.027976992143659 5.579100529100529 4.1319191919191915 20.673571428571424 5.049603174603175 0.15595238095238095 2.456613756613757 0.25793650793650796 7.591514041514042 17.60833333333333 103.46761148904008 3.72809829059829 4.922876330019187 0.0
0.6084224359600301 2.879175692728324 0.6041666666666667 1.5954826971274343 2.493565369467626 1.6942401458190939 3.211011181800657 0.05844155844155845 45.174760120831536 4.730895243264768 2.275581561295847 0.08035714285714288 0.32727272727272727 0.8714546418493787 0.1392461704961705 1.5072223828802782 1.4483869005828323 0.5210550414497783 0.008928571428571428 0.6611821511821513 1.8782342657342657 0.19047619047619047 0.5210550414497783 0.0 2.254879827774565 0.025 0.0 6.068030303030302 6.076767267819899 1.6391212296475453 4.372034925285699 2.275913547237077 2.924633875183411 3.9612659453119976 5.803260280024984 1.096387637035212 11.88349500986611 12.122283422798771 3.72809829059829 50.473903064125246 4.759864486191438 0.2
0.0 1.625611888111888 0.020833333333333336 0.4169642857142858 0.22672064777327938 0.2181818181818182 0.17372919478182638 0.015151515151515154 0.7391437144726617 0.2907056179115003 0.3098484848484849 0.020833333333333336 0.012121212121212121 0.0 0.010416666666666668 0.024291497975708502 0.5656902952568588 0.06666666666666667 0.049450549450549455 0.4686091686091686 0.3623251748251748 0.02380952380952381 0.06666666666666667 0.04120879120879121 0.03418803418803419 0.0 0.0 0.5582653457653458 1.9856551343393452 0.2487661461345672 0.7596566445250655 0.28473120017237663 1.0864706984192278 0.47241300366300365 1.1933091146326442 0.20736396410416016 5.207385033713473 6.400961962420296 4.922876330019187 4.759864486191438 0.7920155094461053 0.0
0.7061224489795919 0.508843537414966 1.0 0.0 0.0 0.44209956709956705 0.051948051948051945 0.0 9.616666666666667 0.0 0.0 0.0 4.0 0.0 0.0 4.511904761904762 1.4666666666666666 2.7895502645502646 0.9215419501133786 0.1031746031746032 2.0 0.0634920634920635 0.17037037037037037 0.0 0.015873015873015876 0.015873015873015876 0.0 6.533333333333334 8.92222222222222 0.5277777777777778 0.8 0.0 0.0 0.4 0.8119047619047619 1.6 0.0 0.0 0.0 0.2 0.0 9.0
