104.94061714377399 112.18141940090261 40.406599285563765 3.858288172351471 10.617259056732737 14.695092087041852 6.808770758229401 6.203381839202912 12.711730063866423 12.241735251885084 13.27401448157474 1.4830760885714445 3.2306911929444837 2.1497901391185827 1.539160168645814 8.612004190578753 5.801417736440721 7.619668153848738 5.213644539004403 13.890017720115761 2.4667102314896416 5.904205875674108 6.628873493124409 0.5205874904162207 3.758766429648783 1.6238888888888885 0.09458333333333335 19.025754388909135 34.08813656955343 7.782626169376128 2.428048760971694 0.5587962962962962 0.3709479359925788 3.3741419283689016 0.22705327080327078 1.4650012718762724 6.00214491857349 0.8719444444444444 0.3641975308641975 2.9395272881880024 0.08838383838383838 0.35555555555555557
112.18141940090261 315.665805759533 80.68038717212475 4.1632256534473076 36.059004281537185 17.257675207324887 25.442180857820368 3.115408109047813 9.536114434133975 86.44477902129506 30.891738044847823 2.577011147893501 6.483393882979017 13.06125717913666 4.482340802725333 42.3462239798091 12.757976446978946 30.100417661258163 15.801473174087276 9.925123196263458 16.804238360355004 8.07809634435196 19.27895260573489 2.2889809053422314 6.36239614960203 0.8269444444444444 0.4077651515151515 15.19869445187178 37.533718688462 6.445378771391594 3.5807778805302033 1.758333333333333 1.003784907902555 2.1462075327206906 6.218123543123544 1.4400372775372776 3.0055357142857146 13.213541666666663 0.2111111111111111 2.182426948051947 1.0708333333333335 0.0
40.406599285563765 80.68038717212475 182.27745056507067 96.50342050880533 33.65525568181817 14.413631680951239 15.101529359121267 9.669056992529837 1.5171079620045784 37.20214599290032 14.43861896962732 20.153764261791213 43.11274171702769 9.351270353774696 3.737139351958017 12.443856399310253 13.040573885748417 20.34148105595799 4.821157148196693 1.158874013116095 1.3477790351093513 13.289016724041662 14.020358664599755 0.20065262398476172 0.5732477399144066 0.6374269005847953 0.18580542264752792 1.6183324367939758 5.120320512820512 5.845763765101999 0.07714285714285715 0.0 0.05333333333333334 0.1388888888888889 0.16296296296296295 0.05555555555555555 1.9420454545454542 0.0 0.5185185185185185 0.45238095238095233 0.0 2.0
3.858288172351471 4.1632256534473076 96.50342050880533 253.89599124601534 19.455631873637827 56.63814453985927 26.764024804171864 4.452916261298616 2.100188583346478 30.980681650862973 13.42208110537479 99.16781514089236 62.71491280978581 22.562188676964183 29.42106168076222 4.338255449083455 9.200977112051767 66.49807856686306 12.167650875022906 3.3829621307454647 9.160165143784349 100.27607177406385 45.51298686500179 1.9796825742710518 29.372351875053937 4.756251343245385 2.8758347598568346 2.6630630842587357 1.568816500959358 2.2331830206830205 0.651772632129775 0.19642857142857145 0.15361721611721613 0.0 0.0 0.0 5.7143127705627705 0.0 0.49948979591836734 1.7397040459540458 0.03125 0.0
10.617259056732737 36.059004281537185 33.65525568181817 19.455631873637827 41.99749190542288 30.03119418620719 22.976992821832667 0.6527236652236652 18.145357471915148 3.8014544884939614 3.6240337043908473 3.267627665544332 10.343734217171717 1.5786386980465925 3.676886370483185 1.032670492019523 10.347933649914252 2.2752356857150087 0.18688672438672438 0.47023809523809523 0.27546189190926035 1.260714285714286 2.1664959544423827 0.026785714285714284 8.418752603390745 0.6593320105820105 0.19516594516594518 0.24561403508771928 3.0719039924372336 1.8155211218836562 1.3552908587257613 0.08333333333333334 0.19 3.575690597106802 0.0 0.12142857142857144 11.590797415303994 0.33223684210526316 0.0 4.217647820016244 0.6047724205618943 0.8472222222222223
14.695092087041852 17.257675207324887 14.413631680951239 56.63814453985927 30.03119418620719 364.18703271511566 128.72894852333798 7.7140474068114875 5.192560007072384 7.407593724741442 3.903287040187194 9.98593270843803 15.196148022274416 66.35646834577025 60.398450817938226 9.492459580512891 8.221155255515502 284.57123456109696 51.93746546557756 20.04553905141013 19.681703337508903 65.61999668648704 196.08296107570274 7.425996851509047 121.1891666765487 32.89400058545978 5.660146572709331 23.91286333262166 4.717381122219467 8.737194117638762 6.010364201523131 1.390873015873016 0.5229506126057851 0.8076510721247563 0.5833333333333333 0.1 4.221527777777778 0.30000000000000004 2.561904761904762 4.786610644257702 0.2 0.0
6.808770758229401 25.442180857820368 15.101529359121267 26.764024804171864 22.976992821832667 128.72894852333798 69.60200518438546 1.8791343613803504 5.25442136541513 4.403719625317922 1.4215686274509804 7.189579354469062 3.2254536170528816 7.530236055203488 14.644034849273817 1.804897014207345 8.864793777419935 4.705398259706172 3.3560557960557964 2.3297817460317463 1.6987164151637846 5.244903870639163 4.828065021586363 0.08848722415795586 55.60727103757105 7.15583273208273 1.7502639490139489 0.24561403508771928 15.797323791935984 2.3897535780240076 1.8099399815327792 1.5638888888888889 0.9583333333333335 3.072035626346569 0.16666666666666669 0.36031746031746037 5.375966066097646 0.20723684210526316 0.0 6.117171629540049 0.1881057538952276 0.35555555555555557
6.203381839202912 3.115408109047813 9.669056992529837 4.452916261298616 0.6527236652236652 7.7140474068114875 1.8791343613803504 0.5059503649247236 0.7756089743589745 1.701484644168468 1.610053650340028 0.9394899762546821 1.1614575969839127 3.6161360106597673 1.8809611337052934 1.3007458459296692 0.4632332385697372 2.725765959654322 0.8458299912525619 0.13592173851789238 0.44090087974703335 0.6632783882783883 2.4756067561127657 0.025700735578784353 1.0754726754726753 0.49703703703703717 0.042676767676767674 0.5924538602423217 0.23862789987789987 0.16666666666666666 0.0 0.0 0.16666666666666669 0.18055555555555558 0.0 0.005555555555555556 0.0 0.018750000000000003 0.0 0.6208333333333331 0.0 0.0
12.711730063866423 9.536114434133975 1.5171079620045784 2.100188583346478 18.145357471915148 5.192560007072384 5.25442136541513 0.7756089743589745 146.24184152041028 9.547804253479695 18.804945285223646 2.08767094017094 28.084281142833763 1.7408908146958675 4.046545436356361 4.321915760679357 17.75185560011095 1.6600881923222266 0.5171477480852481 2.8246825396825397 2.7594691857849756 0.19523809523809527 0.3599309811123836 0.002439024390243903 6.376300702221739 0.3769444444444445 1.1146464646464644 3.182466583124478 29.488717142331886 1.827810754957568 5.877010525355107 0.4654761904761905 1.1241491596638655 8.517564676205602 1.7519841269841268 8.275047452547454 15.351123865691525 0.6322535505430242 1.3349206349206348 82.12620128255875 3.1980149121423356 5.141666666666667
12.241735251885084 86.44477902129506 37.20214599290032 30.980681650862973 3.8014544884939614 7.407593724741442 4.403719625317922 1.701484644168468 9.547804253479695 227.19703556216874 136.92585816326303 10.65966508851663 23.013646964986815 14.55066249309963 4.466338392723859 47.574109874848 22.515097950024792 29.49445788158551 8.539240369937781 2.478075764105174 17.346845923610086 10.820140145391662 22.446735806394692 1.456758043443606 3.5728610700540484 0.7688805346700083 0.16666666666666666 13.69855500504723 13.386850760259563 6.399632036493492 6.540731477453966 0.0 1.2071854912764002 3.1189344890002784 4.09263085399449 1.342863155363155 0.3288898601398601 3.2529040404040406 0.511904761904762 7.300077133364467 0.8101689976689977 0.0
13.27401448157474 30.891738044847823 14.43861896962732 13.42208110537479 3.6240337043908473 3.903287040187194 1.4215686274509804 1.610053650340028 18.804945285223646 136.92585816326303 251.43538409859485 20.284209369062303 44.038197490194115 11.24970667259746 2.1380563668848716 16.014297827436796 62.50879266896098 39.41353397870619 2.57631611664498 1.1092836257309944 8.25803862030642 2.7538613433350285 26.513103346499072 0.5934303069053708 1.8696886446886447 0.0 0.0 3.519696969696971 8.147421826362045 1.9530414438502677 0.7613636363636364 0.0 0.2058080808080808 0.9583333333333334 0.045454545454545456 3.142135642135641 0.0 0.25 0.0 1.5507305194805199 0.0 0.0
1.4830760885714445 2.577011147893501 20.153764261791213 99.16781514089236 3.267627665544332 9.98593270843803 7.189579354469062 0.9394899762546821 2.08767094017094 10.65966508851663 20.284209369062303 160.0979442987544 37.66636140876618 7.027921476505007 41.29983433414806 1.0985625159154573 12.504121849787287 7.336324003735114 0.8383006003658178 0.571962481962482 1.7353155178155182 14.055425054721727 11.731459785354271 0.38015415478830106 7.628199042672727 0.2634319384319384 0.026623376623376622 0.36111111111111116 1.4764141414141414 0.5546897546897547 0.09222222222222223 0.0 0.06555555555555556 0.020833333333333332 0.0 0.0 2.366477272727273 1.0 0.0 0.0 0.0 0.0
3.2306911929444837 6.483393882979017 43.11274171702769 62.71491280978581 10.343734217171717 15.196148022274416 3.2254536170528816 1.1614575969839127 28.084281142833763 23.013646964986815 44.038197490194115 37.66636140876618 177.88711657280305 19.718963640435117 14.27673510154706 3.9988400523907055 14.243628997623132 21.79539788109677 2.631891978928095 1.3798568382924599 3.5908186420467043 8.51677470358364 23.114807600061432 0.9301711145437075 7.475385328632871 0.03877314814814815 0.0 0.5175028918449971 1.7516729323308269 0.39849687349687346 0.0 0.0 0.0 0.004960317460317459 0.13333333333333333 0.33098845598845594 7.671212121212122 1.0 0.06060606060606061 2.4569264069264065 0.0 2.0
2.1497901391185827 13.06125717913666 9.351270353774696 22.562188676964183 1.5786386980465925 66.35646834577025 7.530236055203488 3.6161360106597673 1.7408908146958675 14.55066249309963 11.24970667259746 7.027921476505007 19.718963640435117 97.6846245163116 86.36044155839562 9.356053578933857 1.41249121437339 69.37532032564123 11.678416199905673 4.26229393330783 16.924528904089414 15.675601307077482 65.48950410228406 1.7348138782285223 38.04716700975214 1.117750791307104 0.21133335386384164 6.744108132449673 0.614389740614712 2.070191768227758 0.2907695374800638 0.3611111111111111 0.005681818181818182 0.061220760233918134 0.2727272727272727 0.006944444444444444 0.03125 0.3979166666666667 0.3119047619047619 1.6813272144522142 0.04166666666666667 0.6
1.539160168645814 4.482340802725333 3.737139351958017 29.42106168076222 3.676886370483185 60.398450817938226 14.644034849273817 1.8809611337052934 4.046545436356361 4.466338392723859 2.1380563668848716 41.29983433414806 14.27673510154706 86.36044155839562 115.93679902902807 9.923291208044082 2.367568423327984 31.807860222501336 3.058899606110937 3.5615975579456722 4.218942224929061 3.3971080339103588 28.081022175797308 0.4223928970045786 62.25467459763327 2.7105141386391387 0.5646374458874459 1.0102759083022241 5.769661654135338 0.9305555555555557 0.07 0.0 0.4322222222222222 0.13194444444444445 0.0 0.05555555555555556 0.0 0.0 0.3333333333333333 1.0930863254392666 0.0 0.0
8.612004190578753 42.3462239798091 12.443856399310253 4.338255449083455 1.032670492019523 9.492459580512891 1.804897014207345 1.3007458459296692 4.321915760679357 47.574109874848 16.014297827436796 1.0985625159154573 3.9988400523907055 9.356053578933857 9.923291208044082 15.300025235046471 6.3278866237067115 17.51094081714262 5.42459343272089 2.4793938934312205 5.907903098202659 3.1735581990473305 12.411916720047989 0.6601459759775323 21.421459644586594 1.6147222222222222 0.1625 6.8182658154845095 7.724778532338956 1.1510792083838766 0.6290629284535103 0.4928571428571429 0.148030303030303 1.4833129058025185 0.3287878787878788 0.5341931216931215 0.5838056680161944 1.0211622807017544 0.08333333333333333 0.9157241771386507 0.12078272604588394 0.0
5.801417736440721 12.757976446978946 13.040573885748417 9.200977112051767 10.347933649914252 8.221155255515502 8.864793777419935 0.4632332385697372 17.75185560011095 22.515097950024792 62.50879266896098 12.504121849787287 14.243628997623132 1.41249121437339 2.367568423327984 6.3278866237067115 94.85603543157353 6.489545377541769 2.8849428343249732 0.7035076009419142 0.8256517035624543 2.465227224758097 9.422998003926876 0.0980384114605212 3.9559319710977703 0.20515433076408685 0.048780487804878044 1.2859537519690898 4.9300383065443745 0.749111842105263 1.3561373226501454 0.8369708994708995 0.0788888888888889 1.5155382340804777 0.19166666666666665 2.354487179487179 3.3439607906713174 0.14407894736842106 0.27232643899310566 4.10360401964478 0.23109638899112575 0.8888888888888888
7.619668153848738 30.100417661258163 20.34148105595799 66.49807856686306 2.2752356857150087 284.57123456109696 4.705398259706172 2.725765959654322 1.6600881923222266 29.49445788158551 39.41353397870619 7.336324003735114 21.79539788109677 69.37532032564123 31.807860222501336 17.51094081714262 6.489545377541769 468.7440119653193 196.89264451074584 63.01176353904393 141.53733678526018 147.12803079138786 648.1566486616396 26.6385312545621 12.714028734351682 11.806544722065786 3.1252517048919346 95.88749421374769 4.722800301249571 19.33362975516803 8.645106082890498 1.3928571428571428 0.49931745232455177 0.09455409356725147 0.6924242424242424 0.006944444444444444 0.321875 3.735235507246377 1.7017366656807655 1.786503427128427 0.09166666666666667 0.0
5.213644539004403 15.801473174087276 4.821157148196693 12.167650875022906 0.18688672438672438 51.93746546557756 3.3560557960557964 0.8458299912525619 0.5171477480852481 8.539240369937781 2.57631611664498 0.8383006003658178 2.631891978928095 11.678416199905673 3.058899606110937 5.42459343272089 2.8849428343249732 196.89264451074584 92.56288313267378 33.02274538953621 37.23743692797798 44.63747865524605 124.09413606358397 11.795224022799804 3.308257753506801 3.2611207423496538 0.7680932292345335 14.080164333547732 1.100264712952887 4.673452794616562 2.4645702044692817 0.75 0.5004584409655404 0.05069444444444445 0.11666666666666667 0.13881257631257632 0.0 0.7968426501035196 1.4160110420979988 0.14720689033189033 0.0 0.2
13.890017720115761 9.925123196263458 1.158874013116095 3.3829621307454647 0.47023809523809523 20.04553905141013 2.3297817460317463 0.13592173851789238 2.8246825396825397 2.478075764105174 1.1092836257309944 0.571962481962482 1.3798568382924599 4.26229393330783 3.5615975579456722 2.4793938934312205 0.7035076009419142 63.01176353904393 33.02274538953621 71.07427406520725 20.97904752593895 15.208360684662074 49.19521990373423 4.015449144306778 4.19830737464055 0.5216666666666667 0.12384259259259259 42.18298141218694 5.719310663469166 13.074154191182055 14.875036558824515 3.8103174603174605 1.4243413286060345 0.7037414965986394 0.25 0.9861111111111112 0.6776312576312578 2.4555555555555557 5.864739229024943 1.6162759462759466 0.03736263736263737 0.0
2.4667102314896416 16.804238360355004 1.3477790351093513 9.160165143784349 0.27546189190926035 19.681703337508903 1.6987164151637846 0.44090087974703335 2.7594691857849756 17.346845923610086 8.25803862030642 1.7353155178155182 3.5908186420467043 16.924528904089414 4.218942224929061 5.907903098202659 0.8256517035624543 141.53733678526018 37.23743692797798 20.97904752593895 79.5645736545562 12.312521641524249 116.85622839858306 7.350662980041455 15.197576025169 2.023394328677283 0.3550347052185288 47.39435681982153 2.7210364615113614 62.50887169648969 2.5352191439083307 0.6964285714285714 1.0654977865271982 0.3187134502923976 0.49242424242424243 0.3572039072039072 0.1875 2.401785714285714 0.35345804988662133 2.5463752913752913 0.25 1.8
5.904205875674108 8.07809634435196 13.289016724041662 100.27607177406385 1.260714285714286 65.61999668648704 5.244903870639163 0.6632783882783883 0.19523809523809527 10.820140145391662 2.7538613433350285 14.055425054721727 8.51677470358364 15.675601307077482 3.3971080339103588 3.1735581990473305 2.465227224758097 147.12803079138786 44.63747865524605 15.208360684662074 12.312521641524249 227.31454151131348 108.26515743452846 4.694678507274867 6.811109259806199 6.7089035661222765 1.5125736860169487 19.76745398321485 0.32036940836940836 0.8250000000000002 0.06875000000000002 10.222222222222221 0.06250000000000001 0.0 0.0 0.0 0.0 0.0 2.5803174603174597 0.7726190476190476 0.0 0.0
6.628873493124409 19.27895260573489 14.020358664599755 45.51298686500179 2.1664959544423827 196.08296107570274 4.828065021586363 2.4756067561127657 0.3599309811123836 22.446735806394692 26.513103346499072 11.731459785354271 23.114807600061432 65.48950410228406 28.081022175797308 12.411916720047989 9.422998003926876 648.1566486616396 124.09413606358397 49.19521990373423 116.85622839858306 108.26515743452846 270.5570995157308 20.7656828909842 11.431649943167628 7.44074996663335 2.467778725801306 65.59341551588598 1.8840067264033653 16.674753769898853 4.915048457767083 0.753968253968254 0.4618174523245518 0.05069444444444445 0.3590909090909091 0.006944444444444444 0.0 0.15398550724637683 0.8590382529823525 0.7536354617604618 0.0 0.0
0.5205874904162207 2.2889809053422314 0.20065262398476172 1.9796825742710518 0.026785714285714284 7.425996851509047 0.08848722415795586 0.025700735578784353 0.002439024390243903 1.456758043443606 0.5934303069053708 0.38015415478830106 0.9301711145437075 1.7348138782285223 0.4223928970045786 0.6601459759775323 0.0980384114605212 26.6385312545621 11.795224022799804 4.015449144306778 7.350662980041455 4.694678507274867 20.7656828909842 1.1541096756414086 0.1771374427522011 0.1056716995741386 0.01706525182134938 0.9013642583270204 0.10904201680672271 0.5940763805522209 0.4448039215686276 0.1111111111111111 0.01647058823529412 0.03333333333333334 0.0 0.003663003663003663 0.0 0.017857142857142856 0.0 0.0 0.0 0.0
3.758766429648783 6.36239614960203 0.5732477399144066 29.372351875053937 8.418752603390745 121.1891666765487 55.60727103757105 1.0754726754726753 6.376300702221739 3.5728610700540484 1.8696886446886447 7.628199042672727 7.475385328632871 38.04716700975214 62.25467459763327 21.421459644586594 3.9559319710977703 12.714028734351682 3.308257753506801 4.19830737464055 15.197576025169 6.811109259806199 11.431649943167628 0.1771374427522011 227.7660802336064 29.908139498325486 14.596308338992158 1.286679292929293 48.19289615981344 5.175800612642718 5.588340585896975 0.617857142857143 2.1544566544566544 1.8693957115009747 0.25 0.0 1.606715506715507 0.0 0.8656462585034014 4.709267399267396 0.49230769230769234 0.0
1.6238888888888885 0.8269444444444444 0.6374269005847953 4.756251343245385 0.6593320105820105 32.89400058545978 7.15583273208273 0.49703703703703717 0.3769444444444445 0.7688805346700083 0.0 0.2634319384319384 0.03877314814814815 1.117750791307104 2.7105141386391387 1.6147222222222222 0.20515433076408685 11.806544722065786 3.2611207423496538 0.5216666666666667 2.023394328677283 6.7089035661222765 7.44074996663335 0.1056716995741386 29.908139498325486 24.273509416924654 6.713526936026935 0.08333333333333333 1.55 1.3333333333333333 0.1 0.05000000000000001 0.08333333333333333 0.0 0.3333333333333333 0.0 0.0 0.0 0.08333333333333333 0.14603174603174604 0.0 0.0
0.09458333333333335 0.4077651515151515 0.18580542264752792 2.8758347598568346 0.19516594516594518 5.660146572709331 1.7502639490139489 0.042676767676767674 1.1146464646464644 0.16666666666666666 0.0 0.026623376623376622 0.0 0.21133335386384164 0.5646374458874459 0.1625 0.048780487804878044 3.1252517048919346 0.7680932292345335 0.12384259259259259 0.3550347052185288 1.5125736860169487 2.467778725801306 0.01706525182134938 14.596308338992158 6.713526936026935 0.4052777777777778 0.04450757575757575 0.6535714285714286 0.0 0.0 0.0 0.0 0.0 0.0 0.0 0.0 0.0 0.0 0.015873015873015872 0.0 0.0
19.025754388909135 15.19869445187178 1.6183324367939758 2.6630630842587357 0.24561403508771928 23.91286333262166 0.24561403508771928 0.5924538602423217 3.182466583124478 13.69855500504723 3.519696969696971 0.36111111111111116 0.5175028918449971 6.744108132449673 1.0102759083022241 6.8182658154845095 1.2859537519690898 95.88749421374769 14.080164333547732 42.18298141218694 47.39435681982153 19.76745398321485 65.59341551588598 0.9013642583270204 1.286679292929293 0.08333333333333333 0.04450757575757575 329.24417956478925 29.765725743696972 86.41517664293112 32.3710262330294 5.83611111111111 7.543662100886125 0.9737409189946782 13.656867375049202 2.6332657157657153 0.6443556443556444 15.697675310800312 2.6151515151515152 8.443883843429296 0.8752233877233876 0.7733333333333333
34.08813656955343 37.533718688462 5.120320512820512 1.568816500959358 3.0719039924372336 4.717381122219467 15.797323791935984 0.23862789987789987 29.488717142331886 13.386850760259563 8.147421826362045 1.4764141414141414 1.7516729323308269 0.614389740614712 5.769661654135338 7.724778532338956 4.9300383065443745 4.722800301249571 1.100264712952887 5.719310663469166 2.7210364615113614 0.32036940836940836 1.8840067264033653 0.10904201680672271 48.19289615981344 1.55 0.6535714285714286 29.765725743696972 338.39023652468995 12.280352515394073 36.237020551313925 21.815011100011105 20.531892457468008 21.84287793781 7.017737974822658 14.921749442686934 6.20655318194018 0.419713974106389 7.556248997915662 5.284594809572593 2.2282548944004046 1.2
7.782626169376128 6.445378771391594 5.845763765101999 2.2331830206830205 1.8155211218836562 8.737194117638762 2.3897535780240076 0.16666666666666666 1.827810754957568 6.399632036493492 1.9530414438502677 0.5546897546897547 0.39849687349687346 2.070191768227758 0.9305555555555557 1.1510792083838766 0.749111842105263 19.33362975516803 4.673452794616562 13.074154191182055 62.50887169648969 0.8250000000000002 16.674753769898853 0.5940763805522209 5.175800612642718 1.3333333333333333 0.0 86.41517664293112 12.280352515394073 98.18483408207834 25.170128376234302 11.57361111111111 4.480246098439376 1.2673110564632128 0.9198412698412699 3.8135187203369005 0.7045160979371505 22.46048339331234 13.693948412698404 4.559217882763588 0.9398396463493418 0.0743801652892562
2.428048760971694 3.5807778805302033 0.07714285714285715 0.651772632129775 1.3552908587257613 6.010364201523131 1.8099399815327792 0.0 5.877010525355107 6.540731477453966 0.7613636363636364 0.09222222222222223 0.0 0.2907695374800638 0.07 0.6290629284535103 1.3561373226501454 8.645106082890498 2.4645702044692817 14.875036558824515 2.5352191439083307 0.06875000000000002 4.915048457767083 0.4448039215686276 5.588340585896975 0.1 0.0 32.3710262330294 36.237020551313925 25.170128376234302 123.48078147753542 20.804748307248303 31.099938380663893 9.038845314138907 17.432576157365943 3.8470793446117986 14.21940359605994 7.878350119952285 4.547823472823471 7.403316503010119 5.050028704525608 0.0
0.5587962962962962 1.758333333333333 0.0 0.19642857142857145 0.08333333333333334 1.390873015873016 1.5638888888888889 0.0 0.4654761904761905 0.0 0.0 0.0 0.0 0.3611111111111111 0.0 0.4928571428571429 0.8369708994708995 1.3928571428571428 0.75 3.8103174603174605 0.6964285714285714 10.222222222222221 0.753968253968254 0.1111111111111111 0.617857142857143 0.05000000000000001 0.0 5.83611111111111 21.815011100011105 11.57361111111111 20.804748307248303 147.92958152958147 28.31643738206237 0.9248247354497356 3.630357142857143 9.984834656084658 12.23810590544462 6.499999999999999 11.392828282828281 4.511574074074074 0.11688311688311687 0.16666666666666666
0.3709479359925788 1.003784907902555 0.05333333333333334 0.15361721611721613 0.19 0.5229506126057851 0.9583333333333335 0.16666666666666669 1.1241491596638655 1.2071854912764002 0.2058080808080808 0.06555555555555556 0.0 0.005681818181818182 0.4322222222222222 0.148030303030303 0.0788888888888889 0.49931745232455177 0.5004584409655404 1.4243413286060345 1.0654977865271982 0.06250000000000001 0.4618174523245518 0.01647058823529412 2.1544566544566544 0.08333333333333333 0.0 7.543662100886125 20.531892457468008 4.480246098439376 31.099938380663893 28.31643738206237 54.844551957129475 4.6835554534313735 10.749025948007885 4.595626527164357 3.7199053642435986 2.7500384065109302 2.5785311447811443 1.6959576833320853 1.6887160347822117 0.0
3.3741419283689016 2.1462075327206906 0.1388888888888889 0.0 3.575690597106802 0.8076510721247563 3.072035626346569 0.18055555555555558 8.517564676205602 3.1189344890002784 0.9583333333333334 0.020833333333333332 0.004960317460317459 0.061220760233918134 0.13194444444444445 1.4833129058025185 1.5155382340804777 0.09455409356725147 0.05069444444444445 0.7037414965986394 0.3187134502923976 0.0 0.05069444444444445 0.03333333333333334 1.8693957115009747 0.0 0.0 0.9737409189946782 21.84287793781 1.2673110564632128 9.038845314138907 0.9248247354497356 4.6835554534313735 5.16707753298749 1.5379633980785294 3.2902332812776907 7.555238657541289 0.7135416666666666 0.03333333333333333 4.839270853415591 0.6785664080071977 0.1111111111111111
0.22705327080327078 6.218123543123544 0.16296296296296295 0.0 0.0 0.5833333333333333 0.16666666666666669 0.0 1.7519841269841268 4.09263085399449 0.045454545454545456 0.0 0.13333333333333333 0.2727272727272727 0.0 0.3287878787878788 0.19166666666666665 0.6924242424242424 0.11666666666666667 0.25 0.49242424242424243 0.0 0.3590909090909091 0.0 0.25 0.3333333333333333 0.0 13.656867375049202 7.017737974822658 0.9198412698412699 17.432576157365943 3.630357142857143 10.749025948007885 1.5379633980785294 28.834564687776233 1.0962128239121274 1.3912827368709724 12.71581740842577 4.936889907478141 7.033693232943162 1.2092142334789393 0.5333333333333334
1.4650012718762724 1.4400372775372776 0.05555555555555555 0.0 0.12142857142857144 0.1 0.36031746031746037 0.005555555555555556 8.275047452547454 1.342863155363155 3.142135642135641 0.0 0.33098845598845594 0.006944444444444444 0.05555555555555556 0.5341931216931215 2.354487179487179 0.006944444444444444 0.13881257631257632 0.9861111111111112 0.3572039072039072 0.0 0.006944444444444444 0.003663003663003663 0.0 0.0 0.0 2.6332657157657153 14.921749442686934 3.8135187203369005 3.8470793446117986 9.984834656084658 4.595626527164357 3.2902332812776907 1.0962128239121274 2.267190257529921 1.0111676721970841 3.001366819407327 0.2235039470333588 0.6478017725308746 0.40511434371728505 0.20764003673094586
6.00214491857349 3.0055357142857146 1.9420454545454542 5.7143127705627705 11.590797415303994 4.221527777777778 5.375966066097646 0.0 15.351123865691525 0.3288898601398601 0.0 2.366477272727273 7.671212121212122 0.03125 0.0 0.5838056680161944 3.3439607906713174 0.321875 0.0 0.6776312576312578 0.1875 0.0 0.0 0.0 1.606715506715507 0.0 0.0 0.6443556443556444 6.20655318194018 0.7045160979371505 14.21940359605994 12.23810590544462 3.7199053642435986 7.555238657541289 1.3912827368709724 1.0111676721970841 259.3469836872378 30.71818454625441 21.670429864253393 169.15164254079565 27.246448907321085 6.214285714285716
0.8719444444444444 13.213541666666663 0.0 0.0 0.33223684210526316 0.30000000000000004 0.20723684210526316 0.018750000000000003 0.6322535505430242 3.2529040404040406 0.25 1.0 1.0 0.3979166666666667 0.0 1.0211622807017544 0.14407894736842106 3.735235507246377 0.7968426501035196 2.4555555555555557 2.401785714285714 0.0 0.15398550724637683 0.017857142857142856 0.0 0.0 0.0 15.697675310800312 0.419713974106389 22.46048339331234 7.878350119952285 6.499999999999999 2.7500384065109302 0.7135416666666666 12.71581740842577 3.001366819407327 30.71818454625441 225.2662112066341 30.797035480859 29.31324101541303 9.990792483695929 0.38888888888888895
0.3641975308641975 0.2111111111111111 0.5185185185185185 0.49948979591836734 0.0 2.561904761904762 0.0 0.0 1.3349206349206348 0.511904761904762 0.0 0.0 0.06060606060606061 0.3119047619047619 0.3333333333333333 0.08333333333333333 0.27232643899310566 1.7017366656807655 1.4160110420979988 5.864739229024943 0.35345804988662133 2.5803174603174597 0.8590382529823525 0.0 0.8656462585034014 0.08333333333333333 0.0 2.6151515151515152 7.556248997915662 13.693948412698404 4.547823472823471 11.392828282828281 2.5785311447811443 0.03333333333333333 4.936889907478141 0.2235039470333588 21.670429864253393 30.797035480859 157.06843570761635 16.370900994430407 7.62155308277157 0.0
2.9395272881880024 2.182426948051947 0.45238095238095233 1.7397040459540458 4.217647820016244 4.786610644257702 6.117171629540049 0.6208333333333331 82.12620128255875 7.300077133364467 1.5507305194805199 0.0 2.4569264069264065 1.6813272144522142 1.0930863254392666 0.9157241771386507 4.10360401964478 1.786503427128427 0.14720689033189033 1.6162759462759466 2.5463752913752913 0.7726190476190476 0.7536354617604618 0.0 4.709267399267396 0.14603174603174604 0.015873015873015872 8.443883843429296 5.284594809572593 4.559217882763588 7.403316503010119 4.511574074074074 1.6959576833320853 4.839270853415591 7.033693232943162 0.6478017725308746 169.15164254079565 29.31324101541303 16.370900994430407 125.44468105189988 10.77815431765162 2.58
0.08838383838383838 1.0708333333333335 0.0 0.03125 0.6047724205618943 0.2 0.1881057538952276 0.0 3.1980149121423356 0.8101689976689977 0.0 0.0 0.0 0.04166666666666667 0.0 0.12078272604588394 0.23109638899112575 0.09166666666666667 0.0 0.03736263736263737 0.25 0.0 0.0 0.0 0.49230769230769234 0.0 0.0 0.8752233877233876 2.2282548944004046 0.9398396463493418 5.050028704525608 0.11688311688311687 1.6887160347822117 0.6785664080071977 1.2092142334789393 0.40511434371728505 27.246448907321085 9.990792483695929 7.62155308277157 10.77815431765162 5.309638704400226 0.2380952380952381
0.35555555555555557 0.0 2.0 0.0 0.8472222222222223 0.0 0.35555555555555557 0.0 5.141666666666667 0.0 0.0 0.0 2.0 0.6 0.0 0.0 0.8888888888888888 0.0 0.2 0.0 1.8 0.0 0.0 0.0 0.0 0.0 0.0 0.7733333333333333 1.2 0.0743801652892562 0.0 0.16666666666666666 0.0 0.1111111111111111 0.5333333333333334 0.20764003673094586 6.214285714285716 0.38888888888888895 0.0 2.58 0.2380952380952381 0.8
