0.000000000000000000e+00 2.328519834999999982e-01 7.534853111000000547e-01 8.928788525999999948e-01 9.576532305999999606e-01 9.556315950999999531e-01 9.413309815999999497e-01 8.967213582999999932e-01 9.244160979000000111e-01 7.987333550999999865e-01 7.812199350999999847e-01 8.623105580000000048e-01 8.753923062999999782e-01 8.602415822000000212e-01 9.171815342000000371e-01 2.365970793999999933e-01 7.251899343000000053e-01 9.699552406000000460e-01 9.699552406000000460e-01 9.637894362000000159e-01 9.800916978999999474e-01 9.619200009999999690e-01 9.699552406000000460e-01 9.616566968999999965e-01 9.569280982000000213e-01 9.687930624999999685e-01 9.596133817999999982e-01 9.792872567999999500e-01 9.414813365999999961e-01 9.806171230000000349e-01 9.804453430999999775e-01 9.891784495000000010e-01 9.822250165999999449e-01 9.587068090000000486e-01 9.825927964999999764e-01 9.612413063000000424e-01 9.799864257999999495e-01 9.901908711000000363e-01 9.197357552999999575e-01 1.000000000000000000e+00 1.000000000000000000e+00 1.000000000000000000e+00
2.328519834999999982e-01 0.000000000000000000e+00 7.548377652000000104e-01 8.760903769000000230e-01 9.473582128999999963e-01 9.172973599999999506e-01 9.248781899000000362e-01 8.342802035999999921e-01 9.047551208999999872e-01 6.907840102000000204e-01 7.555791873999999630e-01 8.372392335999999657e-01 8.432397336000000410e-01 7.730034493999999867e-01 9.032059654999999854e-01 4.120152999999999988e-04 6.780028961999999826e-01 9.037577232000000294e-01 9.037577232000000294e-01 9.196415639999999669e-01 9.336983929000000071e-01 9.049603472999999676e-01 9.037577232000000294e-01 8.975866953000000148e-01 9.417771983999999597e-01 9.352309747000000506e-01 9.453358414000000431e-01 9.295485455999999980e-01 9.258927124000000397e-01 9.528210066000000200e-01 9.556702566000000454e-01 9.729543403999999507e-01 9.766320236000000099e-01 9.425695323999999653e-01 9.591998165999999770e-01 9.301920406000000474e-01 9.682829413000000329e-01 9.649494939999999632e-01 8.941276899000000222e-01 1.000000000000000000e+00 1.000000000000000000e+00 1.000000000000000000e+00
7.534853111000000547e-01 7.548377652000000104e-01 -0.000000000000000000e+00 4.734101636999999974e-01 8.970800682999999776e-01 9.500141276000000357e-01 8.883073499000000428e-01 7.412529406000000209e-01 8.917682123000000294e-01 2.235063103000000106e-01 5.019070972000000408e-01 5.812683575999999519e-01 4.374095833000000155e-01 5.345884081999999760e-01 7.697630835000000005e-01 7.493080478000000433e-01 3.949429054999999966e-01 9.528562791000000365e-01 9.528562791000000365e-01 9.843045555999999641e-01 9.657022990000000418e-01 9.043208927000000452e-01 9.528562791000000365e-01 9.477798353999999925e-01 8.891190826999999519e-01 9.746739173999999784e-01 8.956511990000000090e-01 9.844361690999999803e-01 9.956332488000000369e-01 9.607280853999999870e-01 9.904578000999999521e-01 9.974405463000000083e-01 9.988865511000000197e-01 9.813816630999999679e-01 9.968750426000000386e-01 9.912179472000000047e-01 9.992641140000000366e-01 9.814968763000000429e-01 9.317439332000000407e-01 1.000000000000000000e+00 1.000000000000000000e+00 1.000000000000000000e+00
8.928788525999999948e-01 8.760903769000000230e-01 4.734101636999999974e-01 -0.000000000000000000e+00 8.986908095000000207e-01 8.636555428000000090e-01 7.615841387999999768e-01 6.946876391999999845e-01 8.658878552000000006e-01 1.283225800999999999e-01 4.928360176000000092e-01 2.108918771000000136e-01 1.917183152999999973e-01 4.914973638999999839e-01 5.118804510000000141e-01 8.704256300999999585e-01 5.629739929000000531e-01 8.614326109000000065e-01 8.614326109000000065e-01 9.426237218999999889e-01 8.875021008000000267e-01 7.229633316000000365e-01 8.614326109000000065e-01 8.526629594000000312e-01 6.734697761000000282e-01 9.204101102999999728e-01 6.801131309000000291e-01 9.587800847999999876e-01 9.965145506999999458e-01 9.481084687999999927e-01 9.785090889999999986e-01 9.917117765999999834e-01 9.987120084999999703e-01 9.749316459000000323e-01 9.949174037000000359e-01 9.841456187999999550e-01 9.993528916999999678e-01 9.839806059000000271e-01 9.511666787000000456e-01 1.000000000000000000e+00 1.000000000000000000e+00 1.000000000000000000e+00
9.576532305999999606e-01 9.473582128999999963e-01 8.970800682999999776e-01 8.986908095000000207e-01 0.000000000000000000e+00 7.399798324999999899e-01 4.860229772999999920e-01 7.908882287999999816e-01 5.709988638999999866e-01 8.613663476999999791e-01 8.687823967000000147e-01 8.316149675999999769e-01 8.640318978000000039e-01 9.082436419999999622e-01 6.550370809000000127e-01 9.448534583000000042e-01 6.568655091999999751e-01 9.485577333000000388e-01 9.485577333000000388e-01 9.887856461999999791e-01 9.766185749000000360e-01 9.239041622000000453e-01 9.485577333000000388e-01 9.459473229999999511e-01 8.167948284999999586e-01 8.369355880000000081e-01 8.037675493000000504e-01 9.830950122999999596e-01 9.906970299999999785e-01 9.904612677999999892e-01 9.323441135000000157e-01 9.958393041999999973e-01 9.932821702999999891e-01 8.474470989000000287e-01 9.938264745999999539e-01 9.854896744000000153e-01 9.926248948000000460e-01 9.955397690999999716e-01 9.477720192999999904e-01 1.000000000000000000e+00 1.000000000000000000e+00 1.000000000000000000e+00
9.556315950999999531e-01 9.172973599999999506e-01 9.500141276000000357e-01 8.636555428000000090e-01 7.399798324999999899e-01 -0.000000000000000000e+00 4.132121547000000006e-01 1.661557073999999912e-01 8.553387001000000156e-01 8.971513859999999951e-01 9.338907481999999538e-01 7.173573173999999719e-01 8.467904048000000072e-01 6.143256317999999938e-01 7.360299483000000142e-01 9.126052075999999680e-01 8.932566809999999968e-01 4.261275580000000174e-01 4.261275580000000174e-01 7.276755252000000063e-01 6.873177696000000170e-01 4.368406128000000277e-01 4.261275580000000174e-01 4.119664344000000256e-01 4.061270974999999783e-01 1.959916137000000114e-01 4.062243180999999814e-01 7.764845712000000288e-01 9.854148378000000541e-01 9.259502785000000014e-01 8.662071792000000103e-01 9.540808101000000097e-01 9.911872171000000176e-01 8.581091141000000144e-01 9.747896844000000227e-01 9.201866882000000469e-01 9.923065551999999956e-01 9.369549238000000058e-01 8.058339003000000167e-01 1.000000000000000000e+00 1.000000000000000000e+00 1.000000000000000000e+00
9.413309815999999497e-01 9.248781899000000362e-01 8.883073499000000428e-01 7.615841387999999768e-01 4.860229772999999920e-01 4.132121547000000006e-01 0.000000000000000000e+00 5.522187807999999754e-01 4.539355214999999943e-01 7.846552005000000385e-01 7.705669927999999613e-01 5.544819916000000015e-01 7.711844803999999831e-01 7.940003650000000412e-01 1.678282353999999976e-01 9.203239957000000082e-01 6.992151985000000236e-01 8.052501584000000268e-01 8.052501584000000268e-01 9.271399159000000001e-01 8.896360038999999720e-01 6.888519951999999558e-01 8.052501584000000268e-01 7.944699548000000444e-01 5.029081011999999573e-01 5.380588335999999527e-01 4.270828720000000023e-01 9.248662200999999694e-01 9.548053904000000092e-01 9.666551331999999608e-01 9.118885032000000335e-01 9.796205570999999557e-01 9.717308333999999936e-01 7.063161991999999945e-01 9.761250286999999526e-01 9.481802196999999932e-01 9.779422017000000134e-01 9.808758642999999555e-01 8.747799076000000174e-01 1.000000000000000000e+00 1.000000000000000000e+00 1.000000000000000000e+00
8.967213582999999932e-01 8.342802035999999921e-01 7.412529406000000209e-01 6.946876391999999845e-01 7.908882287999999816e-01 1.661557073999999912e-01 5.522187807999999754e-01 0.000000000000000000e+00 8.612072848999999808e-01 6.915066409000000247e-01 8.113795319000000061e-01 5.732222862000000418e-01 6.654670780000000452e-01 2.756298710999999790e-01 7.196026020000000356e-01 8.275521473000000405e-01 7.604176994000000356e-01 1.174074568999999985e-01 1.174074568999999985e-01 4.802379692000000033e-01 4.517402003000000055e-01 1.827182921999999932e-01 1.174074568999999985e-01 1.102757909000000036e-01 5.178175173000000298e-01 3.211790822999999739e-01 5.291560358000000353e-01 5.973732265000000208e-01 9.774975653999999903e-01 8.359058502999999751e-01 8.193504727999999515e-01 9.056988714000000495e-01 9.898303204999999716e-01 8.961149986999999983e-01 9.360804476999999846e-01 8.355239979999999900e-01 9.886399357999999804e-01 8.557285352000000289e-01 7.529092247999999987e-01 1.000000000000000000e+00 1.000000000000000000e+00 1.000000000000000000e+00
9.244160979000000111e-01 9.047551208999999872e-01 8.917682123000000294e-01 8.658878552000000006e-01 5.709988638999999866e-01 8.553387001000000156e-01 4.539355214999999943e-01 8.612072848999999808e-01 0.000000000000000000e+00 8.329518142999999819e-01 6.519323053000000145e-01 6.597751428000000473e-01 8.076397254999999609e-01 8.688368562999999600e-01 3.642146459000000225e-01 8.975634312000000392e-01 5.695823420000000192e-01 9.602380044999999642e-01 9.602380044999999642e-01 9.781774418999999998e-01 9.709181129999999715e-01 9.193754583000000036e-01 9.602380044999999642e-01 9.582011156999999946e-01 8.163925027999999751e-01 9.023469474999999962e-01 7.850688478999999775e-01 9.752361752999999522e-01 9.097312279000000501e-01 9.774033925999999761e-01 9.383611956999999837e-01 9.825101041999999563e-01 9.612289385000000186e-01 6.987781575999999495e-01 9.686314188000000325e-01 9.431166791999999743e-01 9.565096963000000452e-01 9.918684303000000479e-01 9.306252306000000196e-01 1.000000000000000000e+00 1.000000000000000000e+00 1.000000000000000000e+00
7.987333550999999865e-01 6.907840102000000204e-01 2.235063103000000106e-01 1.283225800999999999e-01 8.613663476999999791e-01 8.971513859999999951e-01 7.846552005000000385e-01 6.915066409000000247e-01 8.329518142999999819e-01 -0.000000000000000000e+00 3.992783451999999955e-01 3.004170111000000198e-01 1.987194516000000133e-01 4.276332748000000183e-01 5.713343414999999537e-01 6.806982647999999525e-01 3.738726615999999892e-01 8.964878357000000131e-01 8.964878357000000131e-01 9.593851875000000140e-01 9.204709347999999736e-01 7.853190868999999630e-01 8.964878357000000131e-01 8.872706183999999885e-01 7.591005315000000087e-01 9.447394420000000403e-01 7.655990522000000187e-01 9.674854751999999447e-01 9.901515276000000254e-01 9.510718411999999899e-01 9.807567056999999533e-01 9.930681622999999458e-01 9.967192975999999982e-01 9.656335178999999602e-01 9.900935916999999975e-01 9.834365170000000100e-01 9.969233552999999803e-01 9.825627893999999696e-01 9.372252089000000508e-01 1.000000000000000000e+00 1.000000000000000000e+00 1.000000000000000000e+00
7.812199350999999847e-01 7.555791873999999630e-01 5.019070972000000408e-01 4.928360176000000092e-01 8.687823967000000147e-01 9.338907481999999538e-01 7.705669927999999613e-01 8.113795319000000061e-01 6.519323053000000145e-01 3.992783451999999955e-01 0.000000000000000000e+00 3.076857639999999727e-01 4.830771390999999970e-01 6.192674142999999853e-01 5.453350858000000079e-01 7.323629015000000519e-01 2.225398155999999961e-01 9.547652338000000016e-01 9.547652338000000016e-01 9.809018026000000390e-01 9.579648148999999613e-01 8.946622895000000408e-01 9.547652338000000016e-01 9.504825551000000150e-01 8.107410243999999544e-01 9.621376579999999512e-01 8.250549918999999788e-01 9.724932582999999964e-01 9.570313656000000169e-01 9.645216726999999990e-01 9.772773919999999670e-01 9.898946637000000104e-01 9.843871692000000229e-01 8.928913414000000381e-01 9.823153076999999733e-01 9.644599219999999695e-01 9.844928965999999448e-01 9.859735958999999994e-01 9.430301913999999952e-01 1.000000000000000000e+00 1.000000000000000000e+00 1.000000000000000000e+00
8.623105580000000048e-01 8.372392335999999657e-01 5.812683575999999519e-01 2.108918771000000136e-01 8.316149675999999769e-01 7.173573173999999719e-01 5.544819916000000015e-01 5.732222862000000418e-01 6.597751428000000473e-01 3.004170111000000198e-01 3.076857639999999727e-01 0.000000000000000000e+00 2.803015509999999821e-01 4.666844011999999875e-01 2.685782722000000233e-01 8.256734538000000123e-01 4.476400819999999947e-01 7.450349916999999822e-01 7.450349916999999822e-01 8.742254672000000504e-01 8.226709159999999743e-01 6.356247240000000298e-01 7.450349916999999822e-01 7.352542105999999578e-01 5.901515875999999716e-01 7.995413552000000257e-01 5.969300394000000010e-01 9.055699405999999563e-01 9.852721385999999582e-01 9.397143445000000206e-01 9.530440991999999945e-01 9.797826219999999919e-01 9.937217485999999544e-01 9.054240688000000370e-01 9.872378510999999524e-01 9.596115521000000426e-01 9.968748133999999483e-01 9.688950639000000198e-01 9.174656744000000419e-01 1.000000000000000000e+00 1.000000000000000000e+00 1.000000000000000000e+00
8.753923062999999782e-01 8.432397336000000410e-01 4.374095833000000155e-01 1.917183152999999973e-01 8.640318978000000039e-01 8.467904048000000072e-01 7.711844803999999831e-01 6.654670780000000452e-01 8.076397254999999609e-01 1.987194516000000133e-01 4.830771390999999970e-01 2.803015509999999821e-01 -0.000000000000000000e+00 3.505948306000000181e-01 5.603314646000000510e-01 8.351841501000000223e-01 4.675815946999999917e-01 8.210606510000000302e-01 8.210606510000000302e-01 9.138904486000000160e-01 8.715463916000000255e-01 7.072362451999999466e-01 8.210606510000000302e-01 8.083623032000000208e-01 7.067861750999999693e-01 9.015085391999999587e-01 7.239545924000000410e-01 9.393029778999999468e-01 9.947661187999999877e-01 9.485268121000000052e-01 9.722356195000000367e-01 9.877326516000000112e-01 9.983026795999999647e-01 9.658455177000000447e-01 9.931791869999999633e-01 9.774424816000000238e-01 9.991214328999999950e-01 9.777786622999999899e-01 9.389289665000000173e-01 1.000000000000000000e+00 1.000000000000000000e+00 1.000000000000000000e+00
8.602415822000000212e-01 7.730034493999999867e-01 5.345884081999999760e-01 4.914973638999999839e-01 9.082436419999999622e-01 6.143256317999999938e-01 7.940003650000000412e-01 2.756298710999999790e-01 8.688368562999999600e-01 4.276332748000000183e-01 6.192674142999999853e-01 4.666844011999999875e-01 3.505948306000000181e-01 0.000000000000000000e+00 7.230045320000000331e-01 7.628319799999999651e-01 5.251913676999999669e-01 2.847740223999999931e-01 2.847740223999999931e-01 5.408298663999999700e-01 4.771286332999999935e-01 3.230105527000000087e-01 2.847740223999999931e-01 2.789781282000000084e-01 7.175896112999999854e-01 6.938043752000000453e-01 7.387114791000000125e-01 6.868820619000000072e-01 9.864866153000000359e-01 8.536603860000000488e-01 8.847878826999999724e-01 9.273913311000000492e-01 9.954608138999999634e-01 9.638009548999999510e-01 9.559963727000000411e-01 8.745972180000000096e-01 9.951881688000000503e-01 8.779265652000000086e-01 8.251172460000000264e-01 1.000000000000000000e+00 1.000000000000000000e+00 1.000000000000000000e+00
9.171815342000000371e-01 9.032059654999999854e-01 7.697630835000000005e-01 5.118804510000000141e-01 6.550370809000000127e-01 7.360299483000000142e-01 1.678282353999999976e-01 7.196026020000000356e-01 3.642146459000000225e-01 5.713343414999999537e-01 5.453350858000000079e-01 2.685782722000000233e-01 5.603314646000000510e-01 7.230045320000000331e-01 0.000000000000000000e+00 8.963747488000000097e-01 5.733673306000000025e-01 8.958080425000000124e-01 8.958080425000000124e-01 9.616601280000000029e-01 9.252750194000000095e-01 7.697819760999999872e-01 8.958080425000000124e-01 8.886253535999999453e-01 6.331611096000000494e-01 8.109945191999999858e-01 5.730391136000000385e-01 9.643950752000000071e-01 9.693351437999999654e-01 9.705377436000000024e-01 9.564263159000000458e-01 9.899974395999999732e-01 9.829754636999999962e-01 7.736796988999999902e-01 9.872515120999999505e-01 9.698675991999999857e-01 9.895605614000000383e-01 9.900556914000000486e-01 9.328051347000000382e-01 1.000000000000000000e+00 1.000000000000000000e+00 1.000000000000000000e+00
2.365970793999999933e-01 4.120152999999999988e-04 7.493080478000000433e-01 8.704256300999999585e-01 9.448534583000000042e-01 9.126052075999999680e-01 9.203239957000000082e-01 8.275521473000000405e-01 8.975634312000000392e-01 6.806982647999999525e-01 7.323629015000000519e-01 8.256734538000000123e-01 8.351841501000000223e-01 7.628319799999999651e-01 8.963747488000000097e-01 0.000000000000000000e+00 6.610409624999999956e-01 8.988746600000000475e-01 8.988746600000000475e-01 9.168003421000000541e-01 9.297190549999999609e-01 9.002545937999999470e-01 8.988746600000000475e-01 8.927311394000000400e-01 9.378626427999999793e-01 9.312092309999999706e-01 9.419182655000000182e-01 9.262175645000000346e-01 9.259002147999999544e-01 9.510832394999999551e-01 9.540800068000000467e-01 9.721048010999999711e-01 9.766088388000000453e-01 9.406327197999999612e-01 9.582976326000000045e-01 9.283505938999999652e-01 9.684294544999999532e-01 9.633483420999999769e-01 8.926774432999999842e-01 1.000000000000000000e+00 1.000000000000000000e+00 1.000000000000000000e+00
7.251899343000000053e-01 6.780028961999999826e-01 3.949429054999999966e-01 5.629739929000000531e-01 6.568655091999999751e-01 8.932566809999999968e-01 6.992151985000000236e-01 7.604176994000000356e-01 5.695823420000000192e-01 3.738726615999999892e-01 2.225398155999999961e-01 4.476400819999999947e-01 4.675815946999999917e-01 5.251913676999999669e-01 5.733673306000000025e-01 6.610409624999999956e-01 0.000000000000000000e+00 9.304685607999999553e-01 9.304685607999999553e-01 9.613053763000000140e-01 9.447449834000000157e-01 8.820683359000000001e-01 9.304685607999999553e-01 9.256428443999999978e-01 8.304098019000000219e-01 9.350144209999999845e-01 8.350296239000000176e-01 9.562352175999999648e-01 9.472846464999999938e-01 9.426235638000000083e-01 9.566425329000000088e-01 9.837350465999999960e-01 9.816752064000000555e-01 8.759324594999999825e-01 9.737036654999999818e-01 9.520106013000000367e-01 9.772077248999999632e-01 9.746580642000000072e-01 9.119865071999999628e-01 1.000000000000000000e+00 1.000000000000000000e+00 1.000000000000000000e+00
9.699552406000000460e-01 9.037577232000000294e-01 9.528562791000000365e-01 8.614326109000000065e-01 9.485577333000000388e-01 4.261275580000000174e-01 8.052501584000000268e-01 1.174074568999999985e-01 9.602380044999999642e-01 8.964878357000000131e-01 9.547652338000000016e-01 7.450349916999999822e-01 8.210606510000000302e-01 2.847740223999999931e-01 8.958080425000000124e-01 8.988746600000000475e-01 9.304685607999999553e-01 0.000000000000000000e+00 0.000000000000000000e+00 3.561643941000000035e-01 3.541240757999999933e-01 1.317992034000000090e-01 0.000000000000000000e+00 2.951189500000000066e-03 7.216573480000000318e-01 5.199990704000000408e-01 7.405580481000000326e-01 5.298615207000000327e-01 9.825930349000000508e-01 8.142283319999999991e-01 8.241385656999999920e-01 8.866562448000000485e-01 9.931205907000000277e-01 9.617444652000000094e-01 9.268365666000000225e-01 8.105214443999999574e-01 9.912851979000000258e-01 8.300124262000000419e-01 7.871297825999999942e-01 1.000000000000000000e+00 1.000000000000000000e+00 1.000000000000000000e+00
9.699552406000000460e-01 9.037577232000000294e-01 9.528562791000000365e-01 8.614326109000000065e-01 9.485577333000000388e-01 4.261275580000000174e-01 8.052501584000000268e-01 1.174074568999999985e-01 9.602380044999999642e-01 8.964878357000000131e-01 9.547652338000000016e-01 7.450349916999999822e-01 8.210606510000000302e-01 2.847740223999999931e-01 8.958080425000000124e-01 8.988746600000000475e-01 9.304685607999999553e-01 0.000000000000000000e+00 0.000000000000000000e+00 3.561643941000000035e-01 3.541240757999999933e-01 1.317992034000000090e-01 0.000000000000000000e+00 2.951189500000000066e-03 7.216573480000000318e-01 5.199990704000000408e-01 7.405580481000000326e-01 5.298615207000000327e-01 9.825930349000000508e-01 8.142283319999999991e-01 8.241385656999999920e-01 8.866562448000000485e-01 9.931205907000000277e-01 9.617444652000000094e-01 9.268365666000000225e-01 8.105214443999999574e-01 9.912851979000000258e-01 8.300124262000000419e-01 7.871297825999999942e-01 1.000000000000000000e+00 1.000000000000000000e+00 1.000000000000000000e+00
9.637894362000000159e-01 9.196415639999999669e-01 9.843045555999999641e-01 9.426237218999999889e-01 9.887856461999999791e-01 7.276755252000000063e-01 9.271399159000000001e-01 4.802379692000000033e-01 9.781774418999999998e-01 9.593851875000000140e-01 9.809018026000000390e-01 8.742254672000000504e-01 9.138904486000000160e-01 5.408298663999999700e-01 9.616601280000000029e-01 9.168003421000000541e-01 9.613053763000000140e-01 3.561643941000000035e-01 3.561643941000000035e-01 0.000000000000000000e+00 3.645596506000000070e-01 4.496564323000000196e-01 3.561643941000000035e-01 3.617089310000000113e-01 8.629369680999999792e-01 7.545735111000000384e-01 8.768016042999999815e-01 5.878150541000000118e-01 8.633797025999999653e-01 6.572106243999999986e-01 7.421623236000000068e-01 8.390783554999999838e-01 9.365305152999999772e-01 9.099618660999999609e-01 8.140536685000000494e-01 6.537856288000000182e-01 8.998170541000000133e-01 7.839375029999999800e-01 6.584868131000000124e-01 1.000000000000000000e+00 1.000000000000000000e+00 1.000000000000000000e+00
9.800916978999999474e-01 9.336983929000000071e-01 9.657022990000000418e-01 8.875021008000000267e-01 9.766185749000000360e-01 6.873177696000000170e-01 8.896360038999999720e-01 4.517402003000000055e-01 9.709181129999999715e-01 9.204709347999999736e-01 9.579648148999999613e-01 8.226709159999999743e-01 8.715463916000000255e-01 4.771286332999999935e-01 9.252750194000000095e-01 9.297190549999999609e-01 9.447449834000000157e-01 3.541240757999999933e-01 3.541240757999999933e-01 3.645596506000000070e-01 0.000000000000000000e+00 4.465710855000000201e-01 3.541240757999999933e-01 3.681451712000000098e-01 7.339815301000000014e-01 7.147369912000000047e-01 7.539015203000000165e-01 5.627269110000000518e-01 9.537421874999999494e-01 6.663449530999999704e-01 7.414067032000000168e-01 8.545532116999999817e-01 9.756754197000000461e-01 9.524781473000000220e-01 8.469675236000000496e-01 6.847827918000000125e-01 9.596612746999999555e-01 6.776651230000000359e-01 7.020061815999999455e-01 1.000000000000000000e+00 1.000000000000000000e+00 1.000000000000000000e+00
9.619200009999999690e-01 9.049603472999999676e-01 9.043208927000000452e-01 7.229633316000000365e-01 9.239041622000000453e-01 4.368406128000000277e-01 6.888519951999999558e-01 1.827182921999999932e-01 9.193754583000000036e-01 7.853190868999999630e-01 8.946622895000000408e-01 6.356247240000000298e-01 7.072362451999999466e-01 3.230105527000000087e-01 7.697819760999999872e-01 9.002545937999999470e-01 8.820683359000000001e-01 1.317992034000000090e-01 1.317992034000000090e-01 4.496564323000000196e-01 4.465710855000000201e-01 0.000000000000000000e+00 1.317992034000000090e-01 1.205462692000000002e-01 6.499927613999999521e-01 5.334000855999999624e-01 6.602077413000000394e-01 5.646198833000000139e-01 9.802180736000000172e-01 8.235503575000000520e-01 8.317086057999999449e-01 8.925086612000000530e-01 9.918070536999999964e-01 9.462305597000000290e-01 9.249970533000000383e-01 8.176347038000000289e-01 9.903949877000000068e-01 8.479135238999999657e-01 8.055419934999999976e-01 1.000000000000000000e+00 1.000000000000000000e+00 1.000000000000000000e+00
9.699552406000000460e-01 9.037577232000000294e-01 9.528562791000000365e-01 8.614326109000000065e-01 9.485577333000000388e-01 4.261275580000000174e-01 8.052501584000000268e-01 1.174074568999999985e-01 9.602380044999999642e-01 8.964878357000000131e-01 9.547652338000000016e-01 7.450349916999999822e-01 8.210606510000000302e-01 2.847740223999999931e-01 8.958080425000000124e-01 8.988746600000000475e-01 9.304685607999999553e-01 0.000000000000000000e+00 0.000000000000000000e+00 3.561643941000000035e-01 3.541240757999999933e-01 1.317992034000000090e-01 0.000000000000000000e+00 2.951189500000000066e-03 7.216573480000000318e-01 5.199990704000000408e-01 7.405580481000000326e-01 5.298615207000000327e-01 9.825930349000000508e-01 8.142283319999999991e-01 8.241385656999999920e-01 8.866562448000000485e-01 9.931205907000000277e-01 9.617444652000000094e-01 9.268365666000000225e-01 8.105214443999999574e-01 9.912851979000000258e-01 8.300124262000000419e-01 7.871297825999999942e-01 1.000000000000000000e+00 1.000000000000000000e+00 1.000000000000000000e+00
9.616566968999999965e-01 8.975866953000000148e-01 9.477798353999999925e-01 8.526629594000000312e-01 9.459473229999999511e-01 4.119664344000000256e-01 7.944699548000000444e-01 1.102757909000000036e-01 9.582011156999999946e-01 8.872706183999999885e-01 9.504825551000000150e-01 7.352542105999999578e-01 8.083623032000000208e-01 2.789781282000000084e-01 8.886253535999999453e-01 8.927311394000000400e-01 9.256428443999999978e-01 2.951189500000000066e-03 2.951189500000000066e-03 3.617089310000000113e-01 3.681451712000000098e-01 1.205462692000000002e-01 2.951189500000000066e-03 0.000000000000000000e+00 7.141773553000000385e-01 5.208679657000000462e-01 7.326649696000000489e-01 5.866155212000000452e-01 9.889365540000000232e-01 8.485860006000000011e-01 8.583445530000000101e-01 9.091870040999999736e-01 9.960508861000000325e-01 9.639359710999999553e-01 9.575056023000000360e-01 8.562849552000000308e-01 9.954424259999999913e-01 8.677352222999999976e-01 7.964477501000000181e-01 1.000000000000000000e+00 1.000000000000000000e+00 1.000000000000000000e+00
9.569280982000000213e-01 9.417771983999999597e-01 8.891190826999999519e-01 6.734697761000000282e-01 8.167948284999999586e-01 4.061270974999999783e-01 5.029081011999999573e-01 5.178175173000000298e-01 8.163925027999999751e-01 7.591005315000000087e-01 8.107410243999999544e-01 5.901515875999999716e-01 7.067861750999999693e-01 7.175896112999999854e-01 6.331611096000000494e-01 9.378626427999999793e-01 8.304098019000000219e-01 7.216573480000000318e-01 7.216573480000000318e-01 8.629369680999999792e-01 7.339815301000000014e-01 6.499927613999999521e-01 7.216573480000000318e-01 7.141773553000000385e-01 0.000000000000000000e+00 4.471776584000000110e-01 9.118861000000000674e-03 8.858676396000000342e-01 9.698518829000000174e-01 9.422829929999999576e-01 9.186381782000000440e-01 9.716021120000000177e-01 9.867191642999999512e-01 8.708303168000000039e-01 9.771681607000000103e-01 9.422997542000000060e-01 9.857415606999999635e-01 9.558381344999999918e-01 8.624268782999999772e-01 1.000000000000000000e+00 1.000000000000000000e+00 1.000000000000000000e+00
9.687930624999999685e-01 9.352309747000000506e-01 9.746739173999999784e-01 9.204101102999999728e-01 8.369355880000000081e-01 1.959916137000000114e-01 5.380588335999999527e-01 3.211790822999999739e-01 9.023469474999999962e-01 9.447394420000000403e-01 9.621376579999999512e-01 7.995413552000000257e-01 9.015085391999999587e-01 6.938043752000000453e-01 8.109945191999999858e-01 9.312092309999999706e-01 9.350144209999999845e-01 5.199990704000000408e-01 5.199990704000000408e-01 7.545735111000000384e-01 7.147369912000000047e-01 5.334000855999999624e-01 5.199990704000000408e-01 5.208679657000000462e-01 4.471776584000000110e-01 0.000000000000000000e+00 4.538158667000000146e-01 6.921379129000000408e-01 9.770123967999999604e-01 8.709604994999999850e-01 8.266744964000000140e-01 9.205666525000000266e-01 9.886339634999999904e-01 8.877243105000000023e-01 9.219741897000000019e-01 8.475540405000000499e-01 9.876746310999999778e-01 8.786892624000000040e-01 8.139282691000000458e-01 1.000000000000000000e+00 1.000000000000000000e+00 1.000000000000000000e+00
9.596133817999999982e-01 9.453358414000000431e-01 8.956511990000000090e-01 6.801131309000000291e-01 8.037675493000000504e-01 4.062243180999999814e-01 4.270828720000000023e-01 5.291560358000000353e-01 7.850688478999999775e-01 7.655990522000000187e-01 8.250549918999999788e-01 5.969300394000000010e-01 7.239545924000000410e-01 7.387114791000000125e-01 5.730391136000000385e-01 9.419182655000000182e-01 8.350296239000000176e-01 7.405580481000000326e-01 7.405580481000000326e-01 8.768016042999999815e-01 7.539015203000000165e-01 6.602077413000000394e-01 7.405580481000000326e-01 7.326649696000000489e-01 9.118861000000000674e-03 4.538158667000000146e-01 0.000000000000000000e+00 8.983640105000000320e-01 9.692047591000000351e-01 9.483826917000000023e-01 9.181560247000000174e-01 9.741438050999999820e-01 9.839747871999999784e-01 8.473574163999999520e-01 9.779770483999999930e-01 9.456064347000000536e-01 9.827668071999999810e-01 9.625117118999999555e-01 8.559296760000000281e-01 1.000000000000000000e+00 1.000000000000000000e+00 1.000000000000000000e+00
9.792872567999999500e-01 9.295485455999999980e-01 9.844361690999999803e-01 9.587800847999999876e-01 9.830950122999999596e-01 7.764845712000000288e-01 9.248662200999999694e-01 5.973732265000000208e-01 9.752361752999999522e-01 9.674854751999999447e-01 9.724932582999999964e-01 9.055699405999999563e-01 9.393029778999999468e-01 6.868820619000000072e-01 9.643950752000000071e-01 9.262175645000000346e-01 9.562352175999999648e-01 5.298615207000000327e-01 5.298615207000000327e-01 5.878150541000000118e-01 5.627269110000000518e-01 5.646198833000000139e-01 5.298615207000000327e-01 5.866155212000000452e-01 8.858676396000000342e-01 6.921379129000000408e-01 8.983640105000000320e-01 0.000000000000000000e+00 8.325187320000000391e-01 4.009827591999999830e-01 3.936491995999999993e-01 6.170258698999999680e-01 9.243055025999999952e-01 8.841809975000000099e-01 4.999261535999999784e-01 2.285589725000000128e-01 8.847559315999999896e-01 4.001335315999999809e-01 6.924077349999999687e-01 1.000000000000000000e+00 1.000000000000000000e+00 1.000000000000000000e+00
9.414813365999999961e-01 9.258927124000000397e-01 9.956332488000000369e-01 9.965145506999999458e-01 9.906970299999999785e-01 9.854148378000000541e-01 9.548053904000000092e-01 9.774975653999999903e-01 9.097312279000000501e-01 9.901515276000000254e-01 9.570313656000000169e-01 9.852721385999999582e-01 9.947661187999999877e-01 9.864866153000000359e-01 9.693351437999999654e-01 9.259002147999999544e-01 9.472846464999999938e-01 9.825930349000000508e-01 9.825930349000000508e-01 8.633797025999999653e-01 9.537421874999999494e-01 9.802180736000000172e-01 9.825930349000000508e-01 9.889365540000000232e-01 9.698518829000000174e-01 9.770123967999999604e-01 9.692047591000000351e-01 8.325187320000000391e-01 -0.000000000000000000e+00 8.520733048999999948e-01 7.291619605000000393e-01 8.028802661999999701e-01 6.328868680000000468e-01 3.744793567999999961e-01 6.064690714999999566e-01 5.205581099999999628e-01 4.227502895999999954e-01 9.298152530000000082e-01 5.006022291999999707e-01 1.000000000000000000e+00 1.000000000000000000e+00 1.000000000000000000e+00
9.806171230000000349e-01 9.528210066000000200e-01 9.607280853999999870e-01 9.481084687999999927e-01 9.904612677999999892e-01 9.259502785000000014e-01 9.666551331999999608e-01 8.359058502999999751e-01 9.774033925999999761e-01 9.510718411999999899e-01 9.645216726999999990e-01 9.397143445000000206e-01 9.485268121000000052e-01 8.536603860000000488e-01 9.705377436000000024e-01 9.510832394999999551e-01 9.426235638000000083e-01 8.142283319999999991e-01 8.142283319999999991e-01 6.572106243999999986e-01 6.663449530999999704e-01 8.235503575000000520e-01 8.142283319999999991e-01 8.485860006000000011e-01 9.422829929999999576e-01 8.709604994999999850e-01 9.483826917000000023e-01 4.009827591999999830e-01 8.520733048999999948e-01 0.000000000000000000e+00 5.018862565999999692e-01 7.263822878000000260e-01 9.145865637000000214e-01 8.765744640999999504e-01 6.099192779000000009e-01 4.038914449000000073e-01 8.353688526000000447e-01 4.190214628999999746e-01 7.256653707000000342e-01 1.000000000000000000e+00 1.000000000000000000e+00 1.000000000000000000e+00
9.804453430999999775e-01 9.556702566000000454e-01 9.904578000999999521e-01 9.785090889999999986e-01 9.323441135000000157e-01 8.662071792000000103e-01 9.118885032000000335e-01 8.193504727999999515e-01 9.383611956999999837e-01 9.807567056999999533e-01 9.772773919999999670e-01 9.530440991999999945e-01 9.722356195000000367e-01 8.847878826999999724e-01 9.564263159000000458e-01 9.540800068000000467e-01 9.566425329000000088e-01 8.241385656999999920e-01 8.241385656999999920e-01 7.421623236000000068e-01 7.414067032000000168e-01 8.317086057999999449e-01 8.241385656999999920e-01 8.583445530000000101e-01 9.186381782000000440e-01 8.266744964000000140e-01 9.181560247000000174e-01 3.936491995999999993e-01 7.291619605000000393e-01 5.018862565999999692e-01 -0.000000000000000000e+00 5.760845919000000537e-01 6.674527045999999464e-01 6.632347065000000486e-01 3.967792975000000166e-01 1.614914546000000006e-01 5.440936315000000079e-01 6.042182389000000375e-01 5.939639931000000317e-01 1.000000000000000000e+00 1.000000000000000000e+00 1.000000000000000000e+00
9.891784495000000010e-01 9.729543403999999507e-01 9.974405463000000083e-01 9.917117765999999834e-01 9.958393041999999973e-01 9.540808101000000097e-01 9.796205570999999557e-01 9.056988714000000495e-01 9.825101041999999563e-01 9.930681622999999458e-01 9.898946637000000104e-01 9.797826219999999919e-01 9.877326516000000112e-01 9.273913311000000492e-01 9.899974395999999732e-01 9.721048010999999711e-01 9.837350465999999960e-01 8.866562448000000485e-01 8.866562448000000485e-01 8.390783554999999838e-01 8.545532116999999817e-01 8.925086612000000530e-01 8.866562448000000485e-01 9.091870040999999736e-01 9.716021120000000177e-01 9.205666525000000266e-01 9.741438050999999820e-01 6.170258698999999680e-01 8.028802661999999701e-01 7.263822878000000260e-01 5.760845919000000537e-01 0.000000000000000000e+00 7.803074622000000238e-01 8.421430773000000425e-01 7.042718019000000496e-01 5.574057134000000024e-01 7.815949004000000144e-01 7.691369858000000059e-01 7.653967352999999640e-01 1.000000000000000000e+00 1.000000000000000000e+00 1.000000000000000000e+00
9.822250165999999449e-01 9.766320236000000099e-01 9.988865511000000197e-01 9.987120084999999703e-01 9.932821702999999891e-01 9.911872171000000176e-01 9.717308333999999936e-01 9.898303204999999716e-01 9.612289385000000186e-01 9.967192975999999982e-01 9.843871692000000229e-01 9.937217485999999544e-01 9.983026795999999647e-01 9.954608138999999634e-01 9.829754636999999962e-01 9.766088388000000453e-01 9.816752064000000555e-01 9.931205907000000277e-01 9.931205907000000277e-01 9.365305152999999772e-01 9.756754197000000461e-01 9.918070536999999964e-01 9.931205907000000277e-01 9.960508861000000325e-01 9.867191642999999512e-01 9.886339634999999904e-01 9.839747871999999784e-01 9.243055025999999952e-01 6.328868680000000468e-01 9.145865637000000214e-01 6.674527045999999464e-01 7.803074622000000238e-01 0.000000000000000000e+00 6.218519098000000467e-01 6.720402084000000054e-01 6.570471334999999913e-01 5.819182043999999721e-01 9.603598263000000523e-01 7.528568033000000437e-01 1.000000000000000000e+00 1.000000000000000000e+00 1.000000000000000000e+00
9.587068090000000486e-01 9.425695323999999653e-01 9.813816630999999679e-01 9.749316459000000323e-01 8.474470989000000287e-01 8.581091141000000144e-01 7.063161991999999945e-01 8.961149986999999983e-01 6.987781575999999495e-01 9.656335178999999602e-01 8.928913414000000381e-01 9.054240688000000370e-01 9.658455177000000447e-01 9.638009548999999510e-01 7.736796988999999902e-01 9.406327197999999612e-01 8.759324594999999825e-01 9.617444652000000094e-01 9.617444652000000094e-01 9.099618660999999609e-01 9.524781473000000220e-01 9.462305597000000290e-01 9.617444652000000094e-01 9.639359710999999553e-01 8.708303168000000039e-01 8.877243105000000023e-01 8.473574163999999520e-01 8.841809975000000099e-01 3.744793567999999961e-01 8.765744640999999504e-01 6.632347065000000486e-01 8.421430773000000425e-01 6.218519098000000467e-01 0.000000000000000000e+00 7.009813605000000392e-01 5.764888061999999813e-01 5.733140799999999482e-01 9.486801489999999726e-01 6.227286717000000138e-01 1.000000000000000000e+00 1.000000000000000000e+00 1.000000000000000000e+00
9.825927964999999764e-01 9.591998165999999770e-01 9.968750426000000386e-01 9.949174037000000359e-01 9.938264745999999539e-01 9.747896844000000227e-01 9.761250286999999526e-01 9.360804476999999846e-01 9.686314188000000325e-01 9.900935916999999975e-01 9.823153076999999733e-01 9.872378510999999524e-01 9.931791869999999633e-01 9.559963727000000411e-01 9.872515120999999505e-01 9.582976326000000045e-01 9.737036654999999818e-01 9.268365666000000225e-01 9.268365666000000225e-01 8.140536685000000494e-01 8.469675236000000496e-01 9.249970533000000383e-01 9.268365666000000225e-01 9.575056023000000360e-01 9.771681607000000103e-01 9.219741897000000019e-01 9.779770483999999930e-01 4.999261535999999784e-01 6.064690714999999566e-01 6.099192779000000009e-01 3.967792975000000166e-01 7.042718019000000496e-01 6.720402084000000054e-01 7.009813605000000392e-01 -0.000000000000000000e+00 3.193694430999999834e-01 6.392691026000000276e-01 6.020000669999999721e-01 6.376808706000000049e-01 1.000000000000000000e+00 1.000000000000000000e+00 1.000000000000000000e+00
9.612413063000000424e-01 9.301920406000000474e-01 9.912179472000000047e-01 9.841456187999999550e-01 9.854896744000000153e-01 9.201866882000000469e-01 9.481802196999999932e-01 8.355239979999999900e-01 9.431166791999999743e-01 9.834365170000000100e-01 9.644599219999999695e-01 9.596115521000000426e-01 9.774424816000000238e-01 8.745972180000000096e-01 9.698675991999999857e-01 9.283505938999999652e-01 9.520106013000000367e-01 8.105214443999999574e-01 8.105214443999999574e-01 6.537856288000000182e-01 6.847827918000000125e-01 8.176347038000000289e-01 8.105214443999999574e-01 8.562849552000000308e-01 9.422997542000000060e-01 8.475540405000000499e-01 9.456064347000000536e-01 2.285589725000000128e-01 5.205581099999999628e-01 4.038914449000000073e-01 1.614914546000000006e-01 5.574057134000000024e-01 6.570471334999999913e-01 5.764888061999999813e-01 3.193694430999999834e-01 0.000000000000000000e+00 5.556022259999999768e-01 5.046611121999999838e-01 5.236350988000000317e-01 1.000000000000000000e+00 1.000000000000000000e+00 1.000000000000000000e+00
9.799864257999999495e-01 9.682829413000000329e-01 9.992641140000000366e-01 9.993528916999999678e-01 9.926248948000000460e-01 9.923065551999999956e-01 9.779422017000000134e-01 9.886399357999999804e-01 9.565096963000000452e-01 9.969233552999999803e-01 9.844928965999999448e-01 9.968748133999999483e-01 9.991214328999999950e-01 9.951881688000000503e-01 9.895605614000000383e-01 9.684294544999999532e-01 9.772077248999999632e-01 9.912851979000000258e-01 9.912851979000000258e-01 8.998170541000000133e-01 9.596612746999999555e-01 9.903949877000000068e-01 9.912851979000000258e-01 9.954424259999999913e-01 9.857415606999999635e-01 9.876746310999999778e-01 9.827668071999999810e-01 8.847559315999999896e-01 4.227502895999999954e-01 8.353688526000000447e-01 5.440936315000000079e-01 7.815949004000000144e-01 5.819182043999999721e-01 5.733140799999999482e-01 6.392691026000000276e-01 5.556022259999999768e-01 -0.000000000000000000e+00 9.311465714000000116e-01 5.847445962999999747e-01 1.000000000000000000e+00 1.000000000000000000e+00 1.000000000000000000e+00
9.901908711000000363e-01 9.649494939999999632e-01 9.814968763000000429e-01 9.839806059000000271e-01 9.955397690999999716e-01 9.369549238000000058e-01 9.808758642999999555e-01 8.557285352000000289e-01 9.918684303000000479e-01 9.825627893999999696e-01 9.859735958999999994e-01 9.688950639000000198e-01 9.777786622999999899e-01 8.779265652000000086e-01 9.900556914000000486e-01 9.633483420999999769e-01 9.746580642000000072e-01 8.300124262000000419e-01 8.300124262000000419e-01 7.839375029999999800e-01 6.776651230000000359e-01 8.479135238999999657e-01 8.300124262000000419e-01 8.677352222999999976e-01 9.558381344999999918e-01 8.786892624000000040e-01 9.625117118999999555e-01 4.001335315999999809e-01 9.298152530000000082e-01 4.190214628999999746e-01 6.042182389000000375e-01 7.691369858000000059e-01 9.603598263000000523e-01 9.486801489999999726e-01 6.020000669999999721e-01 5.046611121999999838e-01 9.311465714000000116e-01 0.000000000000000000e+00 8.068006294999999772e-01 1.000000000000000000e+00 1.000000000000000000e+00 1.000000000000000000e+00
