462.0 116.0 46.0 3.0 18.0 18.0 18.0 4.0 15.0 39.0 27.0 1.0 1.0 22.0 3.0 40.0 18.0 14.0 9.0 13.0 2.0 4.0 14.0 2.0 3.0 4.0 0.0 27.0 25.0 12.0 2.0 1.0 0.0 3.0 2.0 2.0 1.0 9.0 0.0 1.0 1.0 0.0
116.0 533.0 15.0 5.0 9.0 32.0 7.0 5.0 10.0 81.0 25.0 1.0 10.0 53.0 8.0 82.0 18.0 40.0 20.0 16.0 2.0 3.0 24.0 0.0 7.0 1.0 0.0 29.0 19.0 10.0 1.0 2.0 0.0 2.0 8.0 0.0 1.0 12.0 2.0 1.0 3.0 0.0
46.0 15.0 329.0 35.0 15.0 1.0 15.0 10.0 3.0 25.0 9.0 8.0 16.0 4.0 1.0 6.0 11.0 16.0 5.0 2.0 1.0 14.0 11.0 0.0 0.0 0.0 0.0 2.0 1.0 4.0 0.0 0.0 0.0 0.0 0.0 0.0 0.0 0.0 0.0 1.0 0.0 0.0
3.0 5.0 35.0 478.0 4.0 69.0 13.0 12.0 2.0 12.0 5.0 46.0 44.0 37.0 27.0 5.0 7.0 61.0 17.0 7.0 43.0 38.0 54.0 0.0 56.0 6.0 4.0 3.0 2.0 3.0 1.0 0.0 0.0 1.0 0.0 0.0 2.0 0.0 0.0 2.0 1.0 0.0
18.0 9.0 15.0 4.0 195.0 38.0 59.0 1.0 30.0 8.0 4.0 1.0 5.0 1.0 3.0 14.0 36.0 5.0 0.0 1.0 0.0 0.0 5.0 0.0 27.0 9.0 0.0 0.0 13.0 12.0 13.0 0.0 0.0 13.0 0.0 0.0 3.0 0.0 0.0 8.0 2.0 0.0
18.0 32.0 1.0 69.0 38.0 1023.0 79.0 34.0 9.0 14.0 1.0 3.0 38.0 63.0 63.0 30.0 8.0 214.0 72.0 36.0 54.0 35.0 181.0 4.0 112.0 48.0 14.0 8.0 3.0 5.0 4.0 0.0 1.0 1.0 0.0 0.0 3.0 1.0 5.0 7.0 1.0 1.0
18.0 7.0 15.0 13.0 59.0 79.0 317.0 1.0 24.0 8.0 3.0 10.0 4.0 2.0 7.0 15.0 33.0 7.0 1.0 7.0 0.0 3.0 4.0 0.0 58.0 13.0 1.0 0.0 18.0 13.0 16.0 0.0 1.0 15.0 0.0 0.0 2.0 0.0 0.0 8.0 1.0 1.0
4.0 5.0 10.0 12.0 1.0 34.0 1.0 106.0 0.0 0.0 0.0 1.0 0.0 1.0 1.0 4.0 6.0 1.0 1.0 0.0 0.0 0.0 0.0 0.0 0.0 0.0 0.0 0.0 0.0 2.0 0.0 0.0 0.0 0.0 0.0 0.0 0.0 0.0 0.0 0.0 0.0 0.0
15.0 10.0 3.0 2.0 30.0 9.0 24.0 0.0 332.0 17.0 19.0 4.0 13.0 1.0 4.0 21.0 40.0 2.0 1.0 7.0 1.0 0.0 2.0 0.0 10.0 0.0 0.0 2.0 31.0 13.0 19.0 0.0 5.0 23.0 1.0 3.0 12.0 0.0 0.0 48.0 6.0 0.0
39.0 81.0 25.0 12.0 8.0 14.0 8.0 0.0 17.0 519.0 83.0 3.0 12.0 53.0 2.0 68.0 45.0 23.0 4.0 0.0 1.0 8.0 11.0 0.0 9.0 1.0 1.0 9.0 9.0 0.0 6.0 0.0 5.0 1.0 6.0 0.0 1.0 1.0 0.0 13.0 1.0 0.0
27.0 25.0 9.0 5.0 4.0 1.0 3.0 0.0 19.0 83.0 338.0 9.0 21.0 30.0 4.0 25.0 30.0 4.0 1.0 0.0 0.0 1.0 3.0 0.0 3.0 1.0 0.0 0.0 5.0 1.0 1.0 0.0 0.0 0.0 0.0 1.0 0.0 0.0 0.0 1.0 0.0 0.0
1.0 1.0 8.0 46.0 1.0 3.0 10.0 1.0 4.0 3.0 9.0 215.0 19.0 9.0 26.0 1.0 13.0 9.0 2.0 0.0 0.0 8.0 6.0 0.0 14.0 0.0 0.0 0.0 2.0 3.0 3.0 0.0 2.0 1.0 0.0 1.0 0.0 0.0 0.0 0.0 1.0 0.0
1.0 10.0 16.0 44.0 5.0 38.0 4.0 0.0 13.0 12.0 21.0 19.0 312.0 55.0 54.0 8.0 4.0 38.0 9.0 6.0 18.0 3.0 38.0 0.0 22.0 0.0 0.0 0.0 3.0 3.0 1.0 0.0 0.0 0.0 0.0 1.0 0.0 0.0 0.0 0.0 0.0 0.0
22.0 53.0 4.0 37.0 1.0 63.0 2.0 1.0 1.0 53.0 30.0 9.0 55.0 407.0 67.0 51.0 23.0 90.0 15.0 10.0 34.0 12.0 74.0 15.0 48.0 3.0 7.0 2.0 3.0 0.0 1.0 0.0 0.0 1.0 0.0 0.0 1.0 1.0 1.0 0.0 1.0 0.0
3.0 8.0 1.0 27.0 3.0 63.0 7.0 1.0 4.0 2.0 4.0 26.0 54.0 67.0 277.0 6.0 12.0 41.0 8.0 7.0 18.0 4.0 36.0 0.0 44.0 1.0 7.0 1.0 3.0 0.0 2.0 0.0 2.0 1.0 0.0 0.0 0.0 0.0 0.0 0.0 1.0 0.0
40.0 82.0 6.0 5.0 14.0 30.0 15.0 4.0 21.0 68.0 25.0 1.0 8.0 51.0 6.0 311.0 21.0 30.0 14.0 16.0 2.0 1.0 18.0 0.0 15.0 2.0 1.0 5.0 18.0 14.0 13.0 1.0 0.0 13.0 0.0 0.0 1.0 0.0 0.0 0.0 1.0 0.0
18.0 18.0 11.0 7.0 36.0 8.0 33.0 6.0 40.0 45.0 30.0 13.0 4.0 23.0 12.0 21.0 298.0 14.0 2.0 1.0 1.0 0.0 15.0 13.0 14.0 0.0 5.0 0.0 13.0 13.0 12.0 1.0 0.0 13.0 1.0 0.0 1.0 0.0 0.0 10.0 3.0 0.0
14.0 40.0 16.0 61.0 5.0 214.0 7.0 1.0 2.0 23.0 4.0 9.0 38.0 90.0 41.0 30.0 14.0 1497.0 198.0 106.0 195.0 78.0 565.0 84.0 26.0 20.0 1.0 59.0 3.0 7.0 4.0 0.0 1.0 1.0 0.0 0.0 1.0 1.0 1.0 0.0 1.0 1.0
9.0 20.0 5.0 17.0 0.0 72.0 1.0 1.0 1.0 4.0 1.0 2.0 9.0 15.0 8.0 14.0 2.0 198.0 581.0 48.0 94.0 28.0 174.0 50.0 1.0 13.0 0.0 16.0 1.0 3.0 3.0 0.0 0.0 0.0 0.0 0.0 0.0 2.0 1.0 0.0 0.0 1.0
13.0 16.0 2.0 7.0 1.0 36.0 7.0 0.0 7.0 0.0 0.0 0.0 6.0 10.0 7.0 16.0 1.0 106.0 48.0 393.0 87.0 12.0 105.0 70.0 4.0 2.0 0.0 19.0 8.0 12.0 6.0 0.0 1.0 0.0 0.0 0.0 7.0 1.0 9.0 6.0 0.0 0.0
2.0 2.0 1.0 43.0 0.0 54.0 0.0 0.0 1.0 1.0 0.0 0.0 18.0 34.0 18.0 2.0 1.0 195.0 94.0 87.0 570.0 7.0 189.0 93.0 41.0 5.0 3.0 20.0 3.0 2.0 1.0 0.0 0.0 0.0 0.0 0.0 0.0 0.0 0.0 0.0 0.0 0.0
4.0 3.0 14.0 38.0 0.0 35.0 3.0 0.0 0.0 8.0 1.0 8.0 3.0 12.0 4.0 1.0 0.0 78.0 28.0 12.0 7.0 317.0 65.0 11.0 3.0 6.0 2.0 6.0 0.0 6.0 1.0 0.0 1.0 0.0 0.0 0.0 0.0 1.0 1.0 1.0 0.0 0.0
14.0 24.0 11.0 54.0 5.0 181.0 4.0 0.0 2.0 11.0 3.0 6.0 38.0 74.0 36.0 18.0 15.0 565.0 174.0 105.0 189.0 65.0 1262.0 83.0 24.0 16.0 1.0 56.0 3.0 6.0 5.0 0.0 0.0 1.0 0.0 0.0 1.0 1.0 1.0 1.0 1.0 0.0
2.0 0.0 0.0 0.0 0.0 4.0 0.0 0.0 0.0 0.0 0.0 0.0 0.0 15.0 0.0 0.0 13.0 84.0 50.0 70.0 93.0 11.0 83.0 254.0 0.0 1.0 0.0 2.0 1.0 2.0 1.0 0.0 0.0 0.0 0.0 1.0 0.0 1.0 0.0 0.0 1.0 0.0
3.0 7.0 0.0 56.0 27.0 112.0 58.0 0.0 10.0 9.0 3.0 14.0 22.0 48.0 44.0 15.0 14.0 26.0 1.0 4.0 41.0 3.0 24.0 0.0 488.0 23.0 9.0 1.0 16.0 3.0 7.0 0.0 3.0 3.0 1.0 0.0 2.0 0.0 0.0 8.0 1.0 0.0
4.0 1.0 0.0 6.0 9.0 48.0 13.0 0.0 0.0 1.0 1.0 0.0 0.0 3.0 1.0 2.0 0.0 20.0 13.0 2.0 5.0 6.0 16.0 1.0 23.0 164.0 23.0 1.0 1.0 0.0 1.0 1.0 0.0 0.0 0.0 0.0 0.0 0.0 0.0 0.0 0.0 0.0
0.0 0.0 0.0 4.0 0.0 14.0 1.0 0.0 0.0 1.0 0.0 0.0 0.0 7.0 7.0 1.0 5.0 1.0 0.0 0.0 3.0 2.0 1.0 0.0 9.0 23.0 66.0 0.0 1.0 0.0 0.0 0.0 0.0 0.0 0.0 0.0 0.0 0.0 0.0 0.0 0.0 0.0
27.0 29.0 2.0 3.0 0.0 8.0 0.0 0.0 2.0 9.0 0.0 0.0 0.0 2.0 1.0 5.0 0.0 59.0 16.0 19.0 20.0 6.0 56.0 2.0 1.0 1.0 0.0 412.0 27.0 25.0 12.0 1.0 8.0 0.0 7.0 1.0 0.0 17.0 2.0 9.0 0.0 0.0
25.0 19.0 1.0 2.0 13.0 3.0 18.0 0.0 31.0 9.0 5.0 2.0 3.0 3.0 3.0 18.0 13.0 3.0 1.0 8.0 3.0 0.0 3.0 1.0 16.0 1.0 1.0 27.0 486.0 24.0 49.0 7.0 31.0 38.0 8.0 18.0 8.0 1.0 6.0 7.0 1.0 1.0
12.0 10.0 4.0 3.0 12.0 5.0 13.0 2.0 13.0 0.0 1.0 3.0 3.0 0.0 0.0 14.0 13.0 7.0 3.0 12.0 2.0 6.0 6.0 2.0 3.0 0.0 0.0 25.0 24.0 233.0 19.0 0.0 3.0 12.0 7.0 3.0 1.0 8.0 8.0 2.0 3.0 2.0
2.0 1.0 0.0 1.0 13.0 4.0 16.0 0.0 19.0 6.0 1.0 3.0 1.0 1.0 2.0 13.0 12.0 4.0 3.0 6.0 1.0 1.0 5.0 1.0 7.0 1.0 0.0 12.0 49.0 19.0 273.0 4.0 49.0 36.0 25.0 17.0 5.0 3.0 2.0 9.0 4.0 0.0
1.0 2.0 0.0 0.0 0.0 0.0 0.0 0.0 0.0 0.0 0.0 0.0 0.0 0.0 0.0 1.0 1.0 0.0 0.0 0.0 0.0 0.0 0.0 0.0 0.0 1.0 0.0 1.0 7.0 0.0 4.0 160.0 7.0 1.0 0.0 6.0 1.0 1.0 7.0 0.0 0.0 0.0
0.0 0.0 0.0 0.0 0.0 1.0 1.0 0.0 5.0 5.0 0.0 2.0 0.0 0.0 2.0 0.0 0.0 1.0 0.0 1.0 0.0 1.0 0.0 0.0 3.0 0.0 0.0 8.0 31.0 3.0 49.0 7.0 168.0 18.0 22.0 14.0 1.0 1.0 2.0 7.0 1.0 0.0
3.0 2.0 0.0 1.0 13.0 1.0 15.0 0.0 23.0 1.0 0.0 1.0 0.0 1.0 1.0 13.0 13.0 1.0 0.0 0.0 0.0 0.0 1.0 0.0 3.0 0.0 0.0 0.0 38.0 12.0 36.0 1.0 18.0 133.0 12.0 33.0 2.0 0.0 1.0 2.0 2.0 0.0
2.0 8.0 0.0 0.0 0.0 0.0 0.0 0.0 1.0 6.0 0.0 0.0 0.0 0.0 0.0 0.0 1.0 0.0 0.0 0.0 0.0 0.0 0.0 0.0 1.0 0.0 0.0 7.0 8.0 7.0 25.0 0.0 22.0 12.0 154.0 26.0 0.0 20.0 7.0 13.0 15.0 0.0
2.0 0.0 0.0 0.0 0.0 0.0 0.0 0.0 3.0 0.0 1.0 1.0 1.0 0.0 0.0 0.0 0.0 0.0 0.0 0.0 0.0 0.0 0.0 1.0 0.0 0.0 0.0 1.0 18.0 3.0 17.0 6.0 14.0 33.0 26.0 127.0 0.0 13.0 1.0 3.0 14.0 0.0
1.0 1.0 0.0 2.0 3.0 3.0 2.0 0.0 12.0 1.0 0.0 0.0 0.0 1.0 0.0 1.0 1.0 1.0 0.0 7.0 0.0 0.0 1.0 0.0 2.0 0.0 0.0 0.0 8.0 1.0 5.0 1.0 1.0 2.0 0.0 0.0 179.0 15.0 9.0 36.0 30.0 0.0
9.0 12.0 0.0 0.0 0.0 1.0 0.0 0.0 0.0 1.0 0.0 0.0 0.0 1.0 0.0 0.0 0.0 1.0 2.0 1.0 0.0 1.0 1.0 1.0 0.0 0.0 0.0 17.0 1.0 8.0 3.0 1.0 1.0 0.0 20.0 13.0 15.0 266.0 15.0 15.0 24.0 0.0
0.0 2.0 0.0 0.0 0.0 5.0 0.0 0.0 0.0 0.0 0.0 0.0 0.0 1.0 0.0 0.0 0.0 1.0 1.0 9.0 0.0 1.0 1.0 0.0 0.0 0.0 0.0 2.0 6.0 8.0 2.0 7.0 2.0 1.0 7.0 1.0 9.0 15.0 202.0 1.0 13.0 0.0
1.0 1.0 1.0 2.0 8.0 7.0 8.0 0.0 48.0 13.0 1.0 0.0 0.0 0.0 0.0 0.0 10.0 0.0 0.0 6.0 0.0 1.0 1.0 0.0 8.0 0.0 0.0 9.0 7.0 2.0 9.0 0.0 7.0 2.0 13.0 3.0 36.0 15.0 1.0 252.0 37.0 0.0
1.0 3.0 0.0 1.0 2.0 1.0 1.0 0.0 6.0 1.0 0.0 1.0 0.0 1.0 1.0 1.0 3.0 1.0 0.0 0.0 0.0 0.0 1.0 1.0 1.0 0.0 0.0 0.0 1.0 3.0 4.0 0.0 1.0 2.0 15.0 14.0 30.0 24.0 13.0 37.0 146.0 0.0
0.0 0.0 0.0 0.0 0.0 1.0 1.0 0.0 0.0 0.0 0.0 0.0 0.0 0.0 0.0 0.0 0.0 1.0 1.0 0.0 0.0 0.0 0.0 0.0 0.0 0.0 0.0 0.0 1.0 2.0 0.0 0.0 0.0 0.0 0.0 0.0 0.0 0.0 0.0 0.0 0.0 22.0
