3209.0 687.0 311.0 10.0 307.0 87.0 299.0 73.0 38.0 245.0 142.0 6.0 6.0 125.0 6.0 223.0 272.0 69.0 41.0 73.0 4.0 11.0 64.0 4.0 10.0 4.0 0.0 125.0 143.0 135.0 23.0 3.0 12.0 8.0 15.0 6.0 10.0 22.0 1.0 7.0 5.0 0.0
687.0 3436.0 108.0 17.0 69.0 463.0 61.0 67.0 29.0 422.0 134.0 7.0 372.0 587.0 364.0 821.0 98.0 510.0 376.0 421.0 4.0 6.0 442.0 3.0 16.0 1.0 0.0 93.0 81.0 39.0 15.0 5.0 3.0 8.0 53.0 2.0 7.0 38.0 7.0 5.0 8.0 2.0
311.0 108.0 2406.0 163.0 129.0 25.0 122.0 203.0 6.0 101.0 56.0 50.0 92.0 34.0 8.0 42.0 73.0 76.0 26.0 6.0 3.0 105.0 67.0 0.0 2.0 0.0 0.0 8.0 6.0 88.0 0.0 0.0 0.0 0.0 1.0 0.0 4.0 0.0 6.0 3.0 0.0 1.0
10.0 17.0 163.0 4159.0 33.0 811.0 101.0 171.0 10.0 38.0 38.0 354.0 257.0 281.0 162.0 22.0 65.0 649.0 344.0 54.0 457.0 242.0 636.0 3.0 620.0 72.0 68.0 2.0 6.0 12.0 5.0 3.0 0.0 5.0 0.0 0.0 15.0 0.0 1.0 6.0 6.0 1.0
307.0 69.0 129.0 33.0 1556.0 239.0 612.0 4.0 173.0 68.0 15.0 3.0 10.0 6.0 7.0 90.0 417.0 32.0 1.0 3.0 1.0 1.0 30.0 0.0 178.0 102.0 0.0 1.0 87.0 79.0 85.0 0.0 0.0 84.0 0.0 0.0 16.0 0.0 0.0 61.0 6.0 0.0
87.0 463.0 25.0 811.0 239.0 8327.0 462.0 443.0 67.0 108.0 35.0 46.0 540.0 682.0 618.0 501.0 95.0 1846.0 969.0 532.0 379.0 135.0 1734.0 35.0 1001.0 668.0 485.0 17.0 11.0 11.0 10.0 4.0 2.0 5.0 1.0 2.0 10.0 3.0 28.0 61.0 6.0 7.0
299.0 61.0 122.0 101.0 612.0 462.0 2237.0 4.0 154.0 64.0 7.0 75.0 9.0 5.0 27.0 84.0 398.0 54.0 36.0 16.0 12.0 8.0 50.0 2.0 367.0 106.0 2.0 0.0 96.0 81.0 90.0 1.0 3.0 81.0 0.0 2.0 5.0 2.0 3.0 60.0 1.0 2.0
73.0 67.0 203.0 171.0 4.0 443.0 4.0 1561.0 0.0 3.0 0.0 3.0 2.0 3.0 4.0 65.0 81.0 7.0 7.0 0.0 1.0 3.0 6.0 3.0 1.0 3.0 0.0 0.0 2.0 5.0 0.0 0.0 0.0 0.0 0.0 1.0 0.0 0.0 0.0 0.0 0.0 3.0
38.0 29.0 6.0 10.0 173.0 67.0 154.0 0.0 2045.0 162.0 135.0 12.0 76.0 7.0 11.0 105.0 287.0 7.0 4.0 18.0 3.0 0.0 7.0 0.0 70.0 0.0 0.0 10.0 153.0 81.0 103.0 2.0 10.0 107.0 9.0 10.0 33.0 2.0 4.0 317.0 25.0 1.0
245.0 422.0 101.0 38.0 68.0 108.0 64.0 3.0 162.0 3587.0 685.0 17.0 48.0 283.0 10.0 644.0 291.0 92.0 14.0 0.0 2.0 17.0 27.0 0.0 66.0 31.0 29.0 28.0 38.0 0.0 28.0 0.0 21.0 5.0 27.0 83.0 8.0 3.0 0.0 83.0 7.0 0.0
142.0 134.0 56.0 38.0 15.0 35.0 7.0 0.0 135.0 685.0 2450.0 49.0 221.0 184.0 44.0 233.0 250.0 42.0 9.0 1.0 1.0 1.0 38.0 1.0 7.0 0.0 0.0 1.0 19.0 1.0 3.0 0.0 0.0 1.0 1.0 87.0 0.0 0.0 0.0 4.0 2.0 1.0
6.0 7.0 50.0 354.0 3.0 46.0 75.0 3.0 12.0 17.0 49.0 1344.0 108.0 52.0 74.0 22.0 41.0 49.0 26.0 0.0 2.0 38.0 41.0 0.0 177.0 0.0 0.0 1.0 4.0 13.0 4.0 0.0 3.0 2.0 0.0 1.0 0.0 0.0 0.0 0.0 1.0 0.0
6.0 372.0 92.0 257.0 10.0 540.0 9.0 2.0 76.0 48.0 221.0 108.0 2881.0 794.0 775.0 382.0 23.0 533.0 339.0 358.0 107.0 15.0 529.0 0.0 119.0 0.0 1.0 1.0 3.0 12.0 1.0 0.0 0.0 0.0 0.0 1.0 2.0 0.0 0.0 3.0 0.0 0.0
125.0 587.0 34.0 281.0 6.0 682.0 5.0 3.0 7.0 283.0 184.0 52.0 794.0 3676.0 885.0 640.0 327.0 1028.0 397.0 377.0 252.0 51.0 947.0 247.0 315.0 35.0 80.0 6.0 7.0 0.0 5.0 0.0 0.0 5.0 0.0 0.0 5.0 1.0 2.0 0.0 5.0 2.0
6.0 364.0 8.0 162.0 7.0 618.0 27.0 4.0 11.0 10.0 44.0 74.0 775.0 885.0 2208.0 363.0 98.0 544.0 340.0 359.0 108.0 9.0 529.0 0.0 231.0 5.0 57.0 2.0 4.0 1.0 3.0 0.0 4.0 1.0 0.0 1.0 0.0 0.0 2.0 0.0 2.0 1.0
223.0 821.0 42.0 22.0 90.0 501.0 84.0 65.0 105.0 644.0 233.0 22.0 382.0 640.0 363.0 3199.0 169.0 492.0 366.0 415.0 10.0 4.0 424.0 2.0 53.0 33.0 29.0 9.0 99.0 82.0 84.0 1.0 0.0 86.0 1.0 82.0 5.0 2.0 3.0 3.0 5.0 1.0
272.0 98.0 73.0 65.0 417.0 95.0 398.0 81.0 287.0 291.0 250.0 41.0 23.0 327.0 98.0 169.0 2646.0 276.0 13.0 21.0 7.0 1.0 275.0 237.0 114.0 0.0 50.0 5.0 89.0 84.0 87.0 1.0 2.0 83.0 3.0 3.0 3.0 1.0 1.0 79.0 20.0 2.0
69.0 510.0 76.0 649.0 32.0 1846.0 54.0 7.0 7.0 92.0 42.0 49.0 533.0 1028.0 544.0 492.0 276.0 11963.0 2495.0 1496.0 1955.0 418.0 5260.0 1201.0 245.0 81.0 45.0 402.0 9.0 109.0 49.0 1.0 1.0 5.0 2.0 0.0 5.0 5.0 5.0 2.0 5.0 2.0
41.0 376.0 26.0 344.0 1.0 969.0 36.0 7.0 4.0 14.0 9.0 26.0 339.0 397.0 340.0 366.0 13.0 2495.0 6392.0 1010.0 1289.0 209.0 2375.0 869.0 46.0 32.0 7.0 59.0 2.0 60.0 10.0 0.0 0.0 1.0 4.0 1.0 0.0 6.0 8.0 2.0 0.0 1.0
73.0 421.0 6.0 54.0 3.0 532.0 16.0 0.0 18.0 0.0 1.0 0.0 358.0 377.0 359.0 415.0 21.0 1496.0 1010.0 3977.0 1052.0 53.0 1475.0 958.0 52.0 8.0 6.0 76.0 23.0 124.0 45.0 3.0 2.0 5.0 7.0 2.0 22.0 5.0 44.0 19.0 1.0 2.0
4.0 4.0 3.0 457.0 1.0 379.0 12.0 1.0 3.0 2.0 1.0 2.0 107.0 252.0 108.0 10.0 7.0 1955.0 1289.0 1052.0 5523.0 32.0 1931.0 1275.0 458.0 71.0 70.0 119.0 8.0 65.0 8.0 3.0 0.0 2.0 4.0 2.0 1.0 6.0 4.0 4.0 0.0 2.0
11.0 6.0 105.0 242.0 1.0 135.0 8.0 3.0 0.0 17.0 1.0 38.0 15.0 51.0 9.0 4.0 1.0 418.0 209.0 53.0 32.0 1992.0 385.0 139.0 7.0 12.0 2.0 17.0 0.0 16.0 1.0 1.0 0.0 0.0 0.0 0.0 1.0 1.0 3.0 2.0 1.0 1.0
64.0 442.0 67.0 636.0 30.0 1734.0 50.0 6.0 7.0 27.0 38.0 41.0 529.0 947.0 529.0 424.0 275.0 5260.0 2375.0 1475.0 1931.0 385.0 10904.0 1199.0 238.0 73.0 43.0 386.0 10.0 105.0 45.0 0.0 0.0 5.0 4.0 0.0 6.0 2.0 6.0 4.0 5.0 1.0
4.0 3.0 0.0 3.0 0.0 35.0 2.0 3.0 0.0 0.0 1.0 0.0 0.0 247.0 0.0 2.0 237.0 1201.0 869.0 958.0 1275.0 139.0 1199.0 3403.0 2.0 3.0 1.0 9.0 2.0 58.0 3.0 0.0 0.0 1.0 0.0 2.0 0.0 3.0 1.0 0.0 2.0 1.0
10.0 16.0 2.0 620.0 178.0 1001.0 367.0 1.0 70.0 66.0 7.0 177.0 119.0 315.0 231.0 53.0 114.0 245.0 46.0 52.0 458.0 7.0 238.0 2.0 3708.0 306.0 213.0 4.0 112.0 10.0 17.0 0.0 5.0 9.0 0.0 1.0 11.0 2.0 3.0 61.0 5.0 0.0
4.0 1.0 0.0 72.0 102.0 668.0 106.0 3.0 0.0 31.0 0.0 0.0 0.0 35.0 5.0 33.0 0.0 81.0 32.0 8.0 71.0 12.0 73.0 3.0 306.0 1604.0 507.0 1.0 2.0 1.0 2.0 1.0 0.0 0.0 0.0 0.0 0.0 0.0 0.0 0.0 0.0 0.0
0.0 0.0 0.0 68.0 0.0 485.0 2.0 0.0 0.0 29.0 0.0 0.0 1.0 80.0 57.0 29.0 50.0 45.0 7.0 6.0 70.0 2.0 43.0 1.0 213.0 507.0 1174.0 0.0 2.0 0.0 0.0 0.0 0.0 0.0 0.0 0.0 1.0 0.0 0.0 0.0 0.0 0.0
125.0 93.0 8.0 2.0 1.0 17.0 0.0 0.0 10.0 28.0 1.0 1.0 1.0 6.0 2.0 9.0 5.0 402.0 59.0 76.0 119.0 17.0 386.0 9.0 4.0 1.0 0.0 2645.0 190.0 200.0 165.0 8.0 85.0 3.0 47.0 28.0 3.0 39.0 13.0 32.0 3.0 2.0
143.0 81.0 6.0 6.0 87.0 11.0 96.0 2.0 153.0 38.0 19.0 4.0 3.0 7.0 4.0 99.0 89.0 9.0 2.0 23.0 8.0 0.0 10.0 2.0 112.0 2.0 2.0 190.0 3378.0 181.0 281.0 90.0 271.0 354.0 52.0 232.0 62.0 2.0 15.0 29.0 6.0 5.0
135.0 39.0 88.0 12.0 79.0 11.0 81.0 5.0 81.0 0.0 1.0 13.0 12.0 0.0 1.0 82.0 84.0 109.0 60.0 124.0 65.0 16.0 105.0 58.0 10.0 1.0 0.0 200.0 181.0 1956.0 221.0 7.0 67.0 84.0 39.0 39.0 9.0 60.0 42.0 7.0 6.0 2.0
23.0 15.0 0.0 5.0 85.0 10.0 90.0 0.0 103.0 28.0 3.0 4.0 1.0 5.0 3.0 84.0 87.0 49.0 10.0 45.0 8.0 1.0 45.0 3.0 17.0 2.0 0.0 165.0 281.0 221.0 2217.0 29.0 429.0 387.0 311.0 268.0 36.0 91.0 30.0 45.0 20.0 6.0
3.0 5.0 0.0 3.0 0.0 4.0 1.0 0.0 2.0 0.0 0.0 0.0 0.0 0.0 0.0 1.0 1.0 1.0 0.0 3.0 3.0 1.0 0.0 0.0 0.0 1.0 0.0 8.0 90.0 7.0 29.0 1714.0 43.0 4.0 6.0 169.0 22.0 4.0 14.0 3.0 2.0 0.0
12.0 3.0 0.0 0.0 0.0 2.0 3.0 0.0 10.0 21.0 0.0 3.0 0.0 0.0 4.0 0.0 2.0 1.0 0.0 2.0 0.0 0.0 0.0 0.0 5.0 0.0 0.0 85.0 271.0 67.0 429.0 43.0 1383.0 275.0 298.0 265.0 17.0 7.0 12.0 24.0 7.0 3.0
8.0 8.0 0.0 5.0 84.0 5.0 81.0 0.0 107.0 5.0 1.0 2.0 0.0 5.0 1.0 86.0 83.0 5.0 1.0 5.0 2.0 0.0 5.0 1.0 9.0 0.0 0.0 3.0 354.0 84.0 387.0 4.0 275.0 1359.0 259.0 476.0 9.0 0.0 4.0 4.0 7.0 4.0
15.0 53.0 1.0 0.0 0.0 1.0 0.0 0.0 9.0 27.0 1.0 0.0 0.0 0.0 0.0 1.0 3.0 2.0 4.0 7.0 4.0 0.0 4.0 0.0 0.0 0.0 0.0 47.0 52.0 39.0 311.0 6.0 298.0 259.0 1538.0 443.0 5.0 240.0 43.0 45.0 180.0 5.0
6.0 2.0 0.0 0.0 0.0 2.0 2.0 1.0 10.0 83.0 87.0 1.0 1.0 0.0 1.0 82.0 3.0 0.0 1.0 2.0 2.0 0.0 0.0 2.0 1.0 0.0 0.0 28.0 232.0 39.0 268.0 169.0 265.0 476.0 443.0 2030.0 1.0 172.0 4.0 7.0 176.0 4.0
10.0 7.0 4.0 15.0 16.0 10.0 5.0 0.0 33.0 8.0 0.0 0.0 2.0 5.0 0.0 5.0 3.0 5.0 0.0 22.0 1.0 1.0 6.0 0.0 11.0 0.0 1.0 3.0 62.0 9.0 36.0 22.0 17.0 9.0 5.0 1.0 1236.0 60.0 40.0 234.0 267.0 2.0
22.0 38.0 0.0 0.0 0.0 3.0 2.0 0.0 2.0 3.0 0.0 0.0 0.0 1.0 0.0 2.0 1.0 5.0 6.0 5.0 6.0 1.0 2.0 3.0 2.0 0.0 0.0 39.0 2.0 60.0 91.0 4.0 7.0 0.0 240.0 172.0 60.0 1806.0 47.0 53.0 208.0 1.0
1.0 7.0 6.0 1.0 0.0 28.0 3.0 0.0 4.0 0.0 0.0 0.0 0.0 2.0 2.0 3.0 1.0 5.0 8.0 44.0 4.0 3.0 6.0 1.0 3.0 0.0 0.0 13.0 15.0 42.0 30.0 14.0 12.0 4.0 43.0 4.0 40.0 47.0 971.0 20.0 62.0 0.0
7.0 5.0 3.0 6.0 61.0 61.0 60.0 0.0 317.0 83.0 4.0 0.0 3.0 0.0 0.0 3.0 79.0 2.0 2.0 19.0 4.0 2.0 4.0 0.0 61.0 0.0 0.0 32.0 29.0 7.0 45.0 3.0 24.0 4.0 45.0 7.0 234.0 53.0 20.0 1541.0 256.0 0.0
5.0 8.0 0.0 6.0 6.0 6.0 1.0 0.0 25.0 7.0 2.0 1.0 0.0 5.0 2.0 5.0 20.0 5.0 0.0 1.0 0.0 1.0 5.0 2.0 5.0 0.0 0.0 3.0 6.0 6.0 20.0 2.0 7.0 7.0 180.0 176.0 267.0 208.0 62.0 256.0 1179.0 2.0
0.0 2.0 1.0 1.0 0.0 7.0 2.0 3.0 1.0 0.0 1.0 0.0 0.0 2.0 1.0 1.0 2.0 2.0 1.0 2.0 2.0 1.0 1.0 1.0 0.0 0.0 0.0 2.0 5.0 2.0 6.0 0.0 3.0 4.0 5.0 4.0 2.0 1.0 0.0 0.0 2.0 102.0
