0.000000000000000000e+00 1.762179036000000032e-01 6.044413270999999810e-01 7.851310800999999895e-01 6.493120857999999940e-01 7.232717755999999998e-01 6.841003053999999972e-01 3.989952560000000203e-01 7.283632891000000331e-01 5.529467930000000475e-01 6.877065209999999595e-01 8.513061856000000427e-01 7.818903191999999613e-01 7.373851951000000016e-01 7.651430825999999685e-01 3.987089141999999864e-01 6.321863637000000313e-01 8.046739402999999458e-01 8.109358022000000554e-01 6.637480947999999659e-01 7.877994216000000494e-01 8.125557344999999598e-01 8.219022304999999973e-01 8.003116131999999938e-01 7.825748497000000192e-01 7.399018347000000384e-01 8.333458008999999889e-01 7.212117309000000143e-01 5.880911822000000067e-01 7.358710230999999657e-01 8.020221413000000465e-01 9.073124890000000553e-01 8.651996009000000321e-01 6.508098334999999901e-01 7.758351784999999445e-01 7.179425918999999823e-01 8.766088553999999977e-01 8.824069096000000112e-01 8.833179012999999857e-01 8.519181938000000009e-01 8.831309103000000160e-01 7.217219255000000278e-01
1.762179036000000032e-01 -0.000000000000000000e+00 7.010707624999999998e-01 7.867883279999999813e-01 7.342819194999999910e-01 7.161039858000000091e-01 7.491597878000000321e-01 4.947787545999999814e-01 7.605494541999999747e-01 3.008064650000000229e-01 5.134867520000000463e-01 8.422553467000000182e-01 7.578757731999999914e-01 6.528921117000000551e-01 7.514082144000000518e-01 1.733922311999999966e-01 5.487084425999999571e-01 7.567140321999999975e-01 7.544134977999999991e-01 7.185516082999999776e-01 7.403750515999999449e-01 7.646375306999999566e-01 7.650889803999999517e-01 7.330802897999999512e-01 8.140552735999999623e-01 7.283751487999999830e-01 8.455588094000000554e-01 8.015771081000000464e-01 7.353868342999999586e-01 8.132844527000000490e-01 8.615117461000000310e-01 9.056756622999999617e-01 8.978038338999999590e-01 7.748560946000000449e-01 7.038022135000000512e-01 7.913590163999999483e-01 8.499157877999999888e-01 7.732370150999999803e-01 8.938158113999999932e-01 8.278687342999999643e-01 8.407429078999999472e-01 7.482854863000000245e-01
6.044413270999999810e-01 7.010707624999999998e-01 0.000000000000000000e+00 3.524757733000000171e-01 5.273245730000000187e-01 7.626560059000000447e-01 7.373141145999999591e-01 2.805291321000000226e-01 8.519138071999999839e-01 5.612750328000000177e-01 6.536321604000000507e-01 5.096753711000000520e-01 4.240517957000000115e-01 7.200738554000000180e-01 7.149730556000000181e-01 5.547365292999999475e-01 6.518713475999999840e-01 8.114668663999999865e-01 8.229707499999999731e-01 8.331053871000000388e-01 8.354391603999999916e-01 7.253356511999999867e-01 8.150379741000000067e-01 8.145452715000000010e-01 8.673056778000000078e-01 7.998323493000000228e-01 8.838285885000000119e-01 9.048489224000000331e-01 9.279836425999999916e-01 8.883912227000000383e-01 9.427019164000000062e-01 9.799485152000000365e-01 9.688447534999999888e-01 9.213113075000000096e-01 9.389877066999999800e-01 9.413994154999999475e-01 9.376295149000000162e-01 9.685409580999999601e-01 9.115512018000000438e-01 9.411376872000000171e-01 9.609244506999999880e-01 7.612368848999999660e-01
7.851310800999999895e-01 7.867883279999999813e-01 3.524757733000000171e-01 -0.000000000000000000e+00 5.120766593000000144e-01 4.847374118000000176e-01 5.288886457999999458e-01 2.755325086000000034e-01 8.511824984000000427e-01 6.481126552999999513e-01 6.926431870999999463e-01 1.540608991000000094e-01 3.347042580999999850e-01 4.577064686999999799e-01 3.945845705000000092e-01 5.991451483999999938e-01 7.065823408000000416e-01 5.992813179000000545e-01 6.267897940000000112e-01 7.080070518000000090e-01 6.726266036000000392e-01 3.456266258999999841e-01 6.111674245999999533e-01 6.110451259000000412e-01 6.452514365000000529e-01 5.535419757999999746e-01 6.614791821000000072e-01 8.702956264000000219e-01 9.381305802999999610e-01 8.913238029000000173e-01 9.504005611000000409e-01 9.765954829999999864e-01 9.742897003999999583e-01 9.284183268000000266e-01 9.523306266000000075e-01 9.452748577999999791e-01 9.095015294999999611e-01 9.586732095000000120e-01 9.553285318999999998e-01 9.208848875999999795e-01 9.503586367999999895e-01 6.930065551999999851e-01
6.493120857999999940e-01 7.342819194999999910e-01 5.273245730000000187e-01 5.120766593000000144e-01 0.000000000000000000e+00 4.677157042999999792e-01 2.640167337000000058e-01 3.742846866999999800e-01 6.344628791999999962e-01 7.149696818999999870e-01 7.193354953999999690e-01 6.483782353999999470e-01 5.531431256000000074e-01 6.175598475000000365e-01 5.166264377999999491e-01 6.248977763999999935e-01 5.451953273999999849e-01 7.592415273000000520e-01 8.076056211000000040e-01 7.812800496999999789e-01 8.251637617999999508e-01 7.306061805000000353e-01 7.850711250999999891e-01 7.816726531000000033e-01 5.466356406000000279e-01 5.211237353000000017e-01 6.466024992000000138e-01 9.011714990000000425e-01 8.485344267000000107e-01 8.595877835999999883e-01 8.456322719000000099e-01 9.399893796999999607e-01 8.727865994000000294e-01 6.839962406999999800e-01 8.748235543000000281e-01 8.007485482999999737e-01 6.189221682000000113e-01 8.566338458000000156e-01 9.045544781000000034e-01 6.603946559000000160e-01 7.118565262999999588e-01 6.674875409999999620e-01
7.232717755999999998e-01 7.161039858000000091e-01 7.626560059000000447e-01 4.847374118000000176e-01 4.677157042999999792e-01 0.000000000000000000e+00 1.887461169000000105e-01 2.586333129000000230e-01 8.692211016999999984e-01 7.267801778000000379e-01 7.850375786000000078e-01 7.118519341000000278e-01 6.901332719999999643e-01 1.644482029999999873e-01 2.480545419999999890e-01 4.674369359000000168e-01 7.491488170000000224e-01 2.239080870000000056e-01 2.565181087000000248e-01 3.978238906000000075e-01 3.281113041000000008e-01 2.662806708000000078e-01 2.303919731999999887e-01 2.356876756999999878e-01 3.114834691000000211e-01 1.315240111000000045e-01 3.305160441000000171e-01 7.193910878000000508e-01 8.875354988000000445e-01 7.840146268000000029e-01 9.051850227000000082e-01 9.650984808000000470e-01 9.595074636000000545e-01 8.714978488000000301e-01 9.094705550999999666e-01 9.130860598000000161e-01 9.293981199999999943e-01 9.682310945000000002e-01 9.536251408999999457e-01 9.238901715999999764e-01 9.649175119999999772e-01 4.639606874000000158e-01
6.841003053999999972e-01 7.491597878000000321e-01 7.373141145999999591e-01 5.288886457999999458e-01 2.640167337000000058e-01 1.887461169000000105e-01 0.000000000000000000e+00 2.861046620000000096e-01 7.511884133999999769e-01 7.539622125999999591e-01 7.960002369999999994e-01 6.908034334999999526e-01 7.191939769999999843e-01 4.270884942000000017e-01 2.346575901999999880e-01 5.652392515999999922e-01 6.822551418000000201e-01 6.614081111999999818e-01 7.382215452000000511e-01 7.197838702000000088e-01 7.696646692999999928e-01 6.359057653999999893e-01 7.000510770000000216e-01 6.934975461000000285e-01 1.526397689000000002e-01 1.493706277000000082e-01 2.689175024000000080e-01 8.909185119000000430e-01 7.495800986999999749e-01 8.599699480000000396e-01 8.599404606999999645e-01 9.354467789000000533e-01 8.984109149000000238e-01 6.970857138999999592e-01 8.616379040999999628e-01 7.973565216000000344e-01 8.292267046000000308e-01 9.398684884000000350e-01 9.392944407000000107e-01 8.248498374999999605e-01 8.885589393999999697e-01 7.238558620999999693e-01
3.989952560000000203e-01 4.947787545999999814e-01 2.805291321000000226e-01 2.755325086000000034e-01 3.742846866999999800e-01 2.586333129000000230e-01 2.861046620000000096e-01 0.000000000000000000e+00 8.182639825999999950e-01 5.245385861000000371e-01 6.389472542999999893e-01 4.960719136000000251e-01 5.062986058999999761e-01 3.339501029999999981e-01 3.553625731000000232e-01 3.639571497999999905e-01 6.020419080000000145e-01 4.871680124000000167e-01 5.401641553999999568e-01 5.782359173000000130e-01 5.873130114000000290e-01 4.395556063000000124e-01 5.174819300999999871e-01 5.092792510000000439e-01 5.144734183000000405e-01 3.325892061999999871e-01 5.757730146999999743e-01 7.788795191999999812e-01 8.643903613000000208e-01 7.890055271999999453e-01 8.895217788000000514e-01 9.556853579999999848e-01 9.362288897999999637e-01 8.614112541999999761e-01 8.735918620000000523e-01 8.914107012999999968e-01 9.069948909999999698e-01 9.425122056000000414e-01 8.810882019000000343e-01 8.975208732999999661e-01 9.387656291999999514e-01 5.951655286000000489e-01
7.283632891000000331e-01 7.605494541999999747e-01 8.519138071999999839e-01 8.511824984000000427e-01 6.344628791999999962e-01 8.692211016999999984e-01 7.511884133999999769e-01 8.182639825999999950e-01 -0.000000000000000000e+00 6.880167486999999582e-01 6.152755076999999462e-01 8.463616473999999723e-01 6.134199803000000006e-01 8.476353894999999472e-01 8.071276419999999785e-01 6.888671375999999569e-01 5.513009509999999835e-01 9.274120656000000018e-01 9.346852185999999785e-01 8.567388054000000253e-01 9.072922814999999641e-01 9.296032695999999484e-01 9.313836537999999887e-01 9.257355985999999870e-01 8.076602398000000127e-01 8.698716523999999728e-01 8.561890496999999822e-01 8.974546345999999675e-01 6.301330000999999514e-01 8.801091970000000098e-01 7.651642651000000184e-01 9.163565066000000092e-01 8.192451804999999476e-01 4.687190454999999867e-01 8.088115793000000275e-01 4.969421599000000134e-01 6.657095177999999835e-01 8.915624608000000118e-01 9.051901432000000192e-01 3.206831914000000117e-01 7.207255685000000245e-01 3.972344543999999922e-01
5.529467930000000475e-01 3.008064650000000229e-01 5.612750328000000177e-01 6.481126552999999513e-01 7.149696818999999870e-01 7.267801778000000379e-01 7.539622125999999591e-01 5.245385861000000371e-01 6.880167486999999582e-01 0.000000000000000000e+00 1.271411130000000000e-01 6.984612736999999960e-01 5.543633088999999625e-01 6.194372275999999733e-01 7.017463071999999746e-01 9.758093650000000674e-02 3.314092676000000015e-01 7.518274977000000137e-01 7.643739167999999973e-01 7.784567250999999688e-01 7.464588653999999490e-01 7.147999095000000525e-01 7.565976878000000294e-01 7.360753236999999505e-01 8.265492921000000548e-01 7.231206846000000077e-01 8.506196547000000052e-01 8.224985688999999489e-01 8.184791898000000065e-01 8.488784738000000329e-01 8.926793207000000008e-01 9.317318178000000284e-01 9.290365090000000103e-01 8.144303695000000287e-01 8.058417847000000078e-01 8.351704300000000192e-01 9.273655723999999489e-01 9.241074846000000287e-01 9.471264073999999811e-01 8.641534567999999972e-01 9.309702541000000053e-01 7.468744926000000506e-01
6.877065209999999595e-01 5.134867520000000463e-01 6.536321604000000507e-01 6.926431870999999463e-01 7.193354953999999690e-01 7.850375786000000078e-01 7.960002369999999994e-01 6.389472542999999893e-01 6.152755076999999462e-01 1.271411130000000000e-01 0.000000000000000000e+00 6.649139548000000399e-01 4.197585615000000159e-01 6.854074027000000013e-01 7.247781300000000204e-01 3.060650180999999748e-01 1.429528214999999935e-01 7.926434652999999608e-01 8.144159119999999641e-01 8.355597584999999716e-01 7.912444786000000230e-01 7.885030136999999772e-01 8.027096123000000416e-01 7.841566857999999751e-01 8.619770088000000552e-01 7.846569073000000394e-01 8.836660660999999806e-01 8.923978270000000323e-01 8.576260239999999868e-01 9.051984283999999770e-01 9.278486982000000438e-01 9.646869881999999841e-01 9.576530166000000177e-01 8.374224366000000419e-01 8.887081580000000258e-01 8.428114464000000527e-01 9.485777118999999535e-01 9.649335199999999890e-01 9.698606148999999732e-01 8.778476789000000391e-01 9.545540954000000244e-01 7.646821062999999974e-01
8.513061856000000427e-01 8.422553467000000182e-01 5.096753711000000520e-01 1.540608991000000094e-01 6.483782353999999470e-01 7.118519341000000278e-01 6.908034334999999526e-01 4.960719136000000251e-01 8.463616473999999723e-01 6.984612736999999960e-01 6.649139548000000399e-01 -0.000000000000000000e+00 3.503691212999999749e-01 5.990956951000000474e-01 3.933090208999999726e-01 7.107636578999999566e-01 6.948741309999999505e-01 7.986687089999999767e-01 8.284864197000000319e-01 8.585934798000000034e-01 8.350041800999999930e-01 6.195051570999999813e-01 8.113266105999999978e-01 8.100576642000000271e-01 7.523316102999999533e-01 7.585754864000000541e-01 8.049823208999999924e-01 9.377076239999999618e-01 9.414269160999999553e-01 9.429599109999999840e-01 9.683924238000000129e-01 9.818856773999999898e-01 9.808178805999999694e-01 9.386205888999999969e-01 9.705760837000000363e-01 9.501954267000000121e-01 9.481578636999999921e-01 9.783134485000000158e-01 9.761711902999999912e-01 9.494520167000000122e-01 9.774353743000000483e-01 8.355964126999999575e-01
7.818903191999999613e-01 7.578757731999999914e-01 4.240517957000000115e-01 3.347042580999999850e-01 5.531431256000000074e-01 6.901332719999999643e-01 7.191939769999999843e-01 5.062986058999999761e-01 6.134199803000000006e-01 5.543633088999999625e-01 4.197585615000000159e-01 3.503691212999999749e-01 0.000000000000000000e+00 5.532138912999999825e-01 5.364732625999999449e-01 5.881302164999999693e-01 5.264719275000000476e-01 7.151140465999999973e-01 7.496280945000000084e-01 7.871463632999999849e-01 7.453992415000000316e-01 6.553022748000000286e-01 7.279120986999999543e-01 7.243051742999999654e-01 7.849318114000000124e-01 7.573529417000000041e-01 8.247267206999999711e-01 9.016503994000000244e-01 9.221288221000000229e-01 9.145444414000000188e-01 9.497763659000000303e-01 9.809875178000000417e-01 9.735703870999999898e-01 8.970342081000000078e-01 9.516969678000000155e-01 8.929860992999999469e-01 9.226302757000000021e-01 9.683648716999999628e-01 9.616628189000000493e-01 8.733129067999999551e-01 9.546259871000000174e-01 6.548742655999999496e-01
7.373851951000000016e-01 6.528921117000000551e-01 7.200738554000000180e-01 4.577064686999999799e-01 6.175598475000000365e-01 1.644482029999999873e-01 4.270884942000000017e-01 3.339501029999999981e-01 8.476353894999999472e-01 6.194372275999999733e-01 6.854074027000000013e-01 5.990956951000000474e-01 5.532138912999999825e-01 0.000000000000000000e+00 1.743196191999999978e-01 3.760265973999999956e-01 7.217581979999999620e-01 2.423670310000000105e-01 2.827070293000000234e-01 4.255528700999999803e-01 2.931260601999999826e-01 2.893585810000000036e-01 2.599588757999999888e-01 2.619333755000000097e-01 4.419199827999999997e-01 3.466740228999999895e-01 4.991878841999999872e-01 7.106735570000000113e-01 9.066582656999999656e-01 7.704673189999999838e-01 9.216568260999999929e-01 9.701365223000000260e-01 9.687465903999999961e-01 9.104534137999999999e-01 9.206431766999999544e-01 9.247406138999999525e-01 9.519689114999999591e-01 9.644431625999999591e-01 9.584331499999999560e-01 9.319846432999999708e-01 9.733084319000000484e-01 4.579971312000000183e-01
7.651430825999999685e-01 7.514082144000000518e-01 7.149730556000000181e-01 3.945845705000000092e-01 5.166264377999999491e-01 2.480545419999999890e-01 2.346575901999999880e-01 3.553625731000000232e-01 8.071276419999999785e-01 7.017463071999999746e-01 7.247781300000000204e-01 3.933090208999999726e-01 5.364732625999999449e-01 1.743196191999999978e-01 0.000000000000000000e+00 4.936131355999999748e-01 7.052702248000000118e-01 5.694195434000000056e-01 6.253106680000000139e-01 6.757374522000000328e-01 6.229432646000000462e-01 5.320181269999999518e-01 5.888596377000000492e-01 5.876655468000000493e-01 1.827215583000000032e-01 2.674279814000000144e-01 2.967383816999999979e-01 8.599750412000000122e-01 8.360232964999999572e-01 8.653278006000000300e-01 9.297552535999999979e-01 9.678418434000000126e-01 9.591614713999999653e-01 8.375634496999999623e-01 9.256849572999999998e-01 8.850566375999999735e-01 9.386226134999999804e-01 9.755372203000000075e-01 9.669533505999999834e-01 9.218995053999999856e-01 9.726780723000000295e-01 6.848758217000000537e-01
3.987089141999999864e-01 1.733922311999999966e-01 5.547365292999999475e-01 5.991451483999999938e-01 6.248977763999999935e-01 4.674369359000000168e-01 5.652392515999999922e-01 3.639571497999999905e-01 6.888671375999999569e-01 9.758093650000000674e-02 3.060650180999999748e-01 7.107636578999999566e-01 5.881302164999999693e-01 3.760265973999999956e-01 4.936131355999999748e-01 0.000000000000000000e+00 4.256914739000000059e-01 5.417222737000000343e-01 5.496032436000000132e-01 5.867665039999999665e-01 5.418875708999999485e-01 5.537999367000000506e-01 5.437869452000000381e-01 5.219253297999999486e-01 6.104622607999999895e-01 5.073453124000000258e-01 6.405122007000000339e-01 7.336754597000000322e-01 7.439701201999999736e-01 7.729399536000000071e-01 8.549096065000000300e-01 9.250452676999999513e-01 9.137515589000000382e-01 7.537879632999999746e-01 7.852758590999999733e-01 7.966991675000000273e-01 9.021686970000000194e-01 9.067089456000000380e-01 9.319861184000000076e-01 8.461575159999999984e-01 9.111520342000000161e-01 5.725214502000000039e-01
6.321863637000000313e-01 5.487084425999999571e-01 6.518713475999999840e-01 7.065823408000000416e-01 5.451953273999999849e-01 7.491488170000000224e-01 6.822551418000000201e-01 6.020419080000000145e-01 5.513009509999999835e-01 3.314092676000000015e-01 1.429528214999999935e-01 6.948741309999999505e-01 5.264719275000000476e-01 7.217581979999999620e-01 7.052702248000000118e-01 4.256914739000000059e-01 0.000000000000000000e+00 8.241638851000000487e-01 8.416176738999999740e-01 8.279328765000000256e-01 8.282096481999999815e-01 8.128313429000000312e-01 8.354820312999999832e-01 8.184794763999999612e-01 8.040850227000000405e-01 7.492021934000000494e-01 8.402312845999999613e-01 8.873441873999999840e-01 8.318658261000000387e-01 8.806073463000000379e-01 8.833384386999999505e-01 9.330639260999999962e-01 9.119954713000000268e-01 7.568616391000000387e-01 8.764479070999999788e-01 7.664136346000000044e-01 8.566901872000000084e-01 9.318208366000000353e-01 9.347948977000000159e-01 7.904829319999999715e-01 8.812950214000000448e-01 7.139956888999999807e-01
8.046739402999999458e-01 7.567140321999999975e-01 8.114668663999999865e-01 5.992813179000000545e-01 7.592415273000000520e-01 2.239080870000000056e-01 6.614081111999999818e-01 4.871680124000000167e-01 9.274120656000000018e-01 7.518274977000000137e-01 7.926434652999999608e-01 7.986687089999999767e-01 7.151140465999999973e-01 2.423670310000000105e-01 5.694195434000000056e-01 5.417222737000000343e-01 8.241638851000000487e-01 0.000000000000000000e+00 6.900330239999999393e-02 2.403601653999999921e-01 1.070691509000000069e-01 1.761947124000000087e-01 1.296364252999999966e-01 5.045816899999999716e-02 7.593413754000000182e-01 5.014080336999999776e-01 7.069166074999999605e-01 5.826198492999999923e-01 9.516063059999999574e-01 6.894224555000000310e-01 8.983640837999999906e-01 9.697845435999999930e-01 9.619380332000000422e-01 9.556265955999999617e-01 9.362985562000000206e-01 9.441996814999999987e-01 9.717003391999999851e-01 9.662366024999999858e-01 9.582454221999999744e-01 9.597819015999999870e-01 9.807648623000000399e-01 3.945101732999999888e-01
8.109358022000000554e-01 7.544134977999999991e-01 8.229707499999999731e-01 6.267897940000000112e-01 8.076056211000000040e-01 2.565181087000000248e-01 7.382215452000000511e-01 5.401641553999999568e-01 9.346852185999999785e-01 7.643739167999999973e-01 8.144159119999999641e-01 8.284864197000000319e-01 7.496280945000000084e-01 2.827070293000000234e-01 6.253106680000000139e-01 5.496032436000000132e-01 8.416176738999999740e-01 6.900330239999999393e-02 -0.000000000000000000e+00 2.090410199999999941e-01 8.591600509999999802e-02 1.739180263000000004e-01 2.927646899999999941e-02 9.474314600000000378e-03 8.116274101999999546e-01 5.368519096999999629e-01 7.278586515999999618e-01 6.003049472999999470e-01 9.497247514000000113e-01 7.090911683999999715e-01 8.803642592000000544e-01 9.558572753999999838e-01 9.448831327000000169e-01 9.469600270000000375e-01 9.360530307000000105e-01 9.303195139000000058e-01 9.673409421999999980e-01 9.590923419000000338e-01 9.542831556999999965e-01 9.581914308000000213e-01 9.746461118999999451e-01 3.071435811000000071e-01
6.637480947999999659e-01 7.185516082999999776e-01 8.331053871000000388e-01 7.080070518000000090e-01 7.812800496999999789e-01 3.978238906000000075e-01 7.197838702000000088e-01 5.782359173000000130e-01 8.567388054000000253e-01 7.784567250999999688e-01 8.355597584999999716e-01 8.585934798000000034e-01 7.871463632999999849e-01 4.255528700999999803e-01 6.757374522000000328e-01 5.867665039999999665e-01 8.279328765000000256e-01 2.403601653999999921e-01 2.090410199999999941e-01 0.000000000000000000e+00 1.731574285999999963e-01 3.624496469999999859e-01 2.494931160999999953e-01 2.230186705999999963e-01 7.971815556000000358e-01 6.239600477000000200e-01 7.665622916000000009e-01 3.356414300000000184e-01 8.221304587000000108e-01 4.100853985999999840e-01 5.735156739000000226e-01 8.331837348999999726e-01 7.384269300000000369e-01 7.798835071999999924e-01 7.884088843000000013e-01 7.044900528999999967e-01 8.866937574000000044e-01 8.777427244000000073e-01 8.292966091000000262e-01 8.595299104000000412e-01 8.876505672000000180e-01 4.024408816999999750e-01
7.877994216000000494e-01 7.403750515999999449e-01 8.354391603999999916e-01 6.726266036000000392e-01 8.251637617999999508e-01 3.281113041000000008e-01 7.696646692999999928e-01 5.873130114000000290e-01 9.072922814999999641e-01 7.464588653999999490e-01 7.912444786000000230e-01 8.350041800999999930e-01 7.453992415000000316e-01 2.931260601999999826e-01 6.229432646000000462e-01 5.418875708999999485e-01 8.282096481999999815e-01 1.070691509000000069e-01 8.591600509999999802e-02 1.731574285999999963e-01 0.000000000000000000e+00 2.727533070000000004e-01 1.043023591999999999e-01 8.869640850000000409e-02 7.876671718000000100e-01 6.010519291000000486e-01 7.295210704000000268e-01 4.196709455000000033e-01 9.217060339999999519e-01 4.282096631000000264e-01 8.291083553000000439e-01 9.512566962999999820e-01 9.135812841999999545e-01 9.227798911000000270e-01 9.073174474999999850e-01 8.884354050999999641e-01 9.611451157999999495e-01 9.368420782999999918e-01 9.371259253000000511e-01 9.340159717999999556e-01 9.647891276000000182e-01 3.458151447000000211e-01
8.125557344999999598e-01 7.646375306999999566e-01 7.253356511999999867e-01 3.456266258999999841e-01 7.306061805000000353e-01 2.662806708000000078e-01 6.359057653999999893e-01 4.395556063000000124e-01 9.296032695999999484e-01 7.147999095000000525e-01 7.885030136999999772e-01 6.195051570999999813e-01 6.553022748000000286e-01 2.893585810000000036e-01 5.320181269999999518e-01 5.537999367000000506e-01 8.128313429000000312e-01 1.761947124000000087e-01 1.739180263000000004e-01 3.624496469999999859e-01 2.727533070000000004e-01 0.000000000000000000e+00 1.817079484000000134e-01 1.811811305000000094e-01 7.337940612000000140e-01 4.594800593000000211e-01 6.660689464000000282e-01 6.674314765000000094e-01 9.551042552999999824e-01 7.830764508999999984e-01 9.245717914000000093e-01 9.496019230000000144e-01 9.698479590999999900e-01 9.595027258999999642e-01 9.498239067999999508e-01 9.511895998999999602e-01 9.657806388999999880e-01 9.731471506000000105e-01 9.616345028999999656e-01 9.608516665999999873e-01 9.830305277999999980e-01 4.489569743999999862e-01
8.219022304999999973e-01 7.650889803999999517e-01 8.150379741000000067e-01 6.111674245999999533e-01 7.850711250999999891e-01 2.303919731999999887e-01 7.000510770000000216e-01 5.174819300999999871e-01 9.313836537999999887e-01 7.565976878000000294e-01 8.027096123000000416e-01 8.113266105999999978e-01 7.279120986999999543e-01 2.599588757999999888e-01 5.888596377000000492e-01 5.437869452000000381e-01 8.354820312999999832e-01 1.296364252999999966e-01 2.927646899999999941e-02 2.494931160999999953e-01 1.043023591999999999e-01 1.817079484000000134e-01 -0.000000000000000000e+00 5.594525570000000170e-02 7.830266868999999907e-01 5.133767418000000360e-01 7.145306666999999834e-01 5.870781458999999591e-01 9.565766108000000045e-01 7.019652505000000264e-01 9.054016794999999451e-01 9.731343312000000356e-01 9.688106695000000546e-01 9.598593948000000431e-01 9.451289480000000243e-01 9.520516647000000221e-01 9.752245805000000489e-01 9.696455864999999896e-01 9.621543543999999670e-01 9.632879584000000328e-01 9.838862711000000427e-01 2.933033836999999755e-01
8.003116131999999938e-01 7.330802897999999512e-01 8.145452715000000010e-01 6.110451259000000412e-01 7.816726531000000033e-01 2.356876756999999878e-01 6.934975461000000285e-01 5.092792510000000439e-01 9.257355985999999870e-01 7.360753236999999505e-01 7.841566857999999751e-01 8.100576642000000271e-01 7.243051742999999654e-01 2.619333755000000097e-01 5.876655468000000493e-01 5.219253297999999486e-01 8.184794763999999612e-01 5.045816899999999716e-02 9.474314600000000378e-03 2.230186705999999963e-01 8.869640850000000409e-02 1.811811305000000094e-01 5.594525570000000170e-02 0.000000000000000000e+00 7.713185760999999863e-01 4.956016571999999898e-01 6.939104104000000106e-01 6.302541394999999769e-01 9.504374341000000337e-01 7.185396281999999468e-01 8.987635475999999901e-01 9.674568913000000103e-01 9.624205959999999616e-01 9.515423667000000307e-01 9.399133669000000468e-01 9.427314542000000408e-01 9.730032208000000127e-01 9.678659119000000421e-01 9.631854742000000025e-01 9.625945927000000291e-01 9.816363098999999481e-01 3.312058146999999897e-01
7.825748497000000192e-01 8.140552735999999623e-01 8.673056778000000078e-01 6.452514365000000529e-01 5.466356406000000279e-01 3.114834691000000211e-01 1.526397689000000002e-01 5.144734183000000405e-01 8.076602398000000127e-01 8.265492921000000548e-01 8.619770088000000552e-01 7.523316102999999533e-01 7.849318114000000124e-01 4.419199827999999997e-01 1.827215583000000032e-01 6.104622607999999895e-01 8.040850227000000405e-01 7.593413754000000182e-01 8.116274101999999546e-01 7.971815556000000358e-01 7.876671718000000100e-01 7.337940612000000140e-01 7.830266868999999907e-01 7.713185760999999863e-01 0.000000000000000000e+00 1.806307176999999986e-01 7.144390859999999455e-02 9.232848696000000022e-01 7.575334293000000052e-01 8.817720312000000282e-01 9.099866662000000161e-01 9.650216073999999811e-01 9.349700401999999633e-01 7.556694165999999768e-01 9.089341949999999448e-01 8.302323633999999508e-01 9.250424394999999800e-01 9.777859152000000220e-01 9.679771540999999591e-01 9.078591093000000223e-01 9.595005164000000031e-01 8.154808472000000252e-01
7.399018347000000384e-01 7.283751487999999830e-01 7.998323493000000228e-01 5.535419757999999746e-01 5.211237353000000017e-01 1.315240111000000045e-01 1.493706277000000082e-01 3.325892061999999871e-01 8.698716523999999728e-01 7.231206846000000077e-01 7.846569073000000394e-01 7.585754864000000541e-01 7.573529417000000041e-01 3.466740228999999895e-01 2.674279814000000144e-01 5.073453124000000258e-01 7.492021934000000494e-01 5.014080336999999776e-01 5.368519096999999629e-01 6.239600477000000200e-01 6.010519291000000486e-01 4.594800593000000211e-01 5.133767418000000360e-01 4.956016571999999898e-01 1.806307176999999986e-01 0.000000000000000000e+00 1.270387416000000047e-01 8.490145261000000554e-01 8.788223482999999447e-01 8.621619986999999874e-01 9.348523089000000397e-01 9.737423436000000043e-01 9.700358037999999850e-01 8.769334990999999579e-01 9.172337227000000315e-01 9.148179561000000515e-01 9.486058816000000338e-01 9.791864745999999675e-01 9.697011636000000268e-01 9.387342925999999643e-01 9.801295750999999834e-01 6.712918186999999870e-01
8.333458008999999889e-01 8.455588094000000554e-01 8.838285885000000119e-01 6.614791821000000072e-01 6.466024992000000138e-01 3.305160441000000171e-01 2.689175024000000080e-01 5.757730146999999743e-01 8.561890496999999822e-01 8.506196547000000052e-01 8.836660660999999806e-01 8.049823208999999924e-01 8.247267206999999711e-01 4.991878841999999872e-01 2.967383816999999979e-01 6.405122007000000339e-01 8.402312845999999613e-01 7.069166074999999605e-01 7.278586515999999618e-01 7.665622916000000009e-01 7.295210704000000268e-01 6.660689464000000282e-01 7.145306666999999834e-01 6.939104104000000106e-01 7.144390859999999455e-02 1.270387416000000047e-01 0.000000000000000000e+00 9.119573290000000387e-01 8.417881565000000510e-01 8.950111123999999752e-01 9.457838015999999737e-01 9.819640106000000479e-01 9.669431857000000408e-01 8.459247184999999503e-01 9.417486486999999684e-01 8.877039058000000260e-01 9.565711987999999666e-01 9.881253267999999812e-01 9.807175805000000191e-01 9.402331570999999943e-01 9.842046816999999725e-01 7.949448874000000220e-01
7.212117309000000143e-01 8.015771081000000464e-01 9.048489224000000331e-01 8.702956264000000219e-01 9.011714990000000425e-01 7.193910878000000508e-01 8.909185119000000430e-01 7.788795191999999812e-01 8.974546345999999675e-01 8.224985688999999489e-01 8.923978270000000323e-01 9.377076239999999618e-01 9.016503994000000244e-01 7.106735570000000113e-01 8.599750412000000122e-01 7.336754597000000322e-01 8.873441873999999840e-01 5.826198492999999923e-01 6.003049472999999470e-01 3.356414300000000184e-01 4.196709455000000033e-01 6.674314765000000094e-01 5.870781458999999591e-01 6.302541394999999769e-01 9.232848696000000022e-01 8.490145261000000554e-01 9.119573290000000387e-01 0.000000000000000000e+00 8.080319768999999486e-01 1.311832313000000083e-01 6.194172538000000117e-01 8.752978401000000019e-01 7.256630439000000266e-01 8.129947379999999946e-01 7.422501915000000450e-01 7.199788374000000157e-01 8.991745416999999962e-01 8.257422583000000316e-01 8.391309406000000415e-01 8.551084307999999856e-01 8.852770353000000148e-01 6.125177674999999766e-01
5.880911822000000067e-01 7.353868342999999586e-01 9.279836425999999916e-01 9.381305802999999610e-01 8.485344267000000107e-01 8.875354988000000445e-01 7.495800986999999749e-01 8.643903613000000208e-01 6.301330000999999514e-01 8.184791898000000065e-01 8.576260239999999868e-01 9.414269160999999553e-01 9.221288221000000229e-01 9.066582656999999656e-01 8.360232964999999572e-01 7.439701201999999736e-01 8.318658261000000387e-01 9.516063059999999574e-01 9.497247514000000113e-01 8.221304587000000108e-01 9.217060339999999519e-01 9.551042552999999824e-01 9.565766108000000045e-01 9.504374341000000337e-01 7.575334293000000052e-01 8.788223482999999447e-01 8.417881565000000510e-01 8.080319768999999486e-01 -0.000000000000000000e+00 7.796931705999999851e-01 5.920989196999999482e-01 7.722649528999999680e-01 6.567573050999999662e-01 1.038862658000000022e-01 7.222041060999999651e-01 3.224337231000000137e-01 8.529647657000000160e-01 9.364931276000000304e-01 8.891768160999999893e-01 8.299670930000000446e-01 8.375730161000000118e-01 6.992828572999999492e-01
7.358710230999999657e-01 8.132844527000000490e-01 8.883912227000000383e-01 8.913238029000000173e-01 8.595877835999999883e-01 7.840146268000000029e-01 8.599699480000000396e-01 7.890055271999999453e-01 8.801091970000000098e-01 8.488784738000000329e-01 9.051984283999999770e-01 9.429599109999999840e-01 9.145444414000000188e-01 7.704673189999999838e-01 8.653278006000000300e-01 7.729399536000000071e-01 8.806073463000000379e-01 6.894224555000000310e-01 7.090911683999999715e-01 4.100853985999999840e-01 4.282096631000000264e-01 7.830764508999999984e-01 7.019652505000000264e-01 7.185396281999999468e-01 8.817720312000000282e-01 8.621619986999999874e-01 8.950111123999999752e-01 1.311832313000000083e-01 7.796931705999999851e-01 -0.000000000000000000e+00 4.845135889000000140e-01 7.713438804000000149e-01 5.737124513000000370e-01 7.218368143000000181e-01 6.970737607000000446e-01 5.860305333999999977e-01 8.307440728999999635e-01 7.650185841000000098e-01 7.691438641000000187e-01 8.041225605999999804e-01 8.192370405000000133e-01 6.746915221999999490e-01
8.020221413000000465e-01 8.615117461000000310e-01 9.427019164000000062e-01 9.504005611000000409e-01 8.456322719000000099e-01 9.051850227000000082e-01 8.599404606999999645e-01 8.895217788000000514e-01 7.651642651000000184e-01 8.926793207000000008e-01 9.278486982000000438e-01 9.683924238000000129e-01 9.497763659000000303e-01 9.216568260999999929e-01 9.297552535999999979e-01 8.549096065000000300e-01 8.833384386999999505e-01 8.983640837999999906e-01 8.803642592000000544e-01 5.735156739000000226e-01 8.291083553000000439e-01 9.245717914000000093e-01 9.054016794999999451e-01 8.987635475999999901e-01 9.099866662000000161e-01 9.348523089000000397e-01 9.457838015999999737e-01 6.194172538000000117e-01 5.920989196999999482e-01 4.845135889000000140e-01 -0.000000000000000000e+00 5.683549589999999929e-01 9.424947190000000641e-02 3.358154909000000132e-01 4.439108077999999735e-01 1.818190923999999931e-01 6.593318544999999808e-01 7.681041763000000522e-01 7.034159692000000463e-01 6.641849798000000193e-01 6.703686111000000114e-01 7.316816389000000420e-01
9.073124890000000553e-01 9.056756622999999617e-01 9.799485152000000365e-01 9.765954829999999864e-01 9.399893796999999607e-01 9.650984808000000470e-01 9.354467789000000533e-01 9.556853579999999848e-01 9.163565066000000092e-01 9.317318178000000284e-01 9.646869881999999841e-01 9.818856773999999898e-01 9.809875178000000417e-01 9.701365223000000260e-01 9.678418434000000126e-01 9.250452676999999513e-01 9.330639260999999962e-01 9.697845435999999930e-01 9.558572753999999838e-01 8.331837348999999726e-01 9.512566962999999820e-01 9.496019230000000144e-01 9.731343312000000356e-01 9.674568913000000103e-01 9.650216073999999811e-01 9.737423436000000043e-01 9.819640106000000479e-01 8.752978401000000019e-01 7.722649528999999680e-01 7.713438804000000149e-01 5.683549589999999929e-01 -0.000000000000000000e+00 4.044214375999999889e-01 6.892137674999999630e-01 7.794343558999999866e-01 3.461471607000000117e-01 8.221160873999999730e-01 8.822962225999999575e-01 8.116147325000000468e-01 8.515135052000000204e-01 8.548765736000000226e-01 9.067433738000000298e-01
8.651996009000000321e-01 8.978038338999999590e-01 9.688447534999999888e-01 9.742897003999999583e-01 8.727865994000000294e-01 9.595074636000000545e-01 8.984109149000000238e-01 9.362288897999999637e-01 8.192451804999999476e-01 9.290365090000000103e-01 9.576530166000000177e-01 9.808178805999999694e-01 9.735703870999999898e-01 9.687465903999999961e-01 9.591614713999999653e-01 9.137515589000000382e-01 9.119954713000000268e-01 9.619380332000000422e-01 9.448831327000000169e-01 7.384269300000000369e-01 9.135812841999999545e-01 9.698479590999999900e-01 9.688106695000000546e-01 9.624205959999999616e-01 9.349700401999999633e-01 9.700358037999999850e-01 9.669431857000000408e-01 7.256630439000000266e-01 6.567573050999999662e-01 5.737124513000000370e-01 9.424947190000000641e-02 4.044214375999999889e-01 0.000000000000000000e+00 3.896706817999999739e-01 4.954212409000000039e-01 1.718931267999999901e-01 6.023093827000000067e-01 7.227293576000000108e-01 6.325298605000000407e-01 6.389229383000000206e-01 6.208455932999999982e-01 8.207211095999999984e-01
6.508098334999999901e-01 7.748560946000000449e-01 9.213113075000000096e-01 9.284183268000000266e-01 6.839962406999999800e-01 8.714978488000000301e-01 6.970857138999999592e-01 8.614112541999999761e-01 4.687190454999999867e-01 8.144303695000000287e-01 8.374224366000000419e-01 9.386205888999999969e-01 8.970342081000000078e-01 9.104534137999999999e-01 8.375634496999999623e-01 7.537879632999999746e-01 7.568616391000000387e-01 9.556265955999999617e-01 9.469600270000000375e-01 7.798835071999999924e-01 9.227798911000000270e-01 9.595027258999999642e-01 9.598593948000000431e-01 9.515423667000000307e-01 7.556694165999999768e-01 8.769334990999999579e-01 8.459247184999999503e-01 8.129947379999999946e-01 1.038862658000000022e-01 7.218368143000000181e-01 3.358154909000000132e-01 6.892137674999999630e-01 3.896706817999999739e-01 -0.000000000000000000e+00 6.031343518999999764e-01 1.486146701000000125e-01 6.435429198000000017e-01 8.563719340000000013e-01 8.017682976000000128e-01 5.927251486000000291e-01 6.616612934000000168e-01 6.009548999999999586e-01
7.758351784999999445e-01 7.038022135000000512e-01 9.389877066999999800e-01 9.523306266000000075e-01 8.748235543000000281e-01 9.094705550999999666e-01 8.616379040999999628e-01 8.735918620000000523e-01 8.088115793000000275e-01 8.058417847000000078e-01 8.887081580000000258e-01 9.705760837000000363e-01 9.516969678000000155e-01 9.206431766999999544e-01 9.256849572999999998e-01 7.852758590999999733e-01 8.764479070999999788e-01 9.362985562000000206e-01 9.360530307000000105e-01 7.884088843000000013e-01 9.073174474999999850e-01 9.498239067999999508e-01 9.451289480000000243e-01 9.399133669000000468e-01 9.089341949999999448e-01 9.172337227000000315e-01 9.417486486999999684e-01 7.422501915000000450e-01 7.222041060999999651e-01 6.970737607000000446e-01 4.439108077999999735e-01 7.794343558999999866e-01 4.954212409000000039e-01 6.031343518999999764e-01 0.000000000000000000e+00 4.791741553000000153e-01 6.886418721999999493e-01 5.572545345999999622e-01 7.450320444000000375e-01 6.714290471999999621e-01 6.279085294999999789e-01 7.872504048999999782e-01
7.179425918999999823e-01 7.913590163999999483e-01 9.413994154999999475e-01 9.452748577999999791e-01 8.007485482999999737e-01 9.130860598000000161e-01 7.973565216000000344e-01 8.914107012999999968e-01 4.969421599000000134e-01 8.351704300000000192e-01 8.428114464000000527e-01 9.501954267000000121e-01 8.929860992999999469e-01 9.247406138999999525e-01 8.850566375999999735e-01 7.966991675000000273e-01 7.664136346000000044e-01 9.441996814999999987e-01 9.303195139000000058e-01 7.044900528999999967e-01 8.884354050999999641e-01 9.511895998999999602e-01 9.520516647000000221e-01 9.427314542000000408e-01 8.302323633999999508e-01 9.148179561000000515e-01 8.877039058000000260e-01 7.199788374000000157e-01 3.224337231000000137e-01 5.860305333999999977e-01 1.818190923999999931e-01 3.461471607000000117e-01 1.718931267999999901e-01 1.486146701000000125e-01 4.791741553000000153e-01 -0.000000000000000000e+00 6.260697820999999719e-01 6.978257665000000554e-01 7.399062706000000267e-01 5.542892487999999673e-01 6.362674147000000335e-01 5.830586319999999656e-01
8.766088553999999977e-01 8.499157877999999888e-01 9.376295149000000162e-01 9.095015294999999611e-01 6.189221682000000113e-01 9.293981199999999943e-01 8.292267046000000308e-01 9.069948909999999698e-01 6.657095177999999835e-01 9.273655723999999489e-01 9.485777118999999535e-01 9.481578636999999921e-01 9.226302757000000021e-01 9.519689114999999591e-01 9.386226134999999804e-01 9.021686970000000194e-01 8.566901872000000084e-01 9.717003391999999851e-01 9.673409421999999980e-01 8.866937574000000044e-01 9.611451157999999495e-01 9.657806388999999880e-01 9.752245805000000489e-01 9.730032208000000127e-01 9.250424394999999800e-01 9.486058816000000338e-01 9.565711987999999666e-01 8.991745416999999962e-01 8.529647657000000160e-01 8.307440728999999635e-01 6.593318544999999808e-01 8.221160873999999730e-01 6.023093827000000067e-01 6.435429198000000017e-01 6.886418721999999493e-01 6.260697820999999719e-01 0.000000000000000000e+00 3.929000404999999918e-01 6.292116092999999744e-01 1.167496610999999990e-01 3.137582369999999954e-02 7.721709109000000071e-01
8.824069096000000112e-01 7.732370150999999803e-01 9.685409580999999601e-01 9.586732095000000120e-01 8.566338458000000156e-01 9.682310945000000002e-01 9.398684884000000350e-01 9.425122056000000414e-01 8.915624608000000118e-01 9.241074846000000287e-01 9.649335199999999890e-01 9.783134485000000158e-01 9.683648716999999628e-01 9.644431625999999591e-01 9.755372203000000075e-01 9.067089456000000380e-01 9.318208366000000353e-01 9.662366024999999858e-01 9.590923419000000338e-01 8.777427244000000073e-01 9.368420782999999918e-01 9.731471506000000105e-01 9.696455864999999896e-01 9.678659119000000421e-01 9.777859152000000220e-01 9.791864745999999675e-01 9.881253267999999812e-01 8.257422583000000316e-01 9.364931276000000304e-01 7.650185841000000098e-01 7.681041763000000522e-01 8.822962225999999575e-01 7.227293576000000108e-01 8.563719340000000013e-01 5.572545345999999622e-01 6.978257665000000554e-01 3.929000404999999918e-01 0.000000000000000000e+00 6.457154930999999820e-01 4.831225324999999793e-01 3.164601879999999756e-01 8.939926946999999791e-01
