0.000000000000000000e+00 1.228232261000000020e-01 4.015780669999999830e-01 4.808351506999999914e-01 5.115207922000000185e-01 5.220615180000000022e-01 5.272425703999999991e-01 5.062629709999999505e-01 5.081343730999999808e-01 4.375866972999999938e-01 4.270152825999999902e-01 4.849021593999999769e-01 4.843927919000000082e-01 4.909520547999999818e-01 5.170460015000000187e-01 1.245785133999999933e-01 4.056316058000000169e-01 5.309412588999999905e-01 5.309412588999999905e-01 5.335557965999999652e-01 5.400652461999999598e-01 5.370936492000000229e-01 5.309412588999999905e-01 5.270456128999999601e-01 5.280008064000000223e-01 5.332891712999999756e-01 5.314144967999999691e-01 5.304299367000000487e-01 4.965731461999999818e-01 5.364506921999999678e-01 5.402464228000000146e-01 5.338297938999999603e-01 5.251239032000000195e-01 5.261118180999999616e-01 5.399046911999999532e-01 5.368743013000000230e-01 5.335658868999999527e-01 5.362961249000000041e-01 5.150057715000000425e-01 1.000000000000000000e+00 1.000000000000000000e+00 1.000000000000000000e+00
1.228232261000000020e-01 0.000000000000000000e+00 4.198743181999999852e-01 4.975210581000000243e-01 5.306266161999999564e-01 5.340260287000000439e-01 5.621199936999999869e-01 5.152701039999999510e-01 5.326412452000000020e-01 4.053271936000000242e-01 4.415960559000000063e-01 5.146952176000000323e-01 5.029942772000000062e-01 4.880685510000000171e-01 5.557847536000000144e-01 2.260964000000000127e-04 4.177020659999999830e-01 5.278240569000000049e-01 5.278240569000000049e-01 5.475483735999999713e-01 5.513854818000000213e-01 5.466457257000000292e-01 5.278240569000000049e-01 5.253799634000000385e-01 5.576747361999999653e-01 5.514536486000000126e-01 5.632138759000000494e-01 5.331996589999999925e-01 5.071404460999999753e-01 5.558622346999999575e-01 5.643360644999999565e-01 5.547302304000000239e-01 5.480465306999999786e-01 5.529823928000000555e-01 5.637286259999999549e-01 5.621897260999999535e-01 5.603967625000000341e-01 5.534872389999999642e-01 5.437046545000000508e-01 1.000000000000000000e+00 1.000000000000000000e+00 1.000000000000000000e+00
4.015780669999999830e-01 4.198743181999999852e-01 0.000000000000000000e+00 2.561207986999999853e-01 4.814781114999999723e-01 5.223462760000000538e-01 5.011023598999999606e-01 4.196480966000000201e-01 4.934955893999999899e-01 1.205900606000000069e-01 2.751472564999999926e-01 3.252030159000000031e-01 2.405661272999999878e-01 2.991250301999999750e-01 4.355202569000000135e-01 4.175467454999999828e-01 2.162050463999999894e-01 5.249681974000000029e-01 5.249681974000000029e-01 5.490994155999999737e-01 5.358118225000000345e-01 5.084311374000000106e-01 5.249681974000000029e-01 5.228768553999999513e-01 4.937518249999999775e-01 5.403129623000000326e-01 4.992694545999999955e-01 5.363293239999999962e-01 5.272006341999999623e-01 5.289403791000000243e-01 5.496535613999999903e-01 5.412806931000000432e-01 5.366406659000000356e-01 5.423144140000000224e-01 5.515530697999999621e-01 5.583967588999999565e-01 5.474687142999999923e-01 5.346607094999999976e-01 5.263281346999999499e-01 1.000000000000000000e+00 1.000000000000000000e+00 1.000000000000000000e+00
4.808351506999999914e-01 4.975210581000000243e-01 2.561207986999999853e-01 0.000000000000000000e+00 4.879659168000000102e-01 4.822555711000000023e-01 4.375648316999999898e-01 4.023676835000000174e-01 4.873657945000000047e-01 7.071296420000000582e-02 2.754789637000000235e-01 1.150920074999999959e-01 1.061103979999999947e-01 2.831182302999999956e-01 2.932133618000000164e-01 4.955511573999999975e-01 3.237809743000000240e-01 4.821114336999999805e-01 4.821114336999999805e-01 5.351085089999999544e-01 5.006832133999999934e-01 4.134371085999999917e-01 4.821114336999999805e-01 4.779414280000000015e-01 3.800533073999999845e-01 5.187618911000000388e-01 3.853162313999999866e-01 5.297241570999999816e-01 5.327001440999999948e-01 5.302824617000000407e-01 5.522363088999999725e-01 5.454212196000000068e-01 5.429163464999999800e-01 5.475761950999999961e-01 5.595551641999999548e-01 5.650958864999999776e-01 5.557124708999999774e-01 5.435757342000000492e-01 5.484443768000000219e-01 1.000000000000000000e+00 1.000000000000000000e+00 1.000000000000000000e+00
5.115207922000000185e-01 5.306266161999999564e-01 4.814781114999999723e-01 4.879659168000000102e-01 0.000000000000000000e+00 4.076866343000000170e-01 2.707298991000000044e-01 4.510489275999999825e-01 3.157640716999999819e-01 4.773217357999999799e-01 4.802760566000000009e-01 4.737243829000000184e-01 4.836404260000000122e-01 5.279985025000000221e-01 3.704098941999999783e-01 5.304560106000000275e-01 3.718370919999999802e-01 5.243160967000000117e-01 5.243160967000000117e-01 5.536522485999999521e-01 5.438277551000000321e-01 5.217700861999999828e-01 5.243160967000000117e-01 5.236132958000000448e-01 4.548824833999999817e-01 4.650121177000000050e-01 4.491701547999999988e-01 5.371524025999999674e-01 5.256112642000000390e-01 5.471724354000000456e-01 5.189658462999999777e-01 5.419066425999999881e-01 5.349311919000000470e-01 4.694406528000000245e-01 5.517209684999999642e-01 5.573257366999999629e-01 5.454928986000000535e-01 5.438954833000000377e-01 5.378167789000000143e-01 1.000000000000000000e+00 1.000000000000000000e+00 1.000000000000000000e+00
5.220615180000000022e-01 5.340260287000000439e-01 5.223462760000000538e-01 4.822555711000000023e-01 4.076866343000000170e-01 0.000000000000000000e+00 2.430591233000000129e-01 9.526464340000000142e-02 4.926065132999999929e-01 5.153178304000000098e-01 5.345954630999999457e-01 4.280007012000000000e-01 4.931988384000000059e-01 3.729337361000000239e-01 4.395239604999999772e-01 5.329571906000000192e-01 5.354846188999999868e-01 2.437286767000000076e-01 2.437286767000000076e-01 4.230408472000000142e-01 3.968301169999999822e-01 2.561533563000000235e-01 2.437286767000000076e-01 2.360636462000000046e-01 2.348358375000000053e-01 1.128369577999999984e-01 2.359290035999999924e-01 4.372039381000000224e-01 5.336021260000000099e-01 5.290884702999999467e-01 5.001732384000000531e-01 5.343639330999999659e-01 5.475746451999999875e-01 4.927193059000000153e-01 5.605793246000000396e-01 5.421478492000000315e-01 5.630771763999999902e-01 5.275392595000000240e-01 4.769447290000000117e-01 1.000000000000000000e+00 1.000000000000000000e+00 1.000000000000000000e+00
5.272425703999999991e-01 5.621199936999999869e-01 5.011023598999999606e-01 4.375648316999999898e-01 2.707298991000000044e-01 2.430591233000000129e-01 0.000000000000000000e+00 3.490468737999999904e-01 2.713032546999999961e-01 4.684541190000000022e-01 4.579221992999999991e-01 3.487221562000000219e-01 4.689703814000000248e-01 5.149948176999999960e-01 1.054638039999999943e-01 5.616019753000000003e-01 4.412546394999999899e-01 4.781335575999999810e-01 4.781335575999999810e-01 5.627585891999999923e-01 5.350623713000000059e-01 4.248561477000000197e-01 4.781335575999999810e-01 4.728968990999999900e-01 3.029302837000000248e-01 3.224978962000000227e-01 2.590848828999999798e-01 5.386127998999999944e-01 5.287146585999999981e-01 5.737217460000000324e-01 5.484480137999999672e-01 5.668820740000000136e-01 5.524174270999999692e-01 4.212987658999999829e-01 5.840967084999999503e-01 5.851612654000000191e-01 5.753526842999999724e-01 5.714238772999999938e-01 5.435508623999999456e-01 1.000000000000000000e+00 1.000000000000000000e+00 1.000000000000000000e+00
5.062629709999999505e-01 5.152701039999999510e-01 4.196480966000000201e-01 4.023676835000000174e-01 4.510489275999999825e-01 9.526464340000000142e-02 3.490468737999999904e-01 0.000000000000000000e+00 5.239560172999999654e-01 4.183080815999999924e-01 4.891285047000000219e-01 3.675911339999999861e-01 4.109547850999999974e-01 1.822094172000000012e-01 4.618876577000000094e-01 5.133667173000000528e-01 4.894265266999999753e-01 6.646891809999999623e-02 6.646891809999999623e-02 2.952632573000000260e-01 2.743508758000000047e-01 1.140588275999999957e-01 6.646891809999999623e-02 6.264031920000000253e-02 3.161510558000000248e-01 1.936332726999999976e-01 3.258465503999999902e-01 3.493725644999999824e-01 5.465761534999999949e-01 5.027512513999999877e-01 5.001852339000000258e-01 5.300278627000000187e-01 5.692820993999999635e-01 5.430414090999999832e-01 5.686389308000000531e-01 5.247700226000000523e-01 5.899210799999999866e-01 5.040536623000000382e-01 4.763691129000000024e-01 1.000000000000000000e+00 1.000000000000000000e+00 1.000000000000000000e+00
5.081343730999999808e-01 5.326412452000000020e-01 4.934955893999999899e-01 4.873657945000000047e-01 3.157640716999999819e-01 4.926065132999999929e-01 2.713032546999999961e-01 5.239560172999999654e-01 0.000000000000000000e+00 4.833376416999999869e-01 3.768914966999999949e-01 3.989724867000000175e-01 4.757393664999999827e-01 5.400822817000000553e-01 2.190083780000000035e-01 5.301845591999999607e-01 3.448395431999999872e-01 5.546879156999999783e-01 5.546879156999999783e-01 5.752506105000000369e-01 5.666417966000000250e-01 5.479691581000000200e-01 5.546879156999999783e-01 5.546476345999999946e-01 4.776606245999999723e-01 5.258796143999999728e-01 4.619243692000000179e-01 5.540377049000000387e-01 4.949859393000000107e-01 5.639912174000000222e-01 5.476154513000000001e-01 5.549497102999999543e-01 5.348836692999999753e-01 4.053277189999999752e-01 5.627776361999999866e-01 5.624212334000000535e-01 5.478339131999999667e-01 5.634053535999999918e-01 5.581456450999999763e-01 1.000000000000000000e+00 1.000000000000000000e+00 1.000000000000000000e+00
4.375866972999999938e-01 4.053271936000000242e-01 1.205900606000000069e-01 7.071296420000000582e-02 4.773217357999999799e-01 5.153178304000000098e-01 4.684541190000000022e-01 4.183080815999999924e-01 4.833376416999999869e-01 0.000000000000000000e+00 2.301947736000000133e-01 1.790987813999999900e-01 1.163822872000000036e-01 2.602135563999999901e-01 3.438674184000000134e-01 4.006755267000000065e-01 2.240738952000000117e-01 5.164437978999999457e-01 5.164437978999999457e-01 5.624689159000000327e-01 5.356280010999999730e-01 4.663252996000000206e-01 5.164437978999999457e-01 5.121657036000000218e-01 4.428034504000000204e-01 5.489907895000000204e-01 4.490537311000000198e-01 5.482910562999999682e-01 5.385203033000000028e-01 5.473047457999999921e-01 5.706867326000000240e-01 5.596201039000000543e-01 5.536143855999999808e-01 5.585506319999999914e-01 5.736135863000000334e-01 5.845756400999999602e-01 5.695222661000000075e-01 5.567521089000000423e-01 5.601884032999999707e-01 1.000000000000000000e+00 1.000000000000000000e+00 1.000000000000000000e+00
4.270152825999999902e-01 4.415960559000000063e-01 2.751472564999999926e-01 2.754789637000000235e-01 4.802760566000000009e-01 5.345954630999999457e-01 4.579221992999999991e-01 4.891285047000000219e-01 3.768914966999999949e-01 2.301947736000000133e-01 0.000000000000000000e+00 1.822586125000000001e-01 2.822731444000000089e-01 3.784611500999999767e-01 3.262817442000000012e-01 4.293427613999999948e-01 1.307025414000000108e-01 5.481025426000000200e-01 5.481025426000000200e-01 5.728527583000000423e-01 5.553729613000000231e-01 5.291700010000000010e-01 5.481025426000000200e-01 5.467173610000000128e-01 4.711261298000000153e-01 5.570387705999999550e-01 4.820310364000000014e-01 5.494267630000000402e-01 5.191971921000000378e-01 5.531258782000000318e-01 5.665474510000000352e-01 5.561708313000000015e-01 5.452940581999999869e-01 5.146239286999999551e-01 5.670489560000000484e-01 5.708519802999999504e-01 5.605671693999999539e-01 5.569566197999999968e-01 5.612088310999999718e-01 1.000000000000000000e+00 1.000000000000000000e+00 1.000000000000000000e+00
4.849021593999999769e-01 5.146952176000000323e-01 3.252030159000000031e-01 1.150920074999999959e-01 4.737243829000000184e-01 4.280007012000000000e-01 3.487221562000000219e-01 3.675911339999999861e-01 3.989724867000000175e-01 1.790987813999999900e-01 1.822586125000000001e-01 0.000000000000000000e+00 1.714898260999999924e-01 3.069890315000000092e-01 1.714321943000000070e-01 5.097633363000000362e-01 2.864853498000000109e-01 4.464780505000000010e-01 4.464780505000000010e-01 5.367483678000000147e-01 5.000631685999999965e-01 3.968347617999999910e-01 4.464780505000000010e-01 4.417822686999999804e-01 3.592727982000000209e-01 4.850392089000000184e-01 3.662827202000000226e-01 5.320694468000000121e-01 5.496418884999999532e-01 5.634478748000000259e-01 5.796833216000000233e-01 5.720972809000000048e-01 5.696993592000000328e-01 5.463654475000000454e-01 5.972568697000000260e-01 5.997295518999999908e-01 5.924608184999999860e-01 5.696733782999999773e-01 5.775160530999999819e-01 1.000000000000000000e+00 1.000000000000000000e+00 1.000000000000000000e+00
4.843927919000000082e-01 5.029942772000000062e-01 2.405661272999999878e-01 1.061103979999999947e-01 4.836404260000000122e-01 4.931988384000000059e-01 4.689703814000000248e-01 4.109547850999999974e-01 4.757393664999999827e-01 1.163822872000000036e-01 2.822731444000000089e-01 1.714898260999999924e-01 0.000000000000000000e+00 2.185913244000000089e-01 3.444959640999999961e-01 5.000038493999999778e-01 2.877669594000000219e-01 4.797509071000000125e-01 4.797509071000000125e-01 5.444913705999999687e-01 5.150032798000000467e-01 4.274677847999999725e-01 4.797509071000000125e-01 4.733874672999999755e-01 4.187776653999999987e-01 5.319011691999999680e-01 4.316106294000000010e-01 5.391057518999999854e-01 5.458562050999999915e-01 5.536849905999999821e-01 5.744908872999999749e-01 5.634935693999999495e-01 5.605888863000000333e-01 5.669992991000000204e-01 5.840765593000000200e-01 5.911928124999999978e-01 5.786192140000000483e-01 5.611780271999999847e-01 5.714093281000000024e-01 1.000000000000000000e+00 1.000000000000000000e+00 1.000000000000000000e+00
4.909520547999999818e-01 4.880685510000000171e-01 2.991250301999999750e-01 2.831182302999999956e-01 5.279985025000000221e-01 3.729337361000000239e-01 5.149948176999999960e-01 1.822094172000000012e-01 5.400822817000000553e-01 2.602135563999999901e-01 3.784611500999999767e-01 3.069890315000000092e-01 2.185913244000000089e-01 0.000000000000000000e+00 4.767872644000000215e-01 4.840161739000000130e-01 3.471384853000000215e-01 1.683730496999999993e-01 1.683730496999999993e-01 3.391703591999999934e-01 2.944702169000000258e-01 2.057617143000000093e-01 1.683730496999999993e-01 1.656278167999999940e-01 4.483960076999999878e-01 4.306281531999999745e-01 4.658208216999999984e-01 4.089084004999999911e-01 5.591561564999999456e-01 5.239043017000000191e-01 5.524059368000000525e-01 5.526354296000000055e-01 5.820943657999999576e-01 5.972536872999999469e-01 5.937141229000000298e-01 5.632894599000000113e-01 6.060916353999999950e-01 5.266680755999999519e-01 5.356686749000000303e-01 1.000000000000000000e+00 1.000000000000000000e+00 1.000000000000000000e+00
5.170460015000000187e-01 5.557847536000000144e-01 4.355202569000000135e-01 2.932133618000000164e-01 3.704098941999999783e-01 4.395239604999999772e-01 1.054638039999999943e-01 4.618876577000000094e-01 2.190083780000000035e-01 3.438674184000000134e-01 3.262817442000000012e-01 1.714321943000000070e-01 3.444959640999999961e-01 4.767872644000000215e-01 0.000000000000000000e+00 5.539386045999999952e-01 3.672839647999999735e-01 5.380237276999999541e-01 5.380237276999999541e-01 5.910392259000000204e-01 5.631528569999999512e-01 4.810792011999999729e-01 5.380237276999999541e-01 5.350843228999999646e-01 3.858704935000000225e-01 4.923628988000000040e-01 3.517958527999999752e-01 5.674600160999999643e-01 5.406458224000000312e-01 5.824630034000000123e-01 5.821683398000000453e-01 5.784921495000000524e-01 5.636889443000000499e-01 4.666659892999999726e-01 5.976868515000000048e-01 6.066376996000000243e-01 5.884512205999999912e-01 5.826339896000000129e-01 5.876660513000000474e-01 1.000000000000000000e+00 1.000000000000000000e+00 1.000000000000000000e+00
1.245785133999999933e-01 2.260964000000000127e-04 4.175467454999999828e-01 4.955511573999999975e-01 5.304560106000000275e-01 5.329571906000000192e-01 5.616019753000000003e-01 5.133667173000000528e-01 5.301845591999999607e-01 4.006755267000000065e-01 4.293427613999999948e-01 5.097633363000000362e-01 5.000038493999999778e-01 4.840161739000000130e-01 5.539386045999999952e-01 0.000000000000000000e+00 4.090732812999999801e-01 5.266476505999999613e-01 5.266476505999999613e-01 5.478254060999999675e-01 5.509238531000000272e-01 5.459269312000000207e-01 5.266476505999999613e-01 5.242293251999999848e-01 5.572988641999999659e-01 5.509537062999999568e-01 5.632099608999999729e-01 5.327882175000000498e-01 5.080877572999999980e-01 5.566228387999999638e-01 5.653378116999999703e-01 5.557678109999999450e-01 5.493664472999999493e-01 5.536718650999999936e-01 5.650855890999999520e-01 5.632707568999999470e-01 5.621908527000000211e-01 5.541484230000000011e-01 5.450202358000000302e-01 1.000000000000000000e+00 1.000000000000000000e+00 1.000000000000000000e+00
4.056316058000000169e-01 4.177020659999999830e-01 2.162050463999999894e-01 3.237809743000000240e-01 3.718370919999999802e-01 5.354846188999999868e-01 4.412546394999999899e-01 4.894265266999999753e-01 3.448395431999999872e-01 2.240738952000000117e-01 1.307025414000000108e-01 2.864853498000000109e-01 2.877669594000000219e-01 3.471384853000000215e-01 3.672839647999999735e-01 4.090732812999999801e-01 0.000000000000000000e+00 5.601425552000000030e-01 5.601425552000000030e-01 5.921747544000000030e-01 5.763141415000000434e-01 5.526809669000000147e-01 5.601425552000000030e-01 5.586850206000000263e-01 5.078930911000000270e-01 5.693194520000000036e-01 5.145366649000000514e-01 5.636206911000000153e-01 5.285208771999999611e-01 5.667293662000000287e-01 5.835750728999999914e-01 5.757939181000000239e-01 5.638083346000000162e-01 5.298993104000000454e-01 5.907007563999999711e-01 5.969303987999999839e-01 5.821670641999999729e-01 5.745079430999999737e-01 5.760039295000000115e-01 1.000000000000000000e+00 1.000000000000000000e+00 1.000000000000000000e+00
5.309412588999999905e-01 5.278240569000000049e-01 5.249681974000000029e-01 4.821114336999999805e-01 5.243160967000000117e-01 2.437286767000000076e-01 4.781335575999999810e-01 6.646891809999999623e-02 5.546879156999999783e-01 5.164437978999999457e-01 5.481025426000000200e-01 4.464780505000000010e-01 4.797509071000000125e-01 1.683730496999999993e-01 5.380237276999999541e-01 5.266476505999999613e-01 5.601425552000000030e-01 0.000000000000000000e+00 0.000000000000000000e+00 2.074506999999999879e-01 2.050040761999999961e-01 7.638167270000000009e-02 0.000000000000000000e+00 1.688699600000000091e-03 4.189504857999999943e-01 3.007344703000000008e-01 4.321985756999999762e-01 2.989142049999999884e-01 5.329673579999999466e-01 4.665584439000000083e-01 4.773247652000000008e-01 4.977274669999999790e-01 5.498163119000000210e-01 5.538445820999999825e-01 5.345670511000000236e-01 4.789746196999999928e-01 5.640009986999999780e-01 4.684381515000000107e-01 4.675334139999999805e-01 1.000000000000000000e+00 1.000000000000000000e+00 1.000000000000000000e+00
5.309412588999999905e-01 5.278240569000000049e-01 5.249681974000000029e-01 4.821114336999999805e-01 5.243160967000000117e-01 2.437286767000000076e-01 4.781335575999999810e-01 6.646891809999999623e-02 5.546879156999999783e-01 5.164437978999999457e-01 5.481025426000000200e-01 4.464780505000000010e-01 4.797509071000000125e-01 1.683730496999999993e-01 5.380237276999999541e-01 5.266476505999999613e-01 5.601425552000000030e-01 0.000000000000000000e+00 0.000000000000000000e+00 2.074506999999999879e-01 2.050040761999999961e-01 7.638167270000000009e-02 0.000000000000000000e+00 1.688699600000000091e-03 4.189504857999999943e-01 3.007344703000000008e-01 4.321985756999999762e-01 2.989142049999999884e-01 5.329673579999999466e-01 4.665584439000000083e-01 4.773247652000000008e-01 4.977274669999999790e-01 5.498163119000000210e-01 5.538445820999999825e-01 5.345670511000000236e-01 4.789746196999999928e-01 5.640009986999999780e-01 4.684381515000000107e-01 4.675334139999999805e-01 1.000000000000000000e+00 1.000000000000000000e+00 1.000000000000000000e+00
5.335557965999999652e-01 5.475483735999999713e-01 5.490994155999999737e-01 5.351085089999999544e-01 5.536522485999999521e-01 4.230408472000000142e-01 5.627585891999999923e-01 2.952632573000000260e-01 5.752506105000000369e-01 5.624689159000000327e-01 5.728527583000000423e-01 5.367483678000000147e-01 5.444913705999999687e-01 3.391703591999999934e-01 5.910392259000000204e-01 5.478254060999999675e-01 5.921747544000000030e-01 2.074506999999999879e-01 2.074506999999999879e-01 0.000000000000000000e+00 2.149827505000000138e-01 2.711082186000000060e-01 2.074506999999999879e-01 2.112277211999999960e-01 5.104043131000000066e-01 4.444084459000000042e-01 5.217673377999999529e-01 3.360881466999999789e-01 4.719182459999999857e-01 3.828099349999999901e-01 4.377424972000000247e-01 4.775762608999999936e-01 5.249072673000000355e-01 5.332660165999999480e-01 4.778644866000000269e-01 3.945287647999999869e-01 5.201682534999999552e-01 4.488402873999999820e-01 3.997039595999999917e-01 1.000000000000000000e+00 1.000000000000000000e+00 1.000000000000000000e+00
5.400652461999999598e-01 5.513854818000000213e-01 5.358118225000000345e-01 5.006832133999999934e-01 5.438277551000000321e-01 3.968301169999999822e-01 5.350623713000000059e-01 2.743508758000000047e-01 5.666417966000000250e-01 5.356280010999999730e-01 5.553729613000000231e-01 5.000631685999999965e-01 5.150032798000000467e-01 2.944702169000000258e-01 5.631528569999999512e-01 5.509238531000000272e-01 5.763141415000000434e-01 2.050040761999999961e-01 2.050040761999999961e-01 2.149827505000000138e-01 0.000000000000000000e+00 2.666419435999999865e-01 2.050040761999999961e-01 2.136155701000000129e-01 4.307229059000000082e-01 4.177487995999999981e-01 4.449619081000000254e-01 3.199245975000000186e-01 5.201434571999999923e-01 3.854741485000000023e-01 4.339404291999999774e-01 4.835554049999999937e-01 5.440905553999999533e-01 5.540472157000000397e-01 4.934849613999999773e-01 4.094938175000000236e-01 5.510579583000000392e-01 3.854577812000000159e-01 4.221476141000000126e-01 1.000000000000000000e+00 1.000000000000000000e+00 1.000000000000000000e+00
5.370936492000000229e-01 5.466457257000000292e-01 5.084311374000000106e-01 4.134371085999999917e-01 5.217700861999999828e-01 2.561533563000000235e-01 4.248561477000000197e-01 1.140588275999999957e-01 5.479691581000000200e-01 4.663252996000000206e-01 5.291700010000000010e-01 3.968347617999999910e-01 4.274677847999999725e-01 2.057617143000000093e-01 4.810792011999999729e-01 5.459269312000000207e-01 5.526809669000000147e-01 7.638167270000000009e-02 7.638167270000000009e-02 2.711082186000000060e-01 2.666419435999999865e-01 0.000000000000000000e+00 7.638167270000000009e-02 7.007247519999999785e-02 3.896592997000000169e-01 3.180748359000000192e-01 3.984943510000000244e-01 3.256440508999999817e-01 5.414025277999999775e-01 4.858550535999999753e-01 4.972626908000000179e-01 5.135956173000000291e-01 5.616786174000000242e-01 5.618997572999999690e-01 5.502954749999999784e-01 5.012748783999999569e-01 5.796963929999999765e-01 4.909894397999999827e-01 4.971237463000000023e-01 1.000000000000000000e+00 1.000000000000000000e+00 1.000000000000000000e+00
5.309412588999999905e-01 5.278240569000000049e-01 5.249681974000000029e-01 4.821114336999999805e-01 5.243160967000000117e-01 2.437286767000000076e-01 4.781335575999999810e-01 6.646891809999999623e-02 5.546879156999999783e-01 5.164437978999999457e-01 5.481025426000000200e-01 4.464780505000000010e-01 4.797509071000000125e-01 1.683730496999999993e-01 5.380237276999999541e-01 5.266476505999999613e-01 5.601425552000000030e-01 0.000000000000000000e+00 0.000000000000000000e+00 2.074506999999999879e-01 2.050040761999999961e-01 7.638167270000000009e-02 0.000000000000000000e+00 1.688699600000000091e-03 4.189504857999999943e-01 3.007344703000000008e-01 4.321985756999999762e-01 2.989142049999999884e-01 5.329673579999999466e-01 4.665584439000000083e-01 4.773247652000000008e-01 4.977274669999999790e-01 5.498163119000000210e-01 5.538445820999999825e-01 5.345670511000000236e-01 4.789746196999999928e-01 5.640009986999999780e-01 4.684381515000000107e-01 4.675334139999999805e-01 1.000000000000000000e+00 1.000000000000000000e+00 1.000000000000000000e+00
5.270456128999999601e-01 5.253799634000000385e-01 5.228768553999999513e-01 4.779414280000000015e-01 5.236132958000000448e-01 2.360636462000000046e-01 4.728968990999999900e-01 6.264031920000000253e-02 5.546476345999999946e-01 5.121657036000000218e-01 5.467173610000000128e-01 4.417822686999999804e-01 4.733874672999999755e-01 1.656278167999999940e-01 5.350843228999999646e-01 5.242293251999999848e-01 5.586850206000000263e-01 1.688699600000000091e-03 1.688699600000000091e-03 2.112277211999999960e-01 2.136155701000000129e-01 7.007247519999999785e-02 1.688699600000000091e-03 0.000000000000000000e+00 4.155077346000000116e-01 3.018876019999999771e-01 4.285559954000000005e-01 3.315082368000000224e-01 5.370832776999999725e-01 4.871879995000000241e-01 4.981901116999999934e-01 5.112344280999999713e-01 5.522593550000000073e-01 5.562226798999999611e-01 5.533800877000000229e-01 5.073458487999999988e-01 5.674131778000000015e-01 4.905866401000000265e-01 4.743017722000000269e-01 1.000000000000000000e+00 1.000000000000000000e+00 1.000000000000000000e+00
5.280008064000000223e-01 5.576747361999999653e-01 4.937518249999999775e-01 3.800533073999999845e-01 4.548824833999999817e-01 2.348358375000000053e-01 3.029302837000000248e-01 3.161510558000000248e-01 4.776606245999999723e-01 4.428034504000000204e-01 4.711261298000000153e-01 3.592727982000000209e-01 4.187776653999999987e-01 4.483960076999999878e-01 3.858704935000000225e-01 5.572988641999999659e-01 5.078930911000000270e-01 4.189504857999999943e-01 4.189504857999999943e-01 5.104043131000000066e-01 4.307229059000000082e-01 3.896592997000000169e-01 4.189504857999999943e-01 4.155077346000000116e-01 0.000000000000000000e+00 2.620216817000000087e-01 5.339760300000000355e-03 5.054388470999999772e-01 5.298387418000000126e-01 5.465040558000000548e-01 5.390623259000000278e-01 5.511800584999999586e-01 5.512996417000000093e-01 5.078016572000000339e-01 5.707838710999999510e-01 5.654557984000000426e-01 5.673470308000000406e-01 5.453829884999999988e-01 5.205138644000000259e-01 1.000000000000000000e+00 1.000000000000000000e+00 1.000000000000000000e+00
5.332891712999999756e-01 5.514536486000000126e-01 5.403129623000000326e-01 5.187618911000000388e-01 4.650121177000000050e-01 1.128369577999999984e-01 3.224978962000000227e-01 1.936332726999999976e-01 5.258796143999999728e-01 5.489907895000000204e-01 5.570387705999999550e-01 4.850392089000000184e-01 5.319011691999999680e-01 4.306281531999999745e-01 4.923628988000000040e-01 5.509537062999999568e-01 5.693194520000000036e-01 3.007344703000000008e-01 3.007344703000000008e-01 4.444084459000000042e-01 4.177487995999999981e-01 3.180748359000000192e-01 3.007344703000000008e-01 3.018876019999999771e-01 2.620216817000000087e-01 0.000000000000000000e+00 2.673717458000000047e-01 3.933595416999999816e-01 5.326050327000000362e-01 5.032450171000000250e-01 4.831520915999999999e-01 5.204685542000000442e-01 5.508101031000000036e-01 5.156648298999999547e-01 5.364416352999999971e-01 5.061894475999999532e-01 5.664409563000000203e-01 4.996015892999999819e-01 4.888215273000000027e-01 1.000000000000000000e+00 1.000000000000000000e+00 1.000000000000000000e+00
5.314144967999999691e-01 5.632138759000000494e-01 4.992694545999999955e-01 3.853162313999999866e-01 4.491701547999999988e-01 2.359290035999999924e-01 2.590848828999999798e-01 3.258465503999999902e-01 4.619243692000000179e-01 4.490537311000000198e-01 4.820310364000000014e-01 3.662827202000000226e-01 4.316106294000000010e-01 4.658208216999999984e-01 3.517958527999999752e-01 5.632099608999999729e-01 5.145366649000000514e-01 4.321985756999999762e-01 4.321985756999999762e-01 5.217673377999999529e-01 4.449619081000000254e-01 3.984943510000000244e-01 4.321985756999999762e-01 4.285559954000000005e-01 5.339760300000000355e-03 2.673717458000000047e-01 0.000000000000000000e+00 5.150250489000000043e-01 5.312095639999999674e-01 5.530118035000000098e-01 5.419064983000000391e-01 5.551894554999999842e-01 5.520126390999999799e-01 4.968470493000000099e-01 5.744891755000000044e-01 5.711855450999999695e-01 5.685461255999999519e-01 5.518528166999999707e-01 5.201418716000000275e-01 1.000000000000000000e+00 1.000000000000000000e+00 1.000000000000000000e+00
5.304299367000000487e-01 5.331996589999999925e-01 5.363293239999999962e-01 5.297241570999999816e-01 5.371524025999999674e-01 4.372039381000000224e-01 5.386127998999999944e-01 3.493725644999999824e-01 5.540377049000000387e-01 5.482910562999999682e-01 5.494267630000000402e-01 5.320694468000000121e-01 5.391057518999999854e-01 4.089084004999999911e-01 5.674600160999999643e-01 5.327882175000000498e-01 5.636206911000000153e-01 2.989142049999999884e-01 2.989142049999999884e-01 3.360881466999999789e-01 3.199245975000000186e-01 3.256440508999999817e-01 2.989142049999999884e-01 3.315082368000000224e-01 5.054388470999999772e-01 3.933595416999999816e-01 5.150250489000000043e-01 0.000000000000000000e+00 4.467980732999999871e-01 2.259176347999999890e-01 2.234080828999999990e-01 3.417637184999999800e-01 5.055947091000000393e-01 5.008587602999999833e-01 2.831882779000000072e-01 1.293687652000000132e-01 4.958917433999999735e-01 2.227008493000000033e-01 4.020882407999999963e-01 1.000000000000000000e+00 1.000000000000000000e+00 1.000000000000000000e+00
4.965731461999999818e-01 5.071404460999999753e-01 5.272006341999999623e-01 5.327001440999999948e-01 5.256112642000000390e-01 5.336021260000000099e-01 5.287146585999999981e-01 5.465761534999999949e-01 4.949859393000000107e-01 5.385203033000000028e-01 5.191971921000000378e-01 5.496418884999999532e-01 5.458562050999999915e-01 5.591561564999999456e-01 5.406458224000000312e-01 5.080877572999999980e-01 5.285208771999999611e-01 5.329673579999999466e-01 5.329673579999999466e-01 4.719182459999999857e-01 5.201434571999999923e-01 5.414025277999999775e-01 5.329673579999999466e-01 5.370832776999999725e-01 5.298387418000000126e-01 5.326050327000000362e-01 5.312095639999999674e-01 4.467980732999999871e-01 0.000000000000000000e+00 4.611132787000000177e-01 3.956941862999999726e-01 4.294990545999999854e-01 3.357633950999999728e-01 1.993321968000000000e-01 3.272665247000000055e-01 2.808131151000000103e-01 2.256854177000000017e-01 4.993250016999999930e-01 2.694799212999999805e-01 1.000000000000000000e+00 1.000000000000000000e+00 1.000000000000000000e+00
5.364506921999999678e-01 5.558622346999999575e-01 5.289403791000000243e-01 5.302824617000000407e-01 5.471724354000000456e-01 5.290884702999999467e-01 5.737217460000000324e-01 5.027512513999999877e-01 5.639912174000000222e-01 5.473047457999999921e-01 5.531258782000000318e-01 5.634478748000000259e-01 5.536849905999999821e-01 5.239043017000000191e-01 5.824630034000000123e-01 5.566228387999999638e-01 5.667293662000000287e-01 4.665584439000000083e-01 4.665584439000000083e-01 3.828099349999999901e-01 3.854741485000000023e-01 4.858550535999999753e-01 4.665584439000000083e-01 4.871879995000000241e-01 5.465040558000000548e-01 5.032450171000000250e-01 5.530118035000000098e-01 2.259176347999999890e-01 4.611132787000000177e-01 0.000000000000000000e+00 2.902682612999999967e-01 4.072584852000000200e-01 5.057606194999999527e-01 5.042548591000000080e-01 3.513720819999999745e-01 2.373968723000000058e-01 4.748102081999999724e-01 2.360553140999999966e-01 4.302322847000000228e-01 1.000000000000000000e+00 1.000000000000000000e+00 1.000000000000000000e+00
5.402464228000000146e-01 5.643360644999999565e-01 5.496535613999999903e-01 5.522363088999999725e-01 5.189658462999999777e-01 5.001732384000000531e-01 5.484480137999999672e-01 5.001852339000000258e-01 5.476154513000000001e-01 5.706867326000000240e-01 5.665474510000000352e-01 5.796833216000000233e-01 5.744908872999999749e-01 5.524059368000000525e-01 5.821683398000000453e-01 5.653378116999999703e-01 5.835750728999999914e-01 4.773247652000000008e-01 4.773247652000000008e-01 4.377424972000000247e-01 4.339404291999999774e-01 4.972626908000000179e-01 4.773247652000000008e-01 4.981901116999999934e-01 5.390623259000000278e-01 4.831520915999999999e-01 5.419064983000000391e-01 2.234080828999999990e-01 3.956941862999999726e-01 2.902682612999999967e-01 0.000000000000000000e+00 3.253550056000000246e-01 3.709420787000000108e-01 3.857599465000000061e-01 2.311540675000000045e-01 9.592512579999999678e-02 3.121478020999999825e-01 3.435284364000000257e-01 3.569497388999999798e-01 1.000000000000000000e+00 1.000000000000000000e+00 1.000000000000000000e+00
5.338297938999999603e-01 5.547302304000000239e-01 5.412806931000000432e-01 5.454212196000000068e-01 5.419066425999999881e-01 5.343639330999999659e-01 5.668820740000000136e-01 5.300278627000000187e-01 5.549497102999999543e-01 5.596201039000000543e-01 5.561708313000000015e-01 5.720972809000000048e-01 5.634935693999999495e-01 5.526354296000000055e-01 5.784921495000000524e-01 5.557678109999999450e-01 5.757939181000000239e-01 4.977274669999999790e-01 4.977274669999999790e-01 4.775762608999999936e-01 4.835554049999999937e-01 5.135956173000000291e-01 4.977274669999999790e-01 5.112344280999999713e-01 5.511800584999999586e-01 5.204685542000000442e-01 5.551894554999999842e-01 3.417637184999999800e-01 4.294990545999999854e-01 4.072584852000000200e-01 3.253550056000000246e-01 0.000000000000000000e+00 4.250258773000000212e-01 4.742375977000000131e-01 3.968720993000000030e-01 3.189138698999999799e-01 4.357354082000000073e-01 4.259712461999999866e-01 4.416951627999999852e-01 1.000000000000000000e+00 1.000000000000000000e+00 1.000000000000000000e+00
5.251239032000000195e-01 5.480465306999999786e-01 5.366406659000000356e-01 5.429163464999999800e-01 5.349311919000000470e-01 5.475746451999999875e-01 5.524174270999999692e-01 5.692820993999999635e-01 5.348836692999999753e-01 5.536143855999999808e-01 5.452940581999999869e-01 5.696993592000000328e-01 5.605888863000000333e-01 5.820943657999999576e-01 5.636889443000000499e-01 5.493664472999999493e-01 5.638083346000000162e-01 5.498163119000000210e-01 5.498163119000000210e-01 5.249072673000000355e-01 5.440905553999999533e-01 5.616786174000000242e-01 5.498163119000000210e-01 5.522593550000000073e-01 5.512996417000000093e-01 5.508101031000000036e-01 5.520126390999999799e-01 5.055947091000000393e-01 3.357633950999999728e-01 5.057606194999999527e-01 3.709420787000000108e-01 4.250258773000000212e-01 0.000000000000000000e+00 3.441734289999999752e-01 3.725523773000000149e-01 3.693721376999999917e-01 3.196008770000000054e-01 5.252798999000000135e-01 4.259045846999999774e-01 1.000000000000000000e+00 1.000000000000000000e+00 1.000000000000000000e+00
5.261118180999999616e-01 5.529823928000000555e-01 5.423144140000000224e-01 5.475761950999999961e-01 4.694406528000000245e-01 4.927193059000000153e-01 4.212987658999999829e-01 5.430414090999999832e-01 4.053277189999999752e-01 5.585506319999999914e-01 5.146239286999999551e-01 5.463654475000000454e-01 5.669992991000000204e-01 5.972536872999999469e-01 4.666659892999999726e-01 5.536718650999999936e-01 5.298993104000000454e-01 5.538445820999999825e-01 5.538445820999999825e-01 5.332660165999999480e-01 5.540472157000000397e-01 5.618997572999999690e-01 5.538445820999999825e-01 5.562226798999999611e-01 5.078016572000000339e-01 5.156648298999999547e-01 4.968470493000000099e-01 5.008587602999999833e-01 1.993321968000000000e-01 5.042548591000000080e-01 3.857599465000000061e-01 4.742375977000000131e-01 3.441734289999999752e-01 0.000000000000000000e+00 4.059661458000000112e-01 3.419648235000000147e-01 3.272932242000000103e-01 5.373584327999999521e-01 3.713753153000000085e-01 1.000000000000000000e+00 1.000000000000000000e+00 1.000000000000000000e+00
5.399046911999999532e-01 5.637286259999999549e-01 5.515530697999999621e-01 5.595551641999999548e-01 5.517209684999999642e-01 5.605793246000000396e-01 5.840967084999999503e-01 5.686389308000000531e-01 5.627776361999999866e-01 5.736135863000000334e-01 5.670489560000000484e-01 5.972568697000000260e-01 5.840765593000000200e-01 5.937141229000000298e-01 5.976868515000000048e-01 5.650855890999999520e-01 5.907007563999999711e-01 5.345670511000000236e-01 5.345670511000000236e-01 4.778644866000000269e-01 4.934849613999999773e-01 5.502954749999999784e-01 5.345670511000000236e-01 5.533800877000000229e-01 5.707838710999999510e-01 5.364416352999999971e-01 5.744891755000000044e-01 2.831882779000000072e-01 3.272665247000000055e-01 3.513720819999999745e-01 2.311540675000000045e-01 3.968720993000000030e-01 3.725523773000000149e-01 4.059661458000000112e-01 0.000000000000000000e+00 1.892942762000000001e-01 3.654855283999999815e-01 3.411261439000000117e-01 3.811417550999999793e-01 1.000000000000000000e+00 1.000000000000000000e+00 1.000000000000000000e+00
5.368743013000000230e-01 5.621897260999999535e-01 5.583967588999999565e-01 5.650958864999999776e-01 5.573257366999999629e-01 5.421478492000000315e-01 5.851612654000000191e-01 5.247700226000000523e-01 5.624212334000000535e-01 5.845756400999999602e-01 5.708519802999999504e-01 5.997295518999999908e-01 5.911928124999999978e-01 5.632894599000000113e-01 6.066376996000000243e-01 5.632707568999999470e-01 5.969303987999999839e-01 4.789746196999999928e-01 4.789746196999999928e-01 3.945287647999999869e-01 4.094938175000000236e-01 5.012748783999999569e-01 4.789746196999999928e-01 5.073458487999999988e-01 5.654557984000000426e-01 5.061894475999999532e-01 5.711855450999999695e-01 1.293687652000000132e-01 2.808131151000000103e-01 2.373968723000000058e-01 9.592512579999999678e-02 3.189138698999999799e-01 3.693721376999999917e-01 3.419648235000000147e-01 1.892942762000000001e-01 0.000000000000000000e+00 3.240735519999999870e-01 2.906345764000000109e-01 3.233191237999999967e-01 1.000000000000000000e+00 1.000000000000000000e+00 1.000000000000000000e+00
5.335658868999999527e-01 5.603967625000000341e-01 5.474687142999999923e-01 5.557124708999999774e-01 5.454928986000000535e-01 5.630771763999999902e-01 5.753526842999999724e-01 5.899210799999999866e-01 5.478339131999999667e-01 5.695222661000000075e-01 5.605671693999999539e-01 5.924608184999999860e-01 5.786192140000000483e-01 6.060916353999999950e-01 5.884512205999999912e-01 5.621908527000000211e-01 5.821670641999999729e-01 5.640009986999999780e-01 5.640009986999999780e-01 5.201682534999999552e-01 5.510579583000000392e-01 5.796963929999999765e-01 5.640009986999999780e-01 5.674131778000000015e-01 5.673470308000000406e-01 5.664409563000000203e-01 5.685461255999999519e-01 4.958917433999999735e-01 2.256854177000000017e-01 4.748102081999999724e-01 3.121478020999999825e-01 4.357354082000000073e-01 3.196008770000000054e-01 3.272932242000000103e-01 3.654855283999999815e-01 3.240735519999999870e-01 0.000000000000000000e+00 5.218165664999999676e-01 3.426542886000000232e-01 1.000000000000000000e+00 1.000000000000000000e+00 1.000000000000000000e+00
5.362961249000000041e-01 5.534872389999999642e-01 5.346607094999999976e-01 5.435757342000000492e-01 5.438954833000000377e-01 5.275392595000000240e-01 5.714238772999999938e-01 5.040536623000000382e-01 5.634053535999999918e-01 5.567521089000000423e-01 5.569566197999999968e-01 5.696733782999999773e-01 5.611780271999999847e-01 5.266680755999999519e-01 5.826339896000000129e-01 5.541484230000000011e-01 5.745079430999999737e-01 4.684381515000000107e-01 4.684381515000000107e-01 4.488402873999999820e-01 3.854577812000000159e-01 4.909894397999999827e-01 4.684381515000000107e-01 4.905866401000000265e-01 5.453829884999999988e-01 4.996015892999999819e-01 5.518528166999999707e-01 2.227008493000000033e-01 4.993250016999999930e-01 2.360553140999999966e-01 3.435284364000000257e-01 4.259712461999999866e-01 5.252798999000000135e-01 5.373584327999999521e-01 3.411261439000000117e-01 2.906345764000000109e-01 5.218165664999999676e-01 0.000000000000000000e+00 4.692802790000000224e-01 1.000000000000000000e+00 1.000000000000000000e+00 1.000000000000000000e+00
