0.000000000000000000e+00 3.397049636999999733e-01 4.140700612000000058e-01 5.431168086000000006e-01 3.862512813999999794e-01 5.245367986000000204e-01 4.195326704999999823e-01 4.906579716000000202e-01 5.129089242000000048e-01 4.471779760999999853e-01 4.715464717000000250e-01 5.347414436999999854e-01 5.343565416000000123e-01 5.059254626000000421e-01 5.360721672999999576e-01 4.546078360999999957e-01 4.371055228999999875e-01 5.317702640999999453e-01 5.360641492000000063e-01 5.291291760999999871e-01 5.494384059000000375e-01 5.345963343999999839e-01 5.335044802999999725e-01 5.459869749000000327e-01 5.390421243999999890e-01 5.387635240000000492e-01 5.443826198000000227e-01 4.914140175999999749e-01 4.912926220000000122e-01 4.796335784999999907e-01 5.347063282999999778e-01 5.287767781000000111e-01 5.411880759999999624e-01 5.405933588000000345e-01 5.421750404999999828e-01 5.447095979999999615e-01 5.340415332000000292e-01 5.269286403999999813e-01 5.332960750999999888e-01 5.351840533999999705e-01 5.448415647000000028e-01 5.339863240000000122e-01
3.397049636999999733e-01 0.000000000000000000e+00 4.937351734000000048e-01 5.214036926999999766e-01 5.114846210000000282e-01 4.300600203000000121e-01 5.182287654999999660e-01 4.956715741000000119e-01 5.346832209999999863e-01 4.064339182000000217e-01 4.705561816000000119e-01 5.367071773999999573e-01 3.843265806999999756e-01 3.459988587999999754e-01 3.642342055000000189e-01 2.740687452000000190e-01 4.968729885000000013e-01 4.269337793999999908e-01 4.307870280000000163e-01 4.063250230000000074e-01 5.074410271000000527e-01 5.190310428000000087e-01 4.330183811000000160e-01 5.065894762999999523e-01 5.291202500999999669e-01 5.320071317000000244e-01 5.310237760999999557e-01 4.997172634000000002e-01 5.258076027000000430e-01 5.262964828999999733e-01 5.561098379000000147e-01 5.386182559000000092e-01 5.645543255999999621e-01 5.642689538999999810e-01 5.467695743999999580e-01 5.601972392999999828e-01 5.482991291000000045e-01 5.339807708999999569e-01 5.378118667000000297e-01 5.526322982000000383e-01 5.582872629999999781e-01 5.328886497999999472e-01
4.140700612000000058e-01 4.937351734000000048e-01 0.000000000000000000e+00 4.838966272999999929e-01 4.628742659000000259e-01 5.285977736000000426e-01 4.780874615999999855e-01 4.199849989000000172e-01 5.300740940999999484e-01 4.937805102999999751e-01 5.026239616000000021e-01 4.966007890999999952e-01 5.095500584000000055e-01 5.304526185000000282e-01 5.389482543000000403e-01 5.216152961000000143e-01 5.014840980000000448e-01 5.219370990999999682e-01 5.314213046000000329e-01 5.419599978000000373e-01 5.382237501000000091e-01 4.815939481000000022e-01 5.237625080000000155e-01 5.396522485000000424e-01 5.343639293999999929e-01 5.374884880000000420e-01 5.405990169000000067e-01 5.261519830999999980e-01 5.309172601999999630e-01 4.938745131000000232e-01 5.441042926000000390e-01 5.270589387999999875e-01 5.458289686999999724e-01 5.481203854999999736e-01 5.461897210999999697e-01 5.454797373999999976e-01 5.330503406000000055e-01 5.328644728000000441e-01 5.267398689000000189e-01 5.362136607999999915e-01 5.426192771000000192e-01 5.272910095999999713e-01
5.431168086000000006e-01 5.214036926999999766e-01 4.838966272999999929e-01 0.000000000000000000e+00 5.278395777000000066e-01 3.689097284000000254e-01 4.953130599000000189e-01 4.438131833000000248e-01 5.441540885000000216e-01 5.341150028000000161e-01 5.296940798000000505e-01 3.567964017999999959e-01 4.378675028999999830e-01 4.378474240999999934e-01 4.430715637000000040e-01 5.197408130999999765e-01 5.213884519999999467e-01 4.035549843999999831e-01 4.279707248999999880e-01 4.776382002999999821e-01 4.112998674000000188e-01 4.213361219999999796e-01 4.019785316999999747e-01 4.888878647000000077e-01 3.588657593999999840e-01 4.683077150000000133e-01 4.660436007000000047e-01 5.230911444000000410e-01 5.456345002000000388e-01 5.407116283999999773e-01 5.580187757000000248e-01 5.338062019000000546e-01 5.608255496999999812e-01 5.648787615000000484e-01 5.622421026999999683e-01 5.608219895999999594e-01 5.380993816000000374e-01 5.440656191999999614e-01 5.365801306999999909e-01 5.438744237999999509e-01 5.519123745999999775e-01 5.299671005999999629e-01
3.862512813999999794e-01 5.114846210000000282e-01 4.628742659000000259e-01 5.278395777000000066e-01 0.000000000000000000e+00 4.673874679000000198e-01 2.077986481999999913e-01 5.134715508999999622e-01 4.258568475999999769e-01 5.007355843999999889e-01 5.224809669000000101e-01 5.296858722999999713e-01 5.556607848000000294e-01 5.519048439000000528e-01 5.538065725999999911e-01 5.101916324999999919e-01 3.259028173999999889e-01 5.471461207000000160e-01 5.599491963999999600e-01 5.680012114000000389e-01 5.627887151999999560e-01 5.481980403999999751e-01 5.485794711000000490e-01 5.636426663000000392e-01 4.511190172000000276e-01 4.637873845000000106e-01 5.158176061999999451e-01 5.438702463000000265e-01 4.957615443999999760e-01 4.931118878999999899e-01 5.040298601999999573e-01 5.379463002000000049e-01 5.504248355999999953e-01 4.935767614000000081e-01 5.590079484000000098e-01 5.553696164000000435e-01 5.342026968999999958e-01 5.466886380000000045e-01 5.418696373000000399e-01 4.942531244999999740e-01 5.514029532999999983e-01 5.376628411999999635e-01
5.245367986000000204e-01 4.300600203000000121e-01 5.285977736000000426e-01 3.689097284000000254e-01 4.673874679000000198e-01 0.000000000000000000e+00 4.223042813999999812e-01 3.789074567999999865e-01 5.316281904999999863e-01 5.206193609000000500e-01 5.325471308000000459e-01 5.018384136000000328e-01 3.859566007999999937e-01 3.728424007999999734e-01 3.404169628000000003e-01 4.187673981000000212e-01 5.121361400999999702e-01 3.295593003999999770e-01 3.640779497000000142e-01 3.972824535999999740e-01 4.273472534000000156e-01 4.605006913999999951e-01 3.308747683000000106e-01 4.727590943000000157e-01 3.395799294999999884e-01 3.040352423000000082e-01 3.175234402000000067e-01 5.148069928999999822e-01 5.474421596999999862e-01 5.408860563999999815e-01 5.589137390999999733e-01 5.366714433999999478e-01 5.653114834000000366e-01 5.679244943000000267e-01 5.661277759999999715e-01 5.645797758999999694e-01 5.440274376000000522e-01 5.462643435999999797e-01 5.257452347000000081e-01 5.305295497999999998e-01 5.563082821000000511e-01 5.081593013999999853e-01
4.195326704999999823e-01 5.182287654999999660e-01 4.780874615999999855e-01 4.953130599000000189e-01 2.077986481999999913e-01 4.223042813999999812e-01 0.000000000000000000e+00 5.062829938999999779e-01 4.528525216000000020e-01 5.115413407000000134e-01 5.311005859999999856e-01 4.886691904000000086e-01 5.439157508999999946e-01 5.423186236999999466e-01 5.331461221000000084e-01 5.153654263000000402e-01 3.708438293999999913e-01 5.329541728000000145e-01 5.402585692000000384e-01 5.534393933000000265e-01 5.470224604000000213e-01 5.370923552999999906e-01 5.341998535999999964e-01 5.557806868000000344e-01 3.979347693999999991e-01 4.509889686999999925e-01 4.991586630000000024e-01 5.422098484999999801e-01 5.013051780999999707e-01 5.013799942000000121e-01 5.104619433999999512e-01 5.352546847000000385e-01 5.492028268999999963e-01 5.042380229999999797e-01 5.575626748999999993e-01 5.539969486000000387e-01 5.392728858999999986e-01 5.437725235999999462e-01 5.370195957000000186e-01 5.017156886000000426e-01 5.527406051000000042e-01 5.274856436999999509e-01
4.906579716000000202e-01 4.956715741000000119e-01 4.199849989000000172e-01 4.438131833000000248e-01 5.134715508999999622e-01 3.789074567999999865e-01 5.062829938999999779e-01 0.000000000000000000e+00 5.322428370999999769e-01 5.239532827999999753e-01 5.284803368999999584e-01 5.145391798999999766e-01 5.186489343000000307e-01 5.231203043000000052e-01 5.151851280000000477e-01 4.998237261999999848e-01 5.004261016000000062e-01 5.215404380999999479e-01 5.238837440000000401e-01 5.354820315999999636e-01 5.354502080999999913e-01 5.176170957000000294e-01 5.222968781000000282e-01 5.437681865000000281e-01 4.996701835999999841e-01 4.860103997999999925e-01 4.884298172000000049e-01 5.335639276000000430e-01 5.332000454999999972e-01 5.331074955000000282e-01 5.446511180999999979e-01 5.251420302000000540e-01 5.442656850000000546e-01 5.472495500999999818e-01 5.447047390000000489e-01 5.431982153000000091e-01 5.329674943000000109e-01 5.317463374999999992e-01 5.259976671999999631e-01 5.330082170000000064e-01 5.398939782999999659e-01 5.071456907000000403e-01
5.129089242000000048e-01 5.346832209999999863e-01 5.300740940999999484e-01 5.441540885000000216e-01 4.258568475999999769e-01 5.316281904999999863e-01 4.528525216000000020e-01 5.322428370999999769e-01 0.000000000000000000e+00 4.656167357000000062e-01 4.647398550999999878e-01 5.290758427999999736e-01 5.264417086999999551e-01 5.503374050999999545e-01 5.513632330000000081e-01 5.062195024000000210e-01 4.100627749999999905e-01 5.515133782000000151e-01 5.555487439999999832e-01 5.568436651999999487e-01 5.560996711000000259e-01 5.455113377000000430e-01 5.526195481000000242e-01 5.541010147999999580e-01 5.150464098000000490e-01 5.383336448000000107e-01 5.411593430000000149e-01 5.328328557000000520e-01 4.708800179000000030e-01 4.956148458999999895e-01 4.885633656999999741e-01 5.274795040999999962e-01 5.263976578000000295e-01 4.738850253999999929e-01 5.357720969000000499e-01 5.310774099999999720e-01 5.016693130999999584e-01 5.331890725000000275e-01 5.290898667000000222e-01 3.548226251000000109e-01 5.133876057999999798e-01 5.283349979999999446e-01
4.471779760999999853e-01 4.064339182000000217e-01 4.937805102999999751e-01 5.341150028000000161e-01 5.007355843999999889e-01 5.206193609000000500e-01 5.115413407000000134e-01 5.239532827999999753e-01 4.656167357000000062e-01 0.000000000000000000e+00 2.931502189999999897e-01 5.249704689999999951e-01 5.109489764000000322e-01 4.614194057000000071e-01 5.233629960000000247e-01 3.477224412000000098e-01 4.350169365000000066e-01 5.297959163000000027e-01 5.408711511999999555e-01 5.444899861999999979e-01 5.503511353000000161e-01 5.333467286999999946e-01 5.379757727999999739e-01 5.488595484999999607e-01 5.243808701000000072e-01 5.264731669000000114e-01 5.231188985000000402e-01 5.277063421000000032e-01 5.231690739000000034e-01 5.387908000000000142e-01 5.354926182000000479e-01 5.288851243000000091e-01 5.379480935999999547e-01 5.410015003000000489e-01 5.352977259000000210e-01 5.123996524999999691e-01 5.330617259000000052e-01 5.338461906000000479e-01 5.345614005000000057e-01 5.004583248999999734e-01 5.385461126999999681e-01 5.341100368000000209e-01
4.715464717000000250e-01 4.705561816000000119e-01 5.026239616000000021e-01 5.296940798000000505e-01 5.224809669000000101e-01 5.325471308000000459e-01 5.311005859999999856e-01 5.284803368999999584e-01 4.647398550999999878e-01 2.931502189999999897e-01 0.000000000000000000e+00 5.043507261999999880e-01 4.586058940000000139e-01 4.717413194999999781e-01 5.104369558000000362e-01 4.332592279999999962e-01 4.315241725000000250e-01 5.335300613000000247e-01 5.419185233000000101e-01 5.462992265999999653e-01 5.486519457999999849e-01 5.369029362999999666e-01 5.355487228999999960e-01 5.461225251000000336e-01 5.375204615999999991e-01 5.418932693000000356e-01 5.385965243000000457e-01 5.354970735999999842e-01 5.276538141000000071e-01 5.400457427999999505e-01 5.434699185000000377e-01 5.274750134000000257e-01 5.451259335000000483e-01 5.430509806000000106e-01 5.435425338999999578e-01 5.058707186999999994e-01 5.375855418999999635e-01 5.346928467999999546e-01 5.343811495000000411e-01 5.278807281999999823e-01 5.410777007000000527e-01 5.302464126999999472e-01
5.347414436999999854e-01 5.367071773999999573e-01 4.966007890999999952e-01 3.567964017999999959e-01 5.296858722999999713e-01 5.018384136000000328e-01 4.886691904000000086e-01 5.145391798999999766e-01 5.290758427999999736e-01 5.249704689999999951e-01 5.043507261999999880e-01 0.000000000000000000e+00 4.709577945999999793e-01 5.020569384999999940e-01 4.846828999000000193e-01 5.309923279999999579e-01 5.163311457000000493e-01 5.143561417999999996e-01 5.224665718000000014e-01 5.410455879000000134e-01 5.260364808999999919e-01 4.950736842999999832e-01 5.161852620000000336e-01 5.408858096999999976e-01 4.300775530000000013e-01 5.219869042000000459e-01 5.220921340999999938e-01 5.351753343999999801e-01 5.353315921000000310e-01 5.344742231000000343e-01 5.467904279999999950e-01 5.286281190999999602e-01 5.471599030999999558e-01 5.509482387999999897e-01 5.507053310999999729e-01 5.479782941999999935e-01 5.368644964000000019e-01 5.364733682000000226e-01 5.331372371999999471e-01 5.384927199000000275e-01 5.445131468999999669e-01 5.340317931000000407e-01
5.343565416000000123e-01 3.843265806999999756e-01 5.095500584000000055e-01 4.378675028999999830e-01 5.556607848000000294e-01 3.859566007999999937e-01 5.439157508999999946e-01 5.186489343000000307e-01 5.264417086999999551e-01 5.109489764000000322e-01 4.586058940000000139e-01 4.709577945999999793e-01 0.000000000000000000e+00 2.606971998000000013e-01 2.041030516000000017e-01 3.740413027000000223e-01 5.244014432000000392e-01 3.914006179999999779e-01 4.077259382000000265e-01 3.907542700000000147e-01 4.647956047999999840e-01 5.010931673999999836e-01 3.896248013999999982e-01 4.879847219999999819e-01 4.782932731000000270e-01 5.191281900999999976e-01 5.124635935000000364e-01 5.279361815999999985e-01 5.544322206999999780e-01 5.461311196000000479e-01 5.685710346000000248e-01 5.417951828999999497e-01 5.729822811000000460e-01 5.770634184999999805e-01 5.726630006999999800e-01 5.690444243000000180e-01 5.525762403999999739e-01 5.517380232999999912e-01 5.426685538000000086e-01 5.560990312000000380e-01 5.652777572999999611e-01 5.400650585999999809e-01
5.059254626000000421e-01 3.459988587999999754e-01 5.304526185000000282e-01 4.378474240999999934e-01 5.519048439000000528e-01 3.728424007999999734e-01 5.423186236999999466e-01 5.231203043000000052e-01 5.503374050999999545e-01 4.614194057000000071e-01 4.717413194999999781e-01 5.020569384999999940e-01 2.606971998000000013e-01 0.000000000000000000e+00 2.009058799000000006e-01 3.258827109999999916e-01 4.429664434000000206e-01 3.298929784999999892e-01 3.878048443000000067e-01 3.751720571000000115e-01 4.242179133999999796e-01 4.827725330000000037e-01 3.336869402000000040e-01 4.219492530999999769e-01 4.438630512000000250e-01 5.061272740000000159e-01 4.822759737999999796e-01 5.202536500000000119e-01 5.577510607000000231e-01 5.510083363000000123e-01 5.728725721999999854e-01 5.465954717000000018e-01 5.807864021999999959e-01 5.821829580999999809e-01 5.800420436000000013e-01 5.762558050999999626e-01 5.577301451999999715e-01 5.568713430999999714e-01 5.474990284999999846e-01 5.629548838000000277e-01 5.701209906999999966e-01 5.374618067999999971e-01
5.360721672999999576e-01 3.642342055000000189e-01 5.389482543000000403e-01 4.430715637000000040e-01 5.538065725999999911e-01 3.404169628000000003e-01 5.331461221000000084e-01 5.151851280000000477e-01 5.513632330000000081e-01 5.233629960000000247e-01 5.104369558000000362e-01 4.846828999000000193e-01 2.041030516000000017e-01 2.009058799000000006e-01 0.000000000000000000e+00 3.553427350999999734e-01 5.002868201000000292e-01 3.600013313000000048e-01 3.826407345000000237e-01 3.642123579000000055e-01 4.478572878000000035e-01 4.986709322999999805e-01 3.593056345999999790e-01 4.739002528999999853e-01 4.359028474000000153e-01 5.011781570000000130e-01 4.754083762999999907e-01 5.268286305999999586e-01 5.588456470999999537e-01 5.531535615999999544e-01 5.738914282999999505e-01 5.460426039000000342e-01 5.789156779999999891e-01 5.837663357000000275e-01 5.798712047999999841e-01 5.774604628999999711e-01 5.587086077999999789e-01 5.568607849000000165e-01 5.448837909999999507e-01 5.630490686000000355e-01 5.710328270000000206e-01 5.382971828000000514e-01
4.546078360999999957e-01 2.740687452000000190e-01 5.216152961000000143e-01 5.197408130999999765e-01 5.101916324999999919e-01 4.187673981000000212e-01 5.153654263000000402e-01 4.998237261999999848e-01 5.062195024000000210e-01 3.477224412000000098e-01 4.332592279999999962e-01 5.309923279999999579e-01 3.740413027000000223e-01 3.258827109999999916e-01 3.553427350999999734e-01 0.000000000000000000e+00 4.755897946000000043e-01 4.260876714999999870e-01 4.305048302999999743e-01 4.057234489000000055e-01 5.080286871000000426e-01 5.223484641000000206e-01 4.327446889000000074e-01 5.080965188999999604e-01 5.178950325000000188e-01 5.181457435999999861e-01 5.150891134999999732e-01 5.278412691999999629e-01 5.227937348000000206e-01 5.181518398000000136e-01 5.358897648999999541e-01 5.416235739000000438e-01 5.646114545999999512e-01 5.316331439999999464e-01 5.643956198999999785e-01 5.350991677999999974e-01 5.527319520000000264e-01 5.502605649999999793e-01 5.430185360999999489e-01 5.526052460999999472e-01 5.639290650999999599e-01 5.377634433000000325e-01
4.371055228999999875e-01 4.968729885000000013e-01 5.014840980000000448e-01 5.213884519999999467e-01 3.259028173999999889e-01 5.121361400999999702e-01 3.708438293999999913e-01 5.004261016000000062e-01 4.100627749999999905e-01 4.350169365000000066e-01 4.315241725000000250e-01 5.163311457000000493e-01 5.244014432000000392e-01 4.429664434000000206e-01 5.002868201000000292e-01 4.755897946000000043e-01 0.000000000000000000e+00 4.803571259000000149e-01 5.253253607000000214e-01 5.261982441000000454e-01 5.269554821999999916e-01 5.311727124999999772e-01 4.802686205999999736e-01 4.712814350999999791e-01 5.029518278000000286e-01 5.379466901999999662e-01 5.212872196000000180e-01 5.330549176000000111e-01 5.119685156000000070e-01 5.045875031000000011e-01 5.185293249000000326e-01 5.384390821000000216e-01 5.558613379000000299e-01 5.127013711000000251e-01 5.607169896999999459e-01 5.551358381000000008e-01 5.439325921000000008e-01 5.472617955999999895e-01 5.434504400999999874e-01 4.990743161000000261e-01 5.463947464999999726e-01 5.331541682999999532e-01
5.317702640999999453e-01 4.269337793999999908e-01 5.219370990999999682e-01 4.035549843999999831e-01 5.471461207000000160e-01 3.295593003999999770e-01 5.329541728000000145e-01 5.215404380999999479e-01 5.515133782000000151e-01 5.297959163000000027e-01 5.335300613000000247e-01 5.143561417999999996e-01 3.914006179999999779e-01 3.298929784999999892e-01 3.600013313000000048e-01 4.260876714999999870e-01 4.803571259000000149e-01 0.000000000000000000e+00 2.109632432999999918e-01 2.449590872000000086e-01 2.434377168000000091e-01 3.814488377999999957e-01 1.227959735999999968e-01 2.657896499999999884e-01 4.760107149000000204e-01 4.935058279000000270e-01 5.009603231000000489e-01 4.284693927000000069e-01 5.483846401999999953e-01 5.071550991000000064e-01 5.479061365999999822e-01 5.364431069999999746e-01 5.628539324000000343e-01 5.681982195000000457e-01 5.631266549000000232e-01 5.633139418000000509e-01 5.457530488999999818e-01 5.439313530999999591e-01 5.341118739000000337e-01 5.517530886999999495e-01 5.561453826000000156e-01 5.275971631000000439e-01
5.360641492000000063e-01 4.307870280000000163e-01 5.314213046000000329e-01 4.279707248999999880e-01 5.599491963999999600e-01 3.640779497000000142e-01 5.402585692000000384e-01 5.238837440000000401e-01 5.555487439999999832e-01 5.408711511999999555e-01 5.419185233000000101e-01 5.224665718000000014e-01 4.077259382000000265e-01 3.878048443000000067e-01 3.826407345000000237e-01 4.305048302999999743e-01 5.253253607000000214e-01 2.109632432999999918e-01 0.000000000000000000e+00 2.568513787999999742e-01 2.563739285000000145e-01 4.135116099000000212e-01 2.097145170999999975e-01 2.688251495999999796e-01 5.011940796999999614e-01 5.068982401999999610e-01 5.158275164000000190e-01 4.818291094000000108e-01 5.519566487999999493e-01 5.161706489999999814e-01 5.576530320000000485e-01 5.379535417999999902e-01 5.663701799000000481e-01 5.722220743000000498e-01 5.650767908999999589e-01 5.654757367999999618e-01 5.489907185000000300e-01 5.450411642000000390e-01 5.336030714999999702e-01 5.548200457999999946e-01 5.598740523999999885e-01 5.319394203999999737e-01
5.291291760999999871e-01 4.063250230000000074e-01 5.419599978000000373e-01 4.776382002999999821e-01 5.680012114000000389e-01 3.972824535999999740e-01 5.534393933000000265e-01 5.354820315999999636e-01 5.568436651999999487e-01 5.444899861999999979e-01 5.462992265999999653e-01 5.410455879000000134e-01 3.907542700000000147e-01 3.751720571000000115e-01 3.642123579000000055e-01 4.057234489000000055e-01 5.261982441000000454e-01 2.449590872000000086e-01 2.568513787999999742e-01 0.000000000000000000e+00 2.466773439999999928e-01 4.571516710999999900e-01 2.394849022999999966e-01 2.202262004999999967e-01 5.077033670999999693e-01 5.241772928000000276e-01 5.262980456000000418e-01 4.806281781000000253e-01 5.519343281999999906e-01 4.977108084999999904e-01 5.543195784000000126e-01 5.417498080999999521e-01 5.719407856999999540e-01 5.771877719000000351e-01 5.707425436999999935e-01 5.720018610999999531e-01 5.462874510999999877e-01 5.500356276000000211e-01 5.203188784000000178e-01 5.559817707999999969e-01 5.662029564999999653e-01 5.332476949000000133e-01
5.494384059000000375e-01 5.074410271000000527e-01 5.382237501000000091e-01 4.112998674000000188e-01 5.627887151999999560e-01 4.273472534000000156e-01 5.470224604000000213e-01 5.354502080999999913e-01 5.560996711000000259e-01 5.503511353000000161e-01 5.486519457999999849e-01 5.260364808999999919e-01 4.647956047999999840e-01 4.242179133999999796e-01 4.478572878000000035e-01 5.080286871000000426e-01 5.269554821999999916e-01 2.434377168000000091e-01 2.563739285000000145e-01 2.466773439999999928e-01 0.000000000000000000e+00 4.572481534999999764e-01 2.368555673999999944e-01 1.961397904999999942e-01 4.372568813000000110e-01 5.015440273000000282e-01 5.006073635000000133e-01 4.707762920999999934e-01 5.490147591999999799e-01 5.123243295999999614e-01 5.563535362999999512e-01 5.358715410000000068e-01 5.636897402999999640e-01 5.707581673999999605e-01 5.633926928000000389e-01 5.638221313000000290e-01 5.468269380000000401e-01 5.437255252999999566e-01 5.343608802999999519e-01 5.522787982000000317e-01 5.580755551999999620e-01 5.297059418999999769e-01
5.345963343999999839e-01 5.190310428000000087e-01 4.815939481000000022e-01 4.213361219999999796e-01 5.481980403999999751e-01 4.605006913999999951e-01 5.370923552999999906e-01 5.176170957000000294e-01 5.455113377000000430e-01 5.333467286999999946e-01 5.369029362999999666e-01 4.950736842999999832e-01 5.010931673999999836e-01 4.827725330000000037e-01 4.986709322999999805e-01 5.223484641000000206e-01 5.311727124999999772e-01 3.814488377999999957e-01 4.135116099000000212e-01 4.571516710999999900e-01 4.572481534999999764e-01 0.000000000000000000e+00 3.842951861000000191e-01 4.312871491999999973e-01 5.163721330999999637e-01 5.174684871000000408e-01 5.241128512999999600e-01 5.025981102000000034e-01 5.412180567000000053e-01 5.250598240999999611e-01 5.482110990999999878e-01 5.284994804000000546e-01 5.505296307000000500e-01 5.567376560000000252e-01 5.513076331999999802e-01 5.506756479000000093e-01 5.372526817999999649e-01 5.358001304999999714e-01 5.291633228000000022e-01 5.422033252000000303e-01 5.451385199999999598e-01 5.267554485000000009e-01
5.335044802999999725e-01 4.330183811000000160e-01 5.237625080000000155e-01 4.019785316999999747e-01 5.485794711000000490e-01 3.308747683000000106e-01 5.341998535999999964e-01 5.222968781000000282e-01 5.526195481000000242e-01 5.379757727999999739e-01 5.355487228999999960e-01 5.161852620000000336e-01 3.896248013999999982e-01 3.336869402000000040e-01 3.593056345999999790e-01 4.327446889000000074e-01 4.802686205999999736e-01 1.227959735999999968e-01 2.097145170999999975e-01 2.394849022999999966e-01 2.368555673999999944e-01 3.842951861000000191e-01 0.000000000000000000e+00 2.588854700000000064e-01 4.756634291999999875e-01 4.948824139999999927e-01 5.015316814000000400e-01 4.289628603999999790e-01 5.492134746000000289e-01 5.076712167000000386e-01 5.493727918999999904e-01 5.372979300000000347e-01 5.642263557000000151e-01 5.695234571999999718e-01 5.640040106000000497e-01 5.646391170000000237e-01 5.463282849999999691e-01 5.452810742000000488e-01 5.343375579000000375e-01 5.523706806000000524e-01 5.571842180999999616e-01 5.306456317000000089e-01
5.459869749000000327e-01 5.065894762999999523e-01 5.396522485000000424e-01 4.888878647000000077e-01 5.636426663000000392e-01 4.727590943000000157e-01 5.557806868000000344e-01 5.437681865000000281e-01 5.541010147999999580e-01 5.488595484999999607e-01 5.461225251000000336e-01 5.408858096999999976e-01 4.879847219999999819e-01 4.219492530999999769e-01 4.739002528999999853e-01 5.080965188999999604e-01 4.712814350999999791e-01 2.657896499999999884e-01 2.688251495999999796e-01 2.202262004999999967e-01 1.961397904999999942e-01 4.312871491999999973e-01 2.588854700000000064e-01 0.000000000000000000e+00 5.210528359999999637e-01 5.363571212000000088e-01 5.381101839999999914e-01 4.913747123000000161e-01 5.498544343000000278e-01 5.077118353999999778e-01 5.555218297999999777e-01 5.360898321000000522e-01 5.633016412000000361e-01 5.685684818999999779e-01 5.633487068000000431e-01 5.628236983000000082e-01 5.466412646999999625e-01 5.435650878000000130e-01 5.339969039999999945e-01 5.533316890999999682e-01 5.564035185000000272e-01 5.324261097000000387e-01
5.390421243999999890e-01 5.291202500999999669e-01 5.343639293999999929e-01 3.588657593999999840e-01 4.511190172000000276e-01 3.395799294999999884e-01 3.979347693999999991e-01 4.996701835999999841e-01 5.150464098000000490e-01 5.243808701000000072e-01 5.375204615999999991e-01 4.300775530000000013e-01 4.782932731000000270e-01 4.438630512000000250e-01 4.359028474000000153e-01 5.178950325000000188e-01 5.029518278000000286e-01 4.760107149000000204e-01 5.011940796999999614e-01 5.077033670999999693e-01 4.372568813000000110e-01 5.163721330999999637e-01 4.756634291999999875e-01 5.210528359999999637e-01 0.000000000000000000e+00 3.638313221000000208e-01 3.773524184000000004e-01 5.348287938000000352e-01 5.152592902999999502e-01 5.432208031999999909e-01 5.505245719000000371e-01 5.339166087000000172e-01 5.551346221999999830e-01 5.548922549999999454e-01 5.609663230000000445e-01 5.581034638999999853e-01 5.369400193000000154e-01 5.430953406999999844e-01 5.346055581999999973e-01 5.156963391000000119e-01 5.502596345000000388e-01 5.321296513000000061e-01
5.387635240000000492e-01 5.320071317000000244e-01 5.374884880000000420e-01 4.683077150000000133e-01 4.637873845000000106e-01 3.040352423000000082e-01 4.509889686999999925e-01 4.860103997999999925e-01 5.383336448000000107e-01 5.264731669000000114e-01 5.418932693000000356e-01 5.219869042000000459e-01 5.191281900999999976e-01 5.061272740000000159e-01 5.011781570000000130e-01 5.181457435999999861e-01 5.379466901999999662e-01 4.935058279000000270e-01 5.068982401999999610e-01 5.241772928000000276e-01 5.015440273000000282e-01 5.174684871000000408e-01 4.948824139999999927e-01 5.363571212000000088e-01 3.638313221000000208e-01 0.000000000000000000e+00 1.632672226999999920e-01 5.370869901999999474e-01 5.404857374000000547e-01 5.469770072999999844e-01 5.536400921999999891e-01 5.311487209999999903e-01 5.553346487000000442e-01 5.586215230000000087e-01 5.570504540999999810e-01 5.551811975999999538e-01 5.408830368999999472e-01 5.404519547999999673e-01 5.321827809000000409e-01 5.367711818999999496e-01 5.503544214000000157e-01 5.282002062999999747e-01
5.443826198000000227e-01 5.310237760999999557e-01 5.405990169000000067e-01 4.660436007000000047e-01 5.158176061999999451e-01 3.175234402000000067e-01 4.991586630000000024e-01 4.884298172000000049e-01 5.411593430000000149e-01 5.231188985000000402e-01 5.385965243000000457e-01 5.220921340999999938e-01 5.124635935000000364e-01 4.822759737999999796e-01 4.754083762999999907e-01 5.150891134999999732e-01 5.212872196000000180e-01 5.009603231000000489e-01 5.158275164000000190e-01 5.262980456000000418e-01 5.006073635000000133e-01 5.241128512999999600e-01 5.015316814000000400e-01 5.381101839999999914e-01 3.773524184000000004e-01 1.632672226999999920e-01 0.000000000000000000e+00 5.396142915999999623e-01 5.422637032999999551e-01 5.505129928999999978e-01 5.569816541000000010e-01 5.320294853999999463e-01 5.562439766000000230e-01 5.616913464999999661e-01 5.579068972999999820e-01 5.558700420000000086e-01 5.413212477000000078e-01 5.411010680000000184e-01 5.330172579999999938e-01 5.391373795999999663e-01 5.507869679000000351e-01 5.289958813999999787e-01
4.914140175999999749e-01 4.997172634000000002e-01 5.261519830999999980e-01 5.230911444000000410e-01 5.438702463000000265e-01 5.148069928999999822e-01 5.422098484999999801e-01 5.335639276000000430e-01 5.328328557000000520e-01 5.277063421000000032e-01 5.354970735999999842e-01 5.351753343999999801e-01 5.279361815999999985e-01 5.202536500000000119e-01 5.268286305999999586e-01 5.278412691999999629e-01 5.330549176000000111e-01 4.284693927000000069e-01 4.818291094000000108e-01 4.806281781000000253e-01 4.707762920999999934e-01 5.025981102000000034e-01 4.289628603999999790e-01 4.913747123000000161e-01 5.348287938000000352e-01 5.370869901999999474e-01 5.396142915999999623e-01 0.000000000000000000e+00 4.661301431000000051e-01 4.354998311000000122e-01 4.652133375999999987e-01 5.199880342999999572e-01 4.832566447000000154e-01 5.272880882999999574e-01 5.109473704000000449e-01 5.224005245999999714e-01 5.301105248999999908e-01 5.108434332000000300e-01 5.175117016000000403e-01 5.228543419000000192e-01 5.362965847999999758e-01 5.177736868000000214e-01
4.912926220000000122e-01 5.258076027000000430e-01 5.309172601999999630e-01 5.456345002000000388e-01 4.957615443999999760e-01 5.474421596999999862e-01 5.013051780999999707e-01 5.332000454999999972e-01 4.708800179000000030e-01 5.231690739000000034e-01 5.276538141000000071e-01 5.353315921000000310e-01 5.544322206999999780e-01 5.577510607000000231e-01 5.588456470999999537e-01 5.227937348000000206e-01 5.119685156000000070e-01 5.483846401999999953e-01 5.519566487999999493e-01 5.519343281999999906e-01 5.490147591999999799e-01 5.412180567000000053e-01 5.492134746000000289e-01 5.498544343000000278e-01 5.152592902999999502e-01 5.404857374000000547e-01 5.422637032999999551e-01 4.661301431000000051e-01 0.000000000000000000e+00 4.540296631999999888e-01 4.144491515000000015e-01 4.812988004000000042e-01 3.826897217999999934e-01 3.475874152999999800e-01 4.894238922999999963e-01 4.304439691999999984e-01 4.986896203999999777e-01 5.252888829999999842e-01 5.177690622999999714e-01 5.176846076000000130e-01 5.299699019000000400e-01 5.012964595000000134e-01
4.796335784999999907e-01 5.262964828999999733e-01 4.938745131000000232e-01 5.407116283999999773e-01 4.931118878999999899e-01 5.408860563999999815e-01 5.013799942000000121e-01 5.331074955000000282e-01 4.956148458999999895e-01 5.387908000000000142e-01 5.400457427999999505e-01 5.344742231000000343e-01 5.461311196000000479e-01 5.510083363000000123e-01 5.531535615999999544e-01 5.181518398000000136e-01 5.045875031000000011e-01 5.071550991000000064e-01 5.161706489999999814e-01 4.977108084999999904e-01 5.123243295999999614e-01 5.250598240999999611e-01 5.076712167000000386e-01 5.077118353999999778e-01 5.432208031999999909e-01 5.469770072999999844e-01 5.505129928999999978e-01 4.354998311000000122e-01 4.540296631999999888e-01 0.000000000000000000e+00 4.261898834999999774e-01 5.233178513999999781e-01 4.804990559999999800e-01 4.749292619000000104e-01 5.090455852999999919e-01 5.125081871000000122e-01 5.306343422999999504e-01 5.009855516000000231e-01 4.981691368000000231e-01 5.340004339999999683e-01 5.391889774000000468e-01 5.205571316999999532e-01
5.347063282999999778e-01 5.561098379000000147e-01 5.441042926000000390e-01 5.580187757000000248e-01 5.040298601999999573e-01 5.589137390999999733e-01 5.104619433999999512e-01 5.446511180999999979e-01 4.885633656999999741e-01 5.354926182000000479e-01 5.434699185000000377e-01 5.467904279999999950e-01 5.685710346000000248e-01 5.728725721999999854e-01 5.738914282999999505e-01 5.358897648999999541e-01 5.185293249000000326e-01 5.479061365999999822e-01 5.576530320000000485e-01 5.543195784000000126e-01 5.563535362999999512e-01 5.482110990999999878e-01 5.493727918999999904e-01 5.555218297999999777e-01 5.505245719000000371e-01 5.536400921999999891e-01 5.569816541000000010e-01 4.652133375999999987e-01 4.144491515000000015e-01 4.261898834999999774e-01 0.000000000000000000e+00 5.075002798000000093e-01 2.688411568999999890e-01 2.883349049000000219e-01 3.440926354000000131e-01 3.805274580999999934e-01 5.150793551000000248e-01 4.799677053999999998e-01 5.086361593999999542e-01 5.144438542000000503e-01 5.154775047999999860e-01 4.974553503999999959e-01
5.287767781000000111e-01 5.386182559000000092e-01 5.270589387999999875e-01 5.338062019000000546e-01 5.379463002000000049e-01 5.366714433999999478e-01 5.352546847000000385e-01 5.251420302000000540e-01 5.274795040999999962e-01 5.288851243000000091e-01 5.274750134000000257e-01 5.286281190999999602e-01 5.417951828999999497e-01 5.465954717000000018e-01 5.460426039000000342e-01 5.416235739000000438e-01 5.384390821000000216e-01 5.364431069999999746e-01 5.379535417999999902e-01 5.417498080999999521e-01 5.358715410000000068e-01 5.284994804000000546e-01 5.372979300000000347e-01 5.360898321000000522e-01 5.339166087000000172e-01 5.311487209999999903e-01 5.320294853999999463e-01 5.199880342999999572e-01 4.812988004000000042e-01 5.233178513999999781e-01 5.075002798000000093e-01 0.000000000000000000e+00 4.892815991000000198e-01 5.079783780000000082e-01 5.111350553000000296e-01 4.371176278000000193e-01 5.085239768000000549e-01 5.158706158000000430e-01 5.095115628999999924e-01 5.254476676999999540e-01 5.195655358999999862e-01 5.212016678999999986e-01
5.411880759999999624e-01 5.645543255999999621e-01 5.458289686999999724e-01 5.608255496999999812e-01 5.504248355999999953e-01 5.653114834000000366e-01 5.492028268999999963e-01 5.442656850000000546e-01 5.263976578000000295e-01 5.379480935999999547e-01 5.451259335000000483e-01 5.471599030999999558e-01 5.729822811000000460e-01 5.807864021999999959e-01 5.789156779999999891e-01 5.646114545999999512e-01 5.558613379000000299e-01 5.628539324000000343e-01 5.663701799000000481e-01 5.719407856999999540e-01 5.636897402999999640e-01 5.505296307000000500e-01 5.642263557000000151e-01 5.633016412000000361e-01 5.551346221999999830e-01 5.553346487000000442e-01 5.562439766000000230e-01 4.832566447000000154e-01 3.826897217999999934e-01 4.804990559999999800e-01 2.688411568999999890e-01 4.892815991000000198e-01 0.000000000000000000e+00 2.855484106000000244e-01 3.028066999999999842e-01 3.362616519000000137e-01 5.207963036999999629e-01 5.062269144000000054e-01 5.161699775000000434e-01 5.240474085999999865e-01 5.136438205000000146e-01 5.030071361000000296e-01
5.405933588000000345e-01 5.642689538999999810e-01 5.481203854999999736e-01 5.648787615000000484e-01 4.935767614000000081e-01 5.679244943000000267e-01 5.042380229999999797e-01 5.472495500999999818e-01 4.738850253999999929e-01 5.410015003000000489e-01 5.430509806000000106e-01 5.509482387999999897e-01 5.770634184999999805e-01 5.821829580999999809e-01 5.837663357000000275e-01 5.316331439999999464e-01 5.127013711000000251e-01 5.681982195000000457e-01 5.722220743000000498e-01 5.771877719000000351e-01 5.707581673999999605e-01 5.567376560000000252e-01 5.695234571999999718e-01 5.685684818999999779e-01 5.548922549999999454e-01 5.586215230000000087e-01 5.616913464999999661e-01 5.272880882999999574e-01 3.475874152999999800e-01 4.749292619000000104e-01 2.883349049000000219e-01 5.079783780000000082e-01 2.855484106000000244e-01 0.000000000000000000e+00 3.195135399999999848e-01 2.430481164999999943e-01 5.316772081999999733e-01 5.125515802000000232e-01 5.283638144000000203e-01 5.340396110999999779e-01 5.144974401999999891e-01 5.017627674000000315e-01
5.421750404999999828e-01 5.467695743999999580e-01 5.461897210999999697e-01 5.622421026999999683e-01 5.590079484000000098e-01 5.661277759999999715e-01 5.575626748999999993e-01 5.447047390000000489e-01 5.357720969000000499e-01 5.352977259000000210e-01 5.435425338999999578e-01 5.507053310999999729e-01 5.726630006999999800e-01 5.800420436000000013e-01 5.798712047999999841e-01 5.643956198999999785e-01 5.607169896999999459e-01 5.631266549000000232e-01 5.650767908999999589e-01 5.707425436999999935e-01 5.633926928000000389e-01 5.513076331999999802e-01 5.640040106000000497e-01 5.633487068000000431e-01 5.609663230000000445e-01 5.570504540999999810e-01 5.579068972999999820e-01 5.109473704000000449e-01 4.894238922999999963e-01 5.090455852999999919e-01 3.440926354000000131e-01 5.111350553000000296e-01 3.028066999999999842e-01 3.195135399999999848e-01 0.000000000000000000e+00 2.682670946999999861e-01 5.188261259999999986e-01 3.778082153000000276e-01 4.917367427000000069e-01 5.067426909000000146e-01 3.914648392999999782e-01 4.998257658999999964e-01
5.447095979999999615e-01 5.601972392999999828e-01 5.454797373999999976e-01 5.608219895999999594e-01 5.553696164000000435e-01 5.645797758999999694e-01 5.539969486000000387e-01 5.431982153000000091e-01 5.310774099999999720e-01 5.123996524999999691e-01 5.058707186999999994e-01 5.479782941999999935e-01 5.690444243000000180e-01 5.762558050999999626e-01 5.774604628999999711e-01 5.350991677999999974e-01 5.551358381000000008e-01 5.633139418000000509e-01 5.654757367999999618e-01 5.720018610999999531e-01 5.638221313000000290e-01 5.506756479000000093e-01 5.646391170000000237e-01 5.628236983000000082e-01 5.581034638999999853e-01 5.551811975999999538e-01 5.558700420000000086e-01 5.224005245999999714e-01 4.304439691999999984e-01 5.125081871000000122e-01 3.805274580999999934e-01 4.371176278000000193e-01 3.362616519000000137e-01 2.430481164999999943e-01 2.682670946999999861e-01 0.000000000000000000e+00 5.259572692999999743e-01 4.307898209000000089e-01 5.219087635000000391e-01 5.307211076000000194e-01 4.169472515000000046e-01 5.042291543000000376e-01
5.340415332000000292e-01 5.482991291000000045e-01 5.330503406000000055e-01 5.380993816000000374e-01 5.342026968999999958e-01 5.440274376000000522e-01 5.392728858999999986e-01 5.329674943000000109e-01 5.016693130999999584e-01 5.330617259000000052e-01 5.375855418999999635e-01 5.368644964000000019e-01 5.525762403999999739e-01 5.577301451999999715e-01 5.587086077999999789e-01 5.527319520000000264e-01 5.439325921000000008e-01 5.457530488999999818e-01 5.489907185000000300e-01 5.462874510999999877e-01 5.468269380000000401e-01 5.372526817999999649e-01 5.463282849999999691e-01 5.466412646999999625e-01 5.369400193000000154e-01 5.408830368999999472e-01 5.413212477000000078e-01 5.301105248999999908e-01 4.986896203999999777e-01 5.306343422999999504e-01 5.150793551000000248e-01 5.085239768000000549e-01 5.207963036999999629e-01 5.316772081999999733e-01 5.188261259999999986e-01 5.259572692999999743e-01 0.000000000000000000e+00 4.756219936000000148e-01 4.822638549000000108e-01 3.497512716000000244e-01 3.048383084999999881e-01 5.190332257999999976e-01
5.269286403999999813e-01 5.339807708999999569e-01 5.328644728000000441e-01 5.440656191999999614e-01 5.466886380000000045e-01 5.462643435999999797e-01 5.437725235999999462e-01 5.317463374999999992e-01 5.331890725000000275e-01 5.338461906000000479e-01 5.346928467999999546e-01 5.364733682000000226e-01 5.517380232999999912e-01 5.568713430999999714e-01 5.568607849000000165e-01 5.502605649999999793e-01 5.472617955999999895e-01 5.439313530999999591e-01 5.450411642000000390e-01 5.500356276000000211e-01 5.437255252999999566e-01 5.358001304999999714e-01 5.452810742000000488e-01 5.435650878000000130e-01 5.430953406999999844e-01 5.404519547999999673e-01 5.411010680000000184e-01 5.108434332000000300e-01 5.252888829999999842e-01 5.009855516000000231e-01 4.799677053999999998e-01 5.158706158000000430e-01 5.062269144000000054e-01 5.125515802000000232e-01 3.778082153000000276e-01 4.307898209000000089e-01 4.756219936000000148e-01 0.000000000000000000e+00 4.810830910000000182e-01 4.904996057000000076e-01 3.726767797000000160e-01 5.184315096999999595e-01
