-0.000000000000000000e+00 2.063837621999999872e-01 5.321448631999999845e-01 7.547820581999999945e-01 7.019916196000000053e-01 6.742358660999999698e-01 6.470325877999999475e-01 2.498422213000000003e-01 7.631402982999999640e-01 6.128993940000000418e-01 7.228299297000000401e-01 8.739420270000000102e-01 7.931438720000000275e-01 7.661069729999999689e-01 8.121549801999999874e-01 4.608292125999999822e-01 6.973255136999999548e-01 7.969323984999999722e-01 7.954168364000000491e-01 6.741856480000000262e-01 8.069052589999999858e-01 8.351373554000000032e-01 8.012472843000000289e-01 8.034600295999999586e-01 8.347685271000000462e-01 8.797252880999999469e-01 9.116267141999999657e-01 7.349094805000000452e-01 6.334440263999999710e-01 7.684703237000000131e-01 8.378208100999999797e-01 9.267984068000000297e-01 8.868784536999999579e-01 7.494398583000000391e-01 9.235588499000000340e-01 7.905827323999999878e-01 8.945025367000000172e-01 9.130791432999999513e-01 8.972037476999999983e-01 8.700644874999999834e-01 9.118585632000000274e-01 8.658227465000000178e-01
2.063837621999999872e-01 0.000000000000000000e+00 6.405986559999999885e-01 7.710807218999999879e-01 7.709659347999999746e-01 6.817233949000000015e-01 7.017400609999999705e-01 3.832877700999999804e-01 7.751669221000000443e-01 3.039549006999999747e-01 5.426800796999999843e-01 8.593857057999999549e-01 7.584848531000000227e-01 6.629157053999999993e-01 7.659506847999999479e-01 2.062265490000000090e-01 5.936917521000000253e-01 7.442936029000000175e-01 7.553891715999999645e-01 7.440936853999999823e-01 7.655374786999999959e-01 7.903976335000000297e-01 7.449667581000000149e-01 7.250865879000000236e-01 8.143317858999999936e-01 8.461409279999999589e-01 8.866557204999999664e-01 7.760464659000000376e-01 7.004976392999999746e-01 8.057399449000000047e-01 8.306437866000000447e-01 9.021429529000000169e-01 8.709145464999999975e-01 7.881054240999999516e-01 7.704467335000000361e-01 7.906979374000000504e-01 8.328826975999999993e-01 7.545346217999999716e-01 8.785934496999999732e-01 8.063436261999999966e-01 8.204053030000000302e-01 8.892875382999999578e-01
5.321448631999999845e-01 6.405986559999999885e-01 0.000000000000000000e+00 3.443700867000000221e-01 5.865499413000000439e-01 6.802372731000000394e-01 6.274695298000000365e-01 1.872139801999999908e-01 8.448778900000000203e-01 5.603140253999999709e-01 6.689448292999999879e-01 6.131550864999999462e-01 4.635773832000000261e-01 7.055882725000000022e-01 7.134749422999999702e-01 5.193561529000000343e-01 6.783196651999999771e-01 7.911483377000000372e-01 8.356096815000000344e-01 8.742153070999999498e-01 8.717977129999999741e-01 7.601168260999999760e-01 7.947501965000000057e-01 8.341847580000000262e-01 8.669927981999999700e-01 8.903228845999999752e-01 9.275090312999999531e-01 9.021476512999999642e-01 9.013431263000000193e-01 8.764207381999999935e-01 9.407274651999999460e-01 9.810263794000000370e-01 9.649552442000000063e-01 9.022099785999999622e-01 9.706243581000000287e-01 9.202488679000000449e-01 9.323882204000000229e-01 9.681952472000000531e-01 9.063488410000000162e-01 9.390154670999999453e-01 9.577980018999999734e-01 8.729658108000000194e-01
7.547820581999999945e-01 7.710807218999999879e-01 3.443700867000000221e-01 0.000000000000000000e+00 6.211075620999999547e-01 4.758808015000000058e-01 5.097820053999999601e-01 3.307533604999999821e-01 8.491570075000000051e-01 6.420721064000000089e-01 6.781200456999999515e-01 1.779258056999999948e-01 3.377661173000000017e-01 4.942725369000000035e-01 3.637998349000000076e-01 6.162270999000000193e-01 7.218771767999999645e-01 6.311858125999999514e-01 7.044046479000000138e-01 8.463530309000000251e-01 7.815367891000000178e-01 3.895856474000000125e-01 6.149205459000000040e-01 6.778047866999999949e-01 6.521033754999999710e-01 7.374367062000000139e-01 7.685944838999999584e-01 9.186358314000000469e-01 9.223029096999999510e-01 9.114340875999999980e-01 9.559310314000000197e-01 9.795106570999999596e-01 9.710348913999999887e-01 9.158562851999999532e-01 9.823742844999999724e-01 9.425017873000000046e-01 9.123284780000000538e-01 9.545882886000000012e-01 9.551015653000000105e-01 9.177805114000000541e-01 9.445304219000000279e-01 9.136568304000000085e-01
7.019916196000000053e-01 7.709659347999999746e-01 5.865499413000000439e-01 6.211075620999999547e-01 -0.000000000000000000e+00 5.345342357000000266e-01 2.032149354999999991e-01 5.771930892000000091e-01 6.484575612999999850e-01 7.621349924000000442e-01 7.574563126000000146e-01 7.780363432000000357e-01 6.203650147000000503e-01 7.858213130000000213e-01 7.195851770000000203e-01 7.093664307000000502e-01 5.651279961999999824e-01 8.648620111999999471e-01 8.918858495000000497e-01 8.708728217000000216e-01 9.001967814000000345e-01 8.602111878999999517e-01 8.561768241999999640e-01 8.778178761999999580e-01 7.218171424999999530e-01 8.667909603000000240e-01 8.732117692999999958e-01 9.195964923999999652e-01 7.899968980999999557e-01 8.644335893000000270e-01 8.373435987999999774e-01 9.446429482999999516e-01 8.639822612999999984e-01 6.113733722999999953e-01 9.524184798999999479e-01 8.002230138000000492e-01 6.510500515999999571e-01 8.649405634000000287e-01 9.233153042999999727e-01 6.997851792999999487e-01 7.635809572999999739e-01 8.645490343999999716e-01
6.742358660999999698e-01 6.817233949000000015e-01 6.802372731000000394e-01 4.758808015000000058e-01 5.345342357000000266e-01 -0.000000000000000000e+00 1.745708566999999989e-01 3.637335046999999877e-01 8.275719166999999654e-01 6.934932177999999503e-01 7.821380793000000109e-01 7.197102363999999808e-01 7.135308884000000074e-01 3.523493107999999818e-01 3.334239822000000242e-01 5.125694161999999610e-01 7.317132320000000467e-01 3.982982601000000233e-01 4.484285563000000030e-01 6.788425999999999627e-01 5.859865950000000545e-01 4.192858704999999908e-01 3.993213773000000022e-01 4.082405739000000144e-01 2.325347409000000087e-01 3.393656675999999761e-01 3.346945787999999755e-01 8.304070421000000479e-01 8.357548160000000115e-01 8.276727643000000301e-01 9.019556271999999986e-01 9.598286164999999537e-01 9.422128513999999955e-01 8.316590799999999950e-01 9.373064089999999515e-01 8.885410231000000492e-01 9.058179623000000014e-01 9.545628955999999610e-01 9.492383814999999503e-01 9.022936300999999659e-01 9.447583722000000295e-01 8.619202622999999619e-01
6.470325877999999475e-01 7.017400609999999705e-01 6.274695298000000365e-01 5.097820053999999601e-01 2.032149354999999991e-01 1.745708566999999989e-01 -0.000000000000000000e+00 4.136265975000000261e-01 6.465350206000000099e-01 6.994771208000000184e-01 7.433664858999999847e-01 6.946285081999999944e-01 6.676916257999999660e-01 5.429889305999999749e-01 4.134838393999999973e-01 5.590717952000000546e-01 5.924249533000000012e-01 7.158126090999999969e-01 7.626278577999999753e-01 7.814462872999999865e-01 7.970709306000000050e-01 6.900941471000000549e-01 7.172926177999999764e-01 7.279681140000000550e-01 3.234380063999999777e-01 5.793156900000000498e-01 5.453601994000000230e-01 8.698303415999999455e-01 6.388844251999999946e-01 8.128442232999999462e-01 7.776149975999999686e-01 9.079768069000000441e-01 8.204024586000000507e-01 5.482187903999999889e-01 8.880666879999999930e-01 7.207729521000000306e-01 7.486148006999999716e-01 8.919259382999999985e-01 9.243146560999999650e-01 7.407543974000000420e-01 8.306929004999999977e-01 8.369188363999999769e-01
2.498422213000000003e-01 3.832877700999999804e-01 1.872139801999999908e-01 3.307533604999999821e-01 5.771930892000000091e-01 3.637335046999999877e-01 4.136265975000000261e-01 0.000000000000000000e+00 8.122636527000000051e-01 4.907017524000000241e-01 6.330373443000000266e-01 5.889353942999999703e-01 5.516556592000000370e-01 4.658345864999999808e-01 4.886233340999999730e-01 3.696510163000000238e-01 6.380246851999999969e-01 6.229840420000000156e-01 6.815162640999999910e-01 7.401385644000000319e-01 7.325847930000000119e-01 5.912399302999999939e-01 6.206816000000000555e-01 6.476823092000000281e-01 6.336671785999999917e-01 7.026612673000000031e-01 7.304973799999999740e-01 8.031416863000000461e-01 7.911812415000000209e-01 7.852009672999999967e-01 8.802265834000000400e-01 9.496975286000000072e-01 9.101223523999999454e-01 8.197744272000000443e-01 9.515806240999999943e-01 8.720016060999999929e-01 9.081281568000000304e-01 9.380218497000000211e-01 8.537320704999999954e-01 8.895700085000000090e-01 9.271423407000000116e-01 9.004517668999999502e-01
7.631402982999999640e-01 7.751669221000000443e-01 8.448778900000000203e-01 8.491570075000000051e-01 6.484575612999999850e-01 8.275719166999999654e-01 6.465350206000000099e-01 8.122636527000000051e-01 0.000000000000000000e+00 7.159980034999999798e-01 6.586490720000000021e-01 8.876753041999999594e-01 6.238861341000000449e-01 8.293295983999999788e-01 8.551341181999999597e-01 6.064028959999999691e-01 5.802515898000000227e-01 8.371437416000000464e-01 8.548357883999999629e-01 8.358984748000000131e-01 8.708370422000000222e-01 9.219332507999999926e-01 8.747421237000000405e-01 9.007168426999999644e-01 8.258574362999999696e-01 9.273689493000000228e-01 9.225288952000000320e-01 8.551017959000000168e-01 5.620904926999999995e-01 8.380343679999999740e-01 6.949932555000000178e-01 8.806543380000000365e-01 7.615374433999999582e-01 4.454769144999999875e-01 8.520957434999999469e-01 3.841434993999999770e-01 6.401048656000000170e-01 8.484986024999999765e-01 9.000151958000000008e-01 3.407139256000000227e-01 7.121544280999999588e-01 3.651047407999999939e-01
6.128993940000000418e-01 3.039549006999999747e-01 5.603140253999999709e-01 6.420721064000000089e-01 7.621349924000000442e-01 6.934932177999999503e-01 6.994771208000000184e-01 4.907017524000000241e-01 7.159980034999999798e-01 -0.000000000000000000e+00 1.639967687999999979e-01 7.304488275999999614e-01 5.432982490000000109e-01 6.075927837000000276e-01 6.914530615999999741e-01 1.212008271000000054e-01 3.812720069000000156e-01 7.339472396999999759e-01 7.830948019000000260e-01 8.449552577000000175e-01 7.776713119000000507e-01 7.387617894000000351e-01 7.249177401999999937e-01 7.276861472000000219e-01 8.032499291000000374e-01 8.295592623999999971e-01 8.750515278999999591e-01 8.416270447000000487e-01 7.884286276999999954e-01 8.667614155999999737e-01 8.786242354000000088e-01 9.306967187000000363e-01 9.124503716999999847e-01 8.095972231000000408e-01 8.700244670000000236e-01 8.309223814999999735e-01 9.171243933999999598e-01 9.199428591999999627e-01 9.478976672000000159e-01 8.535470468000000421e-01 9.214308779000000005e-01 8.971073478000000101e-01
7.228299297000000401e-01 5.426800796999999843e-01 6.689448292999999879e-01 6.781200456999999515e-01 7.574563126000000146e-01 7.821380793000000109e-01 7.433664858999999847e-01 6.330373443000000266e-01 6.586490720000000021e-01 1.639967687999999979e-01 -0.000000000000000000e+00 6.815496089999999452e-01 4.128050000999999858e-01 7.103096168000000432e-01 7.241079206999999629e-01 3.664854956999999969e-01 1.498096230000000029e-01 8.128674205000000486e-01 8.548947251999999830e-01 8.995913411000000526e-01 8.361913964999999616e-01 8.265394901999999488e-01 7.904558978000000291e-01 8.042191225000000498e-01 8.599790265000000211e-01 8.818256191000000133e-01 9.110396804000000515e-01 9.152985388000000055e-01 8.402648914000000469e-01 9.192910912999999740e-01 9.265636782999999710e-01 9.641871123999999904e-01 9.497373675000000404e-01 8.422091146000000306e-01 9.591586712999999875e-01 8.460733177999999466e-01 9.452549115999999696e-01 9.690556612999999819e-01 9.737649633999999610e-01 8.769700124000000541e-01 9.544340399999999836e-01 9.061275109999999966e-01
8.739420270000000102e-01 8.593857057999999549e-01 6.131550864999999462e-01 1.779258056999999948e-01 7.780363432000000357e-01 7.197102363999999808e-01 6.946285081999999944e-01 5.889353942999999703e-01 8.876753041999999594e-01 7.304488275999999614e-01 6.815496089999999452e-01 -0.000000000000000000e+00 4.079314567999999808e-01 5.795827210999999757e-01 2.995001782000000223e-01 7.516993253000000541e-01 7.430634148000000438e-01 8.254592245999999855e-01 8.859903954000000192e-01 9.283126772999999998e-01 8.916221113000000198e-01 6.719393371999999864e-01 8.009569051999999578e-01 8.490284007999999716e-01 7.843170135000000487e-01 9.125271173000000235e-01 9.159608728999999450e-01 9.644411479000000176e-01 9.409012113000000399e-01 9.630557403999999710e-01 9.775232812999999910e-01 9.855742794999999834e-01 9.835553617000000193e-01 9.469672778000000068e-01 9.928227699999999656e-01 9.664996606000000323e-01 9.686813524999999814e-01 9.854834892999999596e-01 9.844440074000000429e-01 9.635083855999999614e-01 9.847689785000000029e-01 9.683212462000000409e-01
7.931438720000000275e-01 7.584848531000000227e-01 4.635773832000000261e-01 3.377661173000000017e-01 6.203650147000000503e-01 7.135308884000000074e-01 6.676916257999999660e-01 5.516556592000000370e-01 6.238861341000000449e-01 5.432982490000000109e-01 4.128050000999999858e-01 4.079314567999999808e-01 0.000000000000000000e+00 5.692993216999999717e-01 5.320931447000000203e-01 5.972594976999999750e-01 5.533546763000000146e-01 7.538265468999999497e-01 8.267610694999999454e-01 8.839042592000000420e-01 8.315942323999999664e-01 7.310363916000000017e-01 7.275876476000000537e-01 7.859573476000000225e-01 8.082795059999999809e-01 9.040061808999999560e-01 9.155066044999999875e-01 9.377528229999999576e-01 8.968068119000000005e-01 9.352518290000000345e-01 9.503878507999999892e-01 9.806405686000000399e-01 9.711562306000000033e-01 8.822264106999999633e-01 9.784341383000000336e-01 8.730651576000000302e-01 9.205254391999999619e-01 9.694311064999999727e-01 9.680793661000000050e-01 8.597346107000000126e-01 9.534990383000000458e-01 8.232659531999999558e-01
7.661069729999999689e-01 6.629157053999999993e-01 7.055882725000000022e-01 4.942725369000000035e-01 7.858213130000000213e-01 3.523493107999999818e-01 5.429889305999999749e-01 4.658345864999999808e-01 8.293295983999999788e-01 6.075927837000000276e-01 7.103096168000000432e-01 5.795827210999999757e-01 5.692993216999999717e-01 0.000000000000000000e+00 1.652260409999999902e-01 4.195204010999999955e-01 7.668175362000000383e-01 4.269179546999999908e-01 5.475682078000000397e-01 7.441460334999999704e-01 5.532528817999999848e-01 5.169956262999999552e-01 4.108537923999999730e-01 5.032055899999999804e-01 5.287394440999999556e-01 7.560716130000000312e-01 7.540820517999999861e-01 8.382438682999999724e-01 8.914032388999999501e-01 8.488632064000000144e-01 9.450171791000000487e-01 9.753478942000000096e-01 9.723327534000000272e-01 9.152104080999999836e-01 9.696457083999999726e-01 9.007075003000000191e-01 9.539521133999999680e-01 9.697923158000000265e-01 9.666102433000000049e-01 9.353147878999999998e-01 9.725462161000000272e-01 8.084881796999999759e-01
8.121549801999999874e-01 7.659506847999999479e-01 7.134749422999999702e-01 3.637998349000000076e-01 7.195851770000000203e-01 3.334239822000000242e-01 4.134838393999999973e-01 4.886233340999999730e-01 8.551341181999999597e-01 6.914530615999999741e-01 7.241079206999999629e-01 2.995001782000000223e-01 5.320931447000000203e-01 1.652260409999999902e-01 0.000000000000000000e+00 5.574619978999999503e-01 7.409503759000000134e-01 6.533322430000000347e-01 7.362138572999999964e-01 8.491839051999999777e-01 7.419982917999999872e-01 6.202627093000000480e-01 6.292506005000000346e-01 6.743366122999999712e-01 3.585218747000000206e-01 6.586082131999999589e-01 6.288709940000000165e-01 9.244017916000000223e-01 8.630230737999999846e-01 9.171536188000000145e-01 9.573638235000000440e-01 9.751710390000000173e-01 9.707498918000000421e-01 8.953490197000000261e-01 9.826027172000000309e-01 9.362921621999999999e-01 9.585299929999999691e-01 9.796033337999999757e-01 9.782185941000000051e-01 9.380734164999999791e-01 9.789246549000000241e-01 9.415753880999999659e-01
4.608292125999999822e-01 2.062265490000000090e-01 5.193561529000000343e-01 6.162270999000000193e-01 7.093664307000000502e-01 5.125694161999999610e-01 5.590717952000000546e-01 3.696510163000000238e-01 6.064028959999999691e-01 1.212008271000000054e-01 3.664854956999999969e-01 7.516993253000000541e-01 5.972594976999999750e-01 4.195204010999999955e-01 5.574619978999999503e-01 -0.000000000000000000e+00 4.648381759999999918e-01 5.655908232999999896e-01 6.217408051999999685e-01 7.368600459999999908e-01 6.613958545000000466e-01 6.590636880000000364e-01 5.900591626000000200e-01 6.000148196000000267e-01 6.576895525999999492e-01 7.383941754999999718e-01 7.600046964000000127e-01 7.798211151999999702e-01 6.734251417000000073e-01 7.995383991000000190e-01 8.304052565999999747e-01 9.186658433000000068e-01 8.875409455999999642e-01 7.037938486999999466e-01 9.079195816999999780e-01 6.918480527999999463e-01 8.802791077999999603e-01 9.185529394000000458e-01 9.396556430000000404e-01 8.323859612999999769e-01 9.077383695999999835e-01 6.356016704000000406e-01
6.973255136999999548e-01 5.936917521000000253e-01 6.783196651999999771e-01 7.218771767999999645e-01 5.651279961999999824e-01 7.317132320000000467e-01 5.924249533000000012e-01 6.380246851999999969e-01 5.802515898000000227e-01 3.812720069000000156e-01 1.498096230000000029e-01 7.430634148000000438e-01 5.533546763000000146e-01 7.668175362000000383e-01 7.409503759000000134e-01 4.648381759999999918e-01 0.000000000000000000e+00 8.386793984000000535e-01 8.583767521999999817e-01 8.755792585999999655e-01 8.602802735000000256e-01 8.524856028999999724e-01 8.271290171999999830e-01 8.370771286000000533e-01 8.199887558999999770e-01 8.700099100000000529e-01 8.935288163000000283e-01 8.995163956999999710e-01 7.924844814000000515e-01 8.846521915999999708e-01 8.657968859000000350e-01 9.249357917999999623e-01 8.914991826999999480e-01 7.306539482999999668e-01 9.449284224999999759e-01 7.499319063999999591e-01 8.449472672000000184e-01 9.289029456999999823e-01 9.381399260999999656e-01 7.930787260999999644e-01 8.778128227999999478e-01 8.320426855000000455e-01
7.969323984999999722e-01 7.442936029000000175e-01 7.911483377000000372e-01 6.311858125999999514e-01 8.648620111999999471e-01 3.982982601000000233e-01 7.158126090999999969e-01 6.229840420000000156e-01 8.371437416000000464e-01 7.339472396999999759e-01 8.128674205000000486e-01 8.254592245999999855e-01 7.538265468999999497e-01 4.269179546999999908e-01 6.533322430000000347e-01 5.655908232999999896e-01 8.386793984000000535e-01 0.000000000000000000e+00 6.686353479999999905e-02 4.279175836999999927e-01 2.134820342000000037e-01 2.795388167999999784e-01 6.339158390000000642e-02 6.874671649999999912e-02 7.444910757999999573e-01 7.168238641999999938e-01 7.723146625000000265e-01 6.242794194999999879e-01 9.044896068000000122e-01 6.799636103999999737e-01 8.836374047999999704e-01 9.605984956999999991e-01 9.489798838999999875e-01 9.243631515000000354e-01 9.551199975999999925e-01 8.497717688000000491e-01 9.525850674000000406e-01 9.576923696000000374e-01 9.571861203999999512e-01 9.475298688000000080e-01 9.691981355000000020e-01 6.881724651999999720e-01
7.954168364000000491e-01 7.553891715999999645e-01 8.356096815000000344e-01 7.044046479000000138e-01 8.918858495000000497e-01 4.484285563000000030e-01 7.626278577999999753e-01 6.815162640999999910e-01 8.548357883999999629e-01 7.830948019000000260e-01 8.548947251999999830e-01 8.859903954000000192e-01 8.267610694999999454e-01 5.475682078000000397e-01 7.362138572999999964e-01 6.217408051999999685e-01 8.583767521999999817e-01 6.686353479999999905e-02 0.000000000000000000e+00 3.931978871999999847e-01 2.544171048000000157e-01 3.394916190999999750e-01 7.107481949999999715e-02 4.905839630000000118e-02 7.804915256000000134e-01 7.084340460000000395e-01 7.632455111999999486e-01 6.910311236999999718e-01 8.929179313999999756e-01 7.278495063000000043e-01 8.399268862000000002e-01 9.244537113999999889e-01 9.025058668000000006e-01 9.009270837999999726e-01 9.460330411999999800e-01 8.262400632999999939e-01 9.410096717999999472e-01 9.423842395999999511e-01 9.447672338000000503e-01 9.390563360000000470e-01 9.546875988999999896e-01 7.197958263000000523e-01
6.741856480000000262e-01 7.440936853999999823e-01 8.742153070999999498e-01 8.463530309000000251e-01 8.708728217000000216e-01 6.788425999999999627e-01 7.814462872999999865e-01 7.401385644000000319e-01 8.358984748000000131e-01 8.449552577000000175e-01 8.995913411000000526e-01 9.283126772999999998e-01 8.839042592000000420e-01 7.441460334999999704e-01 8.491839051999999777e-01 7.368600459999999908e-01 8.755792585999999655e-01 4.279175836999999927e-01 3.931978871999999847e-01 0.000000000000000000e+00 3.533200541000000028e-01 6.416579731999999536e-01 4.233274632999999842e-01 4.255882968999999960e-01 8.673677636000000080e-01 9.061110090999999755e-01 9.245298659999999780e-01 4.056498939000000026e-01 7.589142459000000063e-01 4.749166798000000189e-01 5.391846218000000412e-01 7.866328615000000024e-01 7.100436529000000441e-01 7.518672786000000219e-01 8.781032760000000437e-01 6.864713845000000036e-01 8.703464547999999468e-01 8.586957007000000086e-01 8.060009876000000517e-01 8.408923648999999667e-01 8.691853429000000464e-01 8.590974032999999510e-01
8.069052589999999858e-01 7.655374786999999959e-01 8.717977129999999741e-01 7.815367891000000178e-01 9.001967814000000345e-01 5.859865950000000545e-01 7.970709306000000050e-01 7.325847930000000119e-01 8.708370422000000222e-01 7.776713119000000507e-01 8.361913964999999616e-01 8.916221113000000198e-01 8.315942323999999664e-01 5.532528817999999848e-01 7.419982917999999872e-01 6.613958545000000466e-01 8.602802735000000256e-01 2.134820342000000037e-01 2.544171048000000157e-01 3.533200541000000028e-01 0.000000000000000000e+00 5.479952758999999674e-01 2.044950671999999914e-01 2.395285058000000133e-01 7.885675805999999843e-01 8.251725374999999696e-01 8.536060040999999821e-01 3.751450248000000043e-01 8.777002909000000130e-01 2.773800526999999905e-01 8.005461313999999717e-01 9.335407278999999781e-01 8.866007422999999665e-01 8.962579633999999684e-01 9.392430786000000031e-01 8.375734663999999663e-01 9.404475660000000126e-01 9.167192943999999954e-01 9.323123556000000312e-01 9.131368525999999930e-01 9.467499951000000191e-01 8.155951154999999675e-01
8.351373554000000032e-01 7.903976335000000297e-01 7.601168260999999760e-01 3.895856474000000125e-01 8.602111878999999517e-01 4.192858704999999908e-01 6.900941471000000549e-01 5.912399302999999939e-01 9.219332507999999926e-01 7.387617894000000351e-01 8.265394901999999488e-01 6.719393371999999864e-01 7.310363916000000017e-01 5.169956262999999552e-01 6.202627093000000480e-01 6.590636880000000364e-01 8.524856028999999724e-01 2.795388167999999784e-01 3.394916190999999750e-01 6.416579731999999536e-01 5.479952758999999674e-01 -0.000000000000000000e+00 2.735666827000000079e-01 3.298621708999999735e-01 7.022945657000000397e-01 6.450474209000000014e-01 6.814990731000000190e-01 7.941312335000000333e-01 9.375328890999999887e-01 8.624607935000000447e-01 9.426975860999999846e-01 9.347709017999999981e-01 9.665858916999999773e-01 9.560944366000000416e-01 9.821094589000000097e-01 9.345444856000000300e-01 9.714761715999999936e-01 9.787818594999999622e-01 9.678859523999999714e-01 9.677636162999999625e-01 9.837891843999999608e-01 8.832845716999999652e-01
8.012472843000000289e-01 7.449667581000000149e-01 7.947501965000000057e-01 6.149205459000000040e-01 8.561768241999999640e-01 3.993213773000000022e-01 7.172926177999999764e-01 6.206816000000000555e-01 8.747421237000000405e-01 7.249177401999999937e-01 7.904558978000000291e-01 8.009569051999999578e-01 7.275876476000000537e-01 4.108537923999999730e-01 6.292506005000000346e-01 5.900591626000000200e-01 8.271290171999999830e-01 6.339158390000000642e-02 7.107481949999999715e-02 4.233274632999999842e-01 2.044950671999999914e-01 2.735666827000000079e-01 0.000000000000000000e+00 7.702352590000000054e-02 7.532957098000000462e-01 7.434092981000000044e-01 7.985816085000000397e-01 6.327315358999999750e-01 9.165859529000000006e-01 6.843580205000000527e-01 8.923998102000000321e-01 9.640403989000000395e-01 9.534550839000000000e-01 9.325598855000000187e-01 9.645925063000000410e-01 8.960958933999999543e-01 9.627824886000000415e-01 9.627307144000000205e-01 9.593079063999999656e-01 9.515552406999999713e-01 9.743843910999999691e-01 7.919335752999999700e-01
8.034600295999999586e-01 7.250865879000000236e-01 8.341847580000000262e-01 6.778047866999999949e-01 8.778178761999999580e-01 4.082405739000000144e-01 7.279681140000000550e-01 6.476823092000000281e-01 9.007168426999999644e-01 7.276861472000000219e-01 8.042191225000000498e-01 8.490284007999999716e-01 7.859573476000000225e-01 5.032055899999999804e-01 6.743366122999999712e-01 6.000148196000000267e-01 8.370771286000000533e-01 6.874671649999999912e-02 4.905839630000000118e-02 4.255882968999999960e-01 2.395285058000000133e-01 3.298621708999999735e-01 7.702352590000000054e-02 -0.000000000000000000e+00 7.243473404000000393e-01 6.554680032999999906e-01 6.795389848999999760e-01 7.198422387999999783e-01 9.126717237000000482e-01 7.319537445999999559e-01 8.862579991000000268e-01 9.580353071999999637e-01 9.455907627999999843e-01 9.281506642000000307e-01 9.534679807999999479e-01 9.058773286000000313e-01 9.662329281999999520e-01 9.616030869999999675e-01 9.659565896999999790e-01 9.564862240999999488e-01 9.729856752000000109e-01 8.413757762000000362e-01
8.347685271000000462e-01 8.143317858999999936e-01 8.669927981999999700e-01 6.521033754999999710e-01 7.218171424999999530e-01 2.325347409000000087e-01 3.234380063999999777e-01 6.336671785999999917e-01 8.258574362999999696e-01 8.032499291000000374e-01 8.599790265000000211e-01 7.843170135000000487e-01 8.082795059999999809e-01 5.287394440999999556e-01 3.585218747000000206e-01 6.576895525999999492e-01 8.199887558999999770e-01 7.444910757999999573e-01 7.804915256000000134e-01 8.673677636000000080e-01 7.885675805999999843e-01 7.022945657000000397e-01 7.532957098000000462e-01 7.243473404000000393e-01 0.000000000000000000e+00 1.956325415999999873e-01 2.223383657000000124e-01 9.287793433000000043e-01 7.657581073000000460e-01 8.900787930000000348e-01 9.069932246999999892e-01 9.611276120999999728e-01 9.254669089999999487e-01 8.065135629999999889e-01 9.577327461000000319e-01 8.729458638000000548e-01 9.346892576999999980e-01 9.689172386000000081e-01 9.740634628000000017e-01 9.095294605000000532e-01 9.555391726999999946e-01 9.366821762999999468e-01
8.797252880999999469e-01 8.461409279999999589e-01 8.903228845999999752e-01 7.374367062000000139e-01 8.667909603000000240e-01 3.393656675999999761e-01 5.793156900000000498e-01 7.026612673000000031e-01 9.273689493000000228e-01 8.295592623999999971e-01 8.818256191000000133e-01 9.125271173000000235e-01 9.040061808999999560e-01 7.560716130000000312e-01 6.586082131999999589e-01 7.383941754999999718e-01 8.700099100000000529e-01 7.168238641999999938e-01 7.084340460000000395e-01 9.061110090999999755e-01 8.251725374999999696e-01 6.450474209000000014e-01 7.434092981000000044e-01 6.554680032999999906e-01 1.956325415999999873e-01 -0.000000000000000000e+00 1.021726221999999934e-01 9.597368228999999529e-01 9.256817863999999840e-01 9.439302971999999903e-01 9.797472865999999891e-01 9.922141232000000199e-01 9.893393970999999620e-01 9.604204219999999959e-01 9.889510496000000206e-01 9.736034365000000301e-01 9.849148597000000338e-01 9.916399825999999695e-01 9.916896601000000366e-01 9.790548625999999643e-01 9.927255915999999569e-01 9.674684338000000272e-01
9.116267141999999657e-01 8.866557204999999664e-01 9.275090312999999531e-01 7.685944838999999584e-01 8.732117692999999958e-01 3.346945787999999755e-01 5.453601994000000230e-01 7.304973799999999740e-01 9.225288952000000320e-01 8.750515278999999591e-01 9.110396804000000515e-01 9.159608728999999450e-01 9.155066044999999875e-01 7.540820517999999861e-01 6.288709940000000165e-01 7.600046964000000127e-01 8.935288163000000283e-01 7.723146625000000265e-01 7.632455111999999486e-01 9.245298659999999780e-01 8.536060040999999821e-01 6.814990731000000190e-01 7.985816085000000397e-01 6.795389848999999760e-01 2.223383657000000124e-01 1.021726221999999934e-01 0.000000000000000000e+00 9.725337158000000315e-01 9.102260546999999535e-01 9.484230808000000401e-01 9.816063702999999752e-01 9.937949348000000294e-01 9.891405385000000550e-01 9.494103108000000457e-01 9.921195365999999627e-01 9.661640903999999530e-01 9.856405457000000370e-01 9.945986181000000537e-01 9.948281707999999668e-01 9.709624318999999781e-01 9.932710917999999500e-01 9.747101615000000052e-01
7.349094805000000452e-01 7.760464659000000376e-01 9.021476512999999642e-01 9.186358314000000469e-01 9.195964923999999652e-01 8.304070421000000479e-01 8.698303415999999455e-01 8.031416863000000461e-01 8.551017959000000168e-01 8.416270447000000487e-01 9.152985388000000055e-01 9.644411479000000176e-01 9.377528229999999576e-01 8.382438682999999724e-01 9.244017916000000223e-01 7.798211151999999702e-01 8.995163956999999710e-01 6.242794194999999879e-01 6.910311236999999718e-01 4.056498939000000026e-01 3.751450248000000043e-01 7.941312335000000333e-01 6.327315358999999750e-01 7.198422387999999783e-01 9.287793433000000043e-01 9.597368228999999529e-01 9.725337158000000315e-01 0.000000000000000000e+00 7.471406510000000445e-01 1.456055162000000069e-01 5.775433468999999764e-01 8.277533525000000392e-01 6.732649063000000211e-01 7.739559599999999984e-01 7.855776154000000400e-01 6.747173950000000531e-01 8.552322542000000416e-01 7.750495147000000529e-01 8.103719154999999841e-01 8.194783795000000204e-01 8.395973957000000265e-01 8.349227380999999504e-01
6.334440263999999710e-01 7.004976392999999746e-01 9.013431263000000193e-01 9.223029096999999510e-01 7.899968980999999557e-01 8.357548160000000115e-01 6.388844251999999946e-01 7.911812415000000209e-01 5.620904926999999995e-01 7.884286276999999954e-01 8.402648914000000469e-01 9.409012113000000399e-01 8.968068119000000005e-01 8.914032388999999501e-01 8.630230737999999846e-01 6.734251417000000073e-01 7.924844814000000515e-01 9.044896068000000122e-01 8.929179313999999756e-01 7.589142459000000063e-01 8.777002909000000130e-01 9.375328890999999887e-01 9.165859529000000006e-01 9.126717237000000482e-01 7.657581073000000460e-01 9.256817863999999840e-01 9.102260546999999535e-01 7.471406510000000445e-01 0.000000000000000000e+00 7.131957677000000384e-01 4.704722722999999940e-01 7.053485322000000446e-01 5.307674844999999975e-01 1.559589479000000056e-01 7.680922519999999754e-01 3.104492866999999934e-01 7.788785450999999860e-01 8.674650523000000391e-01 8.575054072000000138e-01 7.346889505999999459e-01 7.770448950999999660e-01 7.319786522000000240e-01
7.684703237000000131e-01 8.057399449000000047e-01 8.764207381999999935e-01 9.114340875999999980e-01 8.644335893000000270e-01 8.276727643000000301e-01 8.128442232999999462e-01 7.852009672999999967e-01 8.380343679999999740e-01 8.667614155999999737e-01 9.192910912999999740e-01 9.630557403999999710e-01 9.352518290000000345e-01 8.488632064000000144e-01 9.171536188000000145e-01 7.995383991000000190e-01 8.846521915999999708e-01 6.799636103999999737e-01 7.278495063000000043e-01 4.749166798000000189e-01 2.773800526999999905e-01 8.624607935000000447e-01 6.843580205000000527e-01 7.319537445999999559e-01 8.900787930000000348e-01 9.439302971999999903e-01 9.484230808000000401e-01 1.456055162000000069e-01 7.131957677000000384e-01 0.000000000000000000e+00 4.650678830000000152e-01 7.159265128999999783e-01 5.333245477000000401e-01 6.772619684999999778e-01 8.089160222000000289e-01 5.652872012999999862e-01 8.029909495999999480e-01 7.372717023000000536e-01 7.542867433000000066e-01 7.843155990000000299e-01 7.959527349999999668e-01 8.354042321000000326e-01
8.378208100999999797e-01 8.306437866000000447e-01 9.407274651999999460e-01 9.559310314000000197e-01 8.373435987999999774e-01 9.019556271999999986e-01 7.776149975999999686e-01 8.802265834000000400e-01 6.949932555000000178e-01 8.786242354000000088e-01 9.265636782999999710e-01 9.775232812999999910e-01 9.503878507999999892e-01 9.450171791000000487e-01 9.573638235000000440e-01 8.304052565999999747e-01 8.657968859000000350e-01 8.836374047999999704e-01 8.399268862000000002e-01 5.391846218000000412e-01 8.005461313999999717e-01 9.426975860999999846e-01 8.923998102000000321e-01 8.862579991000000268e-01 9.069932246999999892e-01 9.797472865999999891e-01 9.816063702999999752e-01 5.775433468999999764e-01 4.704722722999999940e-01 4.650678830000000152e-01 -0.000000000000000000e+00 5.281860873000000511e-01 8.172577720000000212e-02 2.839365091000000119e-01 5.186472681999999557e-01 1.862129778000000124e-01 6.424524249999999936e-01 6.940188253000000307e-01 7.011805016000000057e-01 6.229319717000000312e-01 6.324332858000000224e-01 7.806375209000000481e-01
9.267984068000000297e-01 9.021429529000000169e-01 9.810263794000000370e-01 9.795106570999999596e-01 9.446429482999999516e-01 9.598286164999999537e-01 9.079768069000000441e-01 9.496975286000000072e-01 8.806543380000000365e-01 9.306967187000000363e-01 9.641871123999999904e-01 9.855742794999999834e-01 9.806405686000000399e-01 9.753478942000000096e-01 9.751710390000000173e-01 9.186658433000000068e-01 9.249357917999999623e-01 9.605984956999999991e-01 9.244537113999999889e-01 7.866328615000000024e-01 9.335407278999999781e-01 9.347709017999999981e-01 9.640403989000000395e-01 9.580353071999999637e-01 9.611276120999999728e-01 9.922141232000000199e-01 9.937949348000000294e-01 8.277533525000000392e-01 7.053485322000000446e-01 7.159265128999999783e-01 5.281860873000000511e-01 0.000000000000000000e+00 3.901934270999999899e-01 6.716614118999999494e-01 8.483961838000000366e-01 3.939663428999999883e-01 8.303414238999999863e-01 8.541806265000000398e-01 8.156941288000000290e-01 8.400210674000000433e-01 8.523013697000000333e-01 9.111896631000000468e-01
8.868784536999999579e-01 8.709145464999999975e-01 9.649552442000000063e-01 9.710348913999999887e-01 8.639822612999999984e-01 9.422128513999999955e-01 8.204024586000000507e-01 9.101223523999999454e-01 7.615374433999999582e-01 9.124503716999999847e-01 9.497373675000000404e-01 9.835553617000000193e-01 9.711562306000000033e-01 9.723327534000000272e-01 9.707498918000000421e-01 8.875409455999999642e-01 8.914991826999999480e-01 9.489798838999999875e-01 9.025058668000000006e-01 7.100436529000000441e-01 8.866007422999999665e-01 9.665858916999999773e-01 9.534550839000000000e-01 9.455907627999999843e-01 9.254669089999999487e-01 9.893393970999999620e-01 9.891405385000000550e-01 6.732649063000000211e-01 5.307674844999999975e-01 5.333245477000000401e-01 8.172577720000000212e-02 3.901934270999999899e-01 0.000000000000000000e+00 3.314669572999999758e-01 6.130661338999999765e-01 2.050818893999999948e-01 6.235943014999999479e-01 6.789251437000000111e-01 6.446073130999999679e-01 6.239220353000000108e-01 6.259411575000000116e-01 8.531261138000000299e-01
7.494398583000000391e-01 7.881054240999999516e-01 9.022099785999999622e-01 9.158562851999999532e-01 6.113733722999999953e-01 8.316590799999999950e-01 5.482187903999999889e-01 8.197744272000000443e-01 4.454769144999999875e-01 8.095972231000000408e-01 8.422091146000000306e-01 9.469672778000000068e-01 8.822264106999999633e-01 9.152104080999999836e-01 8.953490197000000261e-01 7.037938486999999466e-01 7.306539482999999668e-01 9.243631515000000354e-01 9.009270837999999726e-01 7.518672786000000219e-01 8.962579633999999684e-01 9.560944366000000416e-01 9.325598855000000187e-01 9.281506642000000307e-01 8.065135629999999889e-01 9.604204219999999959e-01 9.494103108000000457e-01 7.739559599999999984e-01 1.559589479000000056e-01 6.772619684999999778e-01 2.839365091000000119e-01 6.716614118999999494e-01 3.314669572999999758e-01 0.000000000000000000e+00 7.249323476000000266e-01 1.835505963000000074e-01 6.161417618000000207e-01 7.955300529000000065e-01 8.025364901000000550e-01 5.578786034999999588e-01 6.462867259000000253e-01 7.060147868999999687e-01
9.235588499000000340e-01 7.704467335000000361e-01 9.706243581000000287e-01 9.823742844999999724e-01 9.524184798999999479e-01 9.373064089999999515e-01 8.880666879999999930e-01 9.515806240999999943e-01 8.520957434999999469e-01 8.700244670000000236e-01 9.591586712999999875e-01 9.928227699999999656e-01 9.784341383000000336e-01 9.696457083999999726e-01 9.826027172000000309e-01 9.079195816999999780e-01 9.449284224999999759e-01 9.551199975999999925e-01 9.460330411999999800e-01 8.781032760000000437e-01 9.392430786000000031e-01 9.821094589000000097e-01 9.645925063000000410e-01 9.534679807999999479e-01 9.577327461000000319e-01 9.889510496000000206e-01 9.921195365999999627e-01 7.855776154000000400e-01 7.680922519999999754e-01 8.089160222000000289e-01 5.186472681999999557e-01 8.483961838000000366e-01 6.130661338999999765e-01 7.249323476000000266e-01 0.000000000000000000e+00 5.887807252000000213e-01 7.904291549999999944e-01 6.311251856999999799e-01 8.252569612000000276e-01 7.426606772999999606e-01 6.760733005000000295e-01 8.174897886999999974e-01
7.905827323999999878e-01 7.906979374000000504e-01 9.202488679000000449e-01 9.425017873000000046e-01 8.002230138000000492e-01 8.885410231000000492e-01 7.207729521000000306e-01 8.720016060999999929e-01 3.841434993999999770e-01 8.309223814999999735e-01 8.460733177999999466e-01 9.664996606000000323e-01 8.730651576000000302e-01 9.007075003000000191e-01 9.362921621999999999e-01 6.918480527999999463e-01 7.499319063999999591e-01 8.497717688000000491e-01 8.262400632999999939e-01 6.864713845000000036e-01 8.375734663999999663e-01 9.345444856000000300e-01 8.960958933999999543e-01 9.058773286000000313e-01 8.729458638000000548e-01 9.736034365000000301e-01 9.661640903999999530e-01 6.747173950000000531e-01 3.104492866999999934e-01 5.652872012999999862e-01 1.862129778000000124e-01 3.939663428999999883e-01 2.050818893999999948e-01 1.835505963000000074e-01 5.887807252000000213e-01 0.000000000000000000e+00 6.176410717000000439e-01 6.743764410999999459e-01 7.664465034999999871e-01 5.535650532000000457e-01 6.306924194999999900e-01 4.159033247000000211e-01
8.945025367000000172e-01 8.328826975999999993e-01 9.323882204000000229e-01 9.123284780000000538e-01 6.510500515999999571e-01 9.058179623000000014e-01 7.486148006999999716e-01 9.081281568000000304e-01 6.401048656000000170e-01 9.171243933999999598e-01 9.452549115999999696e-01 9.686813524999999814e-01 9.205254391999999619e-01 9.539521133999999680e-01 9.585299929999999691e-01 8.802791077999999603e-01 8.449472672000000184e-01 9.525850674000000406e-01 9.410096717999999472e-01 8.703464547999999468e-01 9.404475660000000126e-01 9.714761715999999936e-01 9.627824886000000415e-01 9.662329281999999520e-01 9.346892576999999980e-01 9.849148597000000338e-01 9.856405457000000370e-01 8.552322542000000416e-01 7.788785450999999860e-01 8.029909495999999480e-01 6.424524249999999936e-01 8.303414238999999863e-01 6.235943014999999479e-01 6.161417618000000207e-01 7.904291549999999944e-01 6.176410717000000439e-01 0.000000000000000000e+00 3.572952372000000043e-01 5.823305645999999891e-01 1.352703930999999971e-01 3.529404530000000012e-02 8.242607457999999720e-01
9.130791432999999513e-01 7.545346217999999716e-01 9.681952472000000531e-01 9.545882886000000012e-01 8.649405634000000287e-01 9.545628955999999610e-01 8.919259382999999985e-01 9.380218497000000211e-01 8.484986024999999765e-01 9.199428591999999627e-01 9.690556612999999819e-01 9.854834892999999596e-01 9.694311064999999727e-01 9.697923158000000265e-01 9.796033337999999757e-01 9.185529394000000458e-01 9.289029456999999823e-01 9.576923696000000374e-01 9.423842395999999511e-01 8.586957007000000086e-01 9.167192943999999954e-01 9.787818594999999622e-01 9.627307144000000205e-01 9.616030869999999675e-01 9.689172386000000081e-01 9.916399825999999695e-01 9.945986181000000537e-01 7.750495147000000529e-01 8.674650523000000391e-01 7.372717023000000536e-01 6.940188253000000307e-01 8.541806265000000398e-01 6.789251437000000111e-01 7.955300529000000065e-01 6.311251856999999799e-01 6.743764410999999459e-01 3.572952372000000043e-01 -0.000000000000000000e+00 6.030321907000000259e-01 4.364247243000000109e-01 2.881642598999999971e-01 9.150067187999999518e-01
