0.000000000000000000e+00 1.409842552999999998e-01 3.438235664000000025e-01 5.259725427000000453e-01 4.596034189000000048e-01 5.105094947999999633e-01 4.779198351000000233e-01 1.746427557000000130e-01 5.055526848000000406e-01 4.222505892999999788e-01 4.696282111000000259e-01 5.423583078000000501e-01 5.240698275999999822e-01 5.423289659000000151e-01 5.575022933000000069e-01 3.406290558000000246e-01 4.595390453000000042e-01 5.812370148000000070e-01 5.632790516000000247e-01 4.637148098000000163e-01 5.638074160999999584e-01 5.734821124000000214e-01 5.816358448999999764e-01 5.705052124999999696e-01 5.540885576999999840e-01 5.427446015000000346e-01 5.519522117999999811e-01 4.834106434000000063e-01 4.171010361999999971e-01 5.155137612000000313e-01 5.655196566000000313e-01 5.513227979999999473e-01 5.785059581999999478e-01 5.082568750999999496e-01 5.455025194000000521e-01 5.540268942999999613e-01 5.732825087999999791e-01 5.626876014999999676e-01 5.365983785000000283e-01 5.695669251999999627e-01 5.792343363999999939e-01 5.222437291000000537e-01
1.409842552999999998e-01 0.000000000000000000e+00 4.321312759000000003e-01 5.703678527000000109e-01 5.291937160999999890e-01 5.593290194000000159e-01 5.594142530000000280e-01 3.029545711000000141e-01 5.396356706999999586e-01 2.220233746999999980e-01 3.678299239999999748e-01 5.540043080000000009e-01 5.263377456000000176e-01 4.995367653000000185e-01 5.562771672999999861e-01 1.615132733999999903e-01 4.101081065000000137e-01 5.806757007999999720e-01 5.692864871999999687e-01 5.421422321000000100e-01 5.677930744000000418e-01 5.742172507999999675e-01 5.779388851000000216e-01 5.480889759999999500e-01 5.683226222999999688e-01 5.414138654000000273e-01 5.552242143000000185e-01 5.356863179999999947e-01 4.838756880999999788e-01 5.694486755000000011e-01 5.913454393000000531e-01 5.533171108000000116e-01 5.956136333999999533e-01 5.642887294999999748e-01 4.648109474000000074e-01 5.886009569000000274e-01 5.576042718000000509e-01 4.804428645000000109e-01 5.421451659999999562e-01 5.535275388000000518e-01 5.432909511000000302e-01 5.549186968999999525e-01
3.438235664000000025e-01 4.321312759000000003e-01 0.000000000000000000e+00 2.308684001999999902e-01 3.766407461999999873e-01 4.983639308999999740e-01 4.483875457000000009e-01 1.185625961999999950e-01 5.485326539999999529e-01 3.762283927999999777e-01 4.265788989000000031e-01 3.742115900999999911e-01 3.000298592000000264e-01 4.861096281000000241e-01 4.782013033999999996e-01 3.725029016999999998e-01 4.381869117000000147e-01 5.611285476999999799e-01 5.773293524000000509e-01 5.882903442000000371e-01 5.950361763999999498e-01 5.098353736999999830e-01 5.612639437999999981e-01 5.777270515000000328e-01 5.639304024000000304e-01 5.411376871999999949e-01 5.539671162999999510e-01 5.819002253999999708e-01 5.819422620999999962e-01 5.757470000000000088e-01 6.216765580999999985e-01 5.766931322999999665e-01 6.175851198999999792e-01 5.988874441999999521e-01 5.668531365000000211e-01 6.303291521999999647e-01 5.870390252999999614e-01 5.878867773999999491e-01 5.352380228999999989e-01 6.029826631000000381e-01 5.980708197999999864e-01 5.196614523000000485e-01
5.259725427000000453e-01 5.703678527000000109e-01 2.308684001999999902e-01 0.000000000000000000e+00 4.283597196999999746e-01 3.919445248000000270e-01 4.092760207000000205e-01 2.639099496999999794e-01 5.955620641000000104e-01 4.728105694999999997e-01 4.635599791000000192e-01 1.041588165999999954e-01 2.342919487000000023e-01 3.757090860000000254e-01 2.661853718000000146e-01 5.084730835999999865e-01 5.025962694000000175e-01 4.968388730000000142e-01 5.355419516999999630e-01 6.216418988999999895e-01 5.845732743999999537e-01 2.851684413999999723e-01 4.812746527000000274e-01 5.169073619999999814e-01 4.578324576999999729e-01 4.723467064999999909e-01 4.809110463999999863e-01 6.391059736999999963e-01 6.424628543000000525e-01 6.491270690999999537e-01 6.858751790999999542e-01 6.056892535000000244e-01 6.691304699000000245e-01 6.609292664000000483e-01 6.025468142000000027e-01 7.076114462000000493e-01 6.153198254999999728e-01 6.149684388999999696e-01 5.941301123000000128e-01 6.348645874999999661e-01 6.306035630999999864e-01 5.734653280999999492e-01
4.596034189000000048e-01 5.291937160999999890e-01 3.766407461999999873e-01 4.283597196999999746e-01 0.000000000000000000e+00 3.945433157000000080e-01 1.361047717999999962e-01 4.197402003999999853e-01 4.265022410000000042e-01 5.212518816000000221e-01 4.889093942000000137e-01 4.799052565999999964e-01 4.070043112999999768e-01 5.514497403000000464e-01 4.897117829000000033e-01 5.306631082999999638e-01 3.698158228000000269e-01 6.257526920999999520e-01 6.267695667999999554e-01 5.947558791000000511e-01 6.241512420000000505e-01 5.860324626999999786e-01 6.163672036999999770e-01 6.183734941999999846e-01 4.756663213999999806e-01 5.318868311000000126e-01 5.258669583999999730e-01 6.007190637000000555e-01 5.165768929999999814e-01 5.756352626999999833e-01 5.609141272000000011e-01 5.596181458000000219e-01 5.597950900000000507e-01 4.111463971000000051e-01 5.604844125000000288e-01 5.559929171999999920e-01 4.145141799000000016e-01 5.299982289000000346e-01 5.499563780999999762e-01 4.549891214999999822e-01 4.819546263000000219e-01 5.190304072000000435e-01
5.105094947999999633e-01 5.593290194000000159e-01 4.983639308999999740e-01 3.919445248000000270e-01 3.945433157000000080e-01 0.000000000000000000e+00 1.595181008999999872e-01 3.332919772999999863e-01 6.367474481999999547e-01 5.658477454000000462e-01 5.824279561999999855e-01 4.937501067000000243e-01 5.435868433999999638e-01 2.966238887000000046e-01 2.632739345999999814e-01 4.863830044999999935e-01 5.556498311999999995e-01 3.537912957000000080e-01 3.792446467000000210e-01 5.517123287999999848e-01 4.866323037999999990e-01 3.345458915999999783e-01 3.518449221000000127e-01 3.462728191000000177e-01 1.636462082000000040e-01 2.041951344000000057e-01 1.883150782000000134e-01 6.320588290999999970e-01 6.373058232999999628e-01 6.492806301000000335e-01 7.157646774999999462e-01 6.321821127000000207e-01 7.116387191999999917e-01 6.635853824999999873e-01 6.091157082000000500e-01 7.459493789000000152e-01 6.651903762999999969e-01 6.629340494000000028e-01 6.301477808000000014e-01 6.839740771000000219e-01 6.860793808999999799e-01 5.744630018999999921e-01
4.779198351000000233e-01 5.594142530000000280e-01 4.483875457000000009e-01 4.092760207000000205e-01 1.361047717999999962e-01 1.595181008999999872e-01 0.000000000000000000e+00 3.658300836999999750e-01 4.811342785000000122e-01 5.545566619999999780e-01 5.394453666999999841e-01 4.671439521999999900e-01 4.953645924000000256e-01 4.470077767999999785e-01 3.224724204000000150e-01 5.102936179999999489e-01 4.358806812000000086e-01 6.159451406000000517e-01 6.289020493000000434e-01 6.183335839000000389e-01 6.447153761999999677e-01 5.432700364000000448e-01 6.129473634000000004e-01 6.024624790000000507e-01 2.342274974999999926e-01 3.795440816999999800e-01 3.418930313999999915e-01 6.458844447999999572e-01 4.707292734999999895e-01 6.199670694000000148e-01 5.979218611000000072e-01 5.840188605999999671e-01 6.008435893000000361e-01 4.217438978999999977e-01 5.640791004999999858e-01 5.852200338999999918e-01 5.321165007999999474e-01 6.034644970000000441e-01 6.006525565000000455e-01 5.435953533999999809e-01 5.853653139000000172e-01 5.464943063999999628e-01
1.746427557000000130e-01 3.029545711000000141e-01 1.185625961999999950e-01 2.639099496999999794e-01 4.197402003999999853e-01 3.332919772999999863e-01 3.658300836999999750e-01 0.000000000000000000e+00 6.083741511000000379e-01 3.871782269999999859e-01 4.564445482000000220e-01 3.906947132999999961e-01 4.066183203000000024e-01 3.831673770999999840e-01 3.824436881000000121e-01 3.372725578999999918e-01 4.707404832000000039e-01 5.361145595999999847e-01 5.618217572999999465e-01 5.853835732000000069e-01 5.922973645000000342e-01 4.644844117999999966e-01 5.304002762999999732e-01 5.358425889000000275e-01 4.727818883000000083e-01 4.684310822000000152e-01 4.734549814999999828e-01 5.951653667999999842e-01 5.869477924999999541e-01 5.985675244000000506e-01 6.783223982999999624e-01 6.133733514000000442e-01 6.687292548000000059e-01 6.354786322000000043e-01 6.085412475000000487e-01 7.089703874999999655e-01 6.507672962999999644e-01 6.367063549000000489e-01 5.509584184000000384e-01 6.565199054000000478e-01 6.565781486999999750e-01 5.915966917999999630e-01
5.055526848000000406e-01 5.396356706999999586e-01 5.485326539999999529e-01 5.955620641000000104e-01 4.265022410000000042e-01 6.367474481999999547e-01 4.811342785000000122e-01 6.083741511000000379e-01 0.000000000000000000e+00 4.964633853000000041e-01 4.298042944000000087e-01 5.529964684000000519e-01 4.142145859999999957e-01 5.911020223999999823e-01 5.903121061999999641e-01 4.592643766999999766e-01 3.842000045999999780e-01 6.151452726999999676e-01 6.094182693999999900e-01 5.786043412000000385e-01 6.122763615999999853e-01 6.367068083000000378e-01 6.399973450999999480e-01 6.441286623999999961e-01 5.508558376000000090e-01 5.744850106000000123e-01 5.605109625999999956e-01 5.651338556999999652e-01 3.718628739000000016e-01 5.650652533000000144e-01 4.714850078999999750e-01 5.248915504000000176e-01 4.989933979999999769e-01 3.034869761999999804e-01 5.037450689000000370e-01 2.690271510999999727e-01 4.116829806999999786e-01 5.244186485999999814e-01 5.399775484000000070e-01 2.239883860999999921e-01 4.538620803999999787e-01 2.159130492999999928e-01
4.222505892999999788e-01 2.220233746999999980e-01 3.762283927999999777e-01 4.728105694999999997e-01 5.212518816000000221e-01 5.658477454000000462e-01 5.545566619999999780e-01 3.871782269999999859e-01 4.964633853000000041e-01 0.000000000000000000e+00 1.081787981000000010e-01 4.677944314999999964e-01 3.750730319999999729e-01 4.556220295999999781e-01 5.000514612999999997e-01 8.951033569999999884e-02 2.616761857000000080e-01 5.696325223999999521e-01 5.874380839999999715e-01 6.130096528999999794e-01 5.742150056999999475e-01 5.344346714000000054e-01 5.594750485999999690e-01 5.474584895999999867e-01 5.584569570999999844e-01 5.290791088999999836e-01 5.463137352000000391e-01 5.790644861000000532e-01 5.429740981999999772e-01 6.102453813999999532e-01 6.230301438999999997e-01 5.701916824999999633e-01 6.219485765000000166e-01 5.773358642999999457e-01 5.270678948000000474e-01 6.157680804999999813e-01 6.125561533000000169e-01 5.871523656999999563e-01 5.851449172999999560e-01 5.840137020000000234e-01 6.091477311999999866e-01 5.585341339999999599e-01
4.696282111000000259e-01 3.678299239999999748e-01 4.265788989000000031e-01 4.635599791000000192e-01 4.889093942000000137e-01 5.824279561999999855e-01 5.394453666999999841e-01 4.564445482000000220e-01 4.298042944000000087e-01 1.081787981000000010e-01 0.000000000000000000e+00 4.177183602999999801e-01 2.686229903999999835e-01 4.928143127999999873e-01 4.883830384999999774e-01 2.573306364999999873e-01 9.712613039999999642e-02 5.811617387999999940e-01 5.947458729000000277e-01 6.091019364999999963e-01 5.740919409000000417e-01 5.580612770999999750e-01 5.621878034999999718e-01 5.603832141000000266e-01 5.623418731999999531e-01 5.380586363999999566e-01 5.460136035000000554e-01 5.934193154000000359e-01 5.452941175000000085e-01 6.072936922999999654e-01 6.157102518000000524e-01 5.685736006999999592e-01 6.108711573999999755e-01 5.621166766999999842e-01 5.618603156000000487e-01 5.826593944000000302e-01 5.979202969000000367e-01 5.907585515000000065e-01 5.774861291999999757e-01 5.659773852999999688e-01 5.986599855999999997e-01 5.414858892999999673e-01
5.423583078000000501e-01 5.540043080000000009e-01 3.742115900999999911e-01 1.041588165999999954e-01 4.799052565999999964e-01 4.937501067000000243e-01 4.671439521999999900e-01 3.906947132999999961e-01 5.529964684000000519e-01 4.677944314999999964e-01 4.177183602999999801e-01 0.000000000000000000e+00 2.514798215999999864e-01 3.744188813000000060e-01 1.849562402999999911e-01 5.166080642000000500e-01 4.604219768999999740e-01 5.535615605999999467e-01 5.820684922000000094e-01 5.965816241000000408e-01 5.795149039000000446e-01 4.280582472000000194e-01 5.343438312999999606e-01 5.581547458000000184e-01 4.888264534000000272e-01 5.378091353999999713e-01 5.318550036000000425e-01 5.977861566000000071e-01 5.835930830000000125e-01 6.064420407999999707e-01 6.187239937999999828e-01 5.644675697000000048e-01 6.056222540000000265e-01 6.015344656000000123e-01 5.655670682000000227e-01 6.310429938999999600e-01 5.881374887000000440e-01 5.801647407000000145e-01 5.664099040000000196e-01 5.949168652999999862e-01 5.937135801999999796e-01 5.609770608999999908e-01
5.240698275999999822e-01 5.263377456000000176e-01 3.000298592000000264e-01 2.342919487000000023e-01 4.070043112999999768e-01 5.435868433999999638e-01 4.953645924000000256e-01 4.066183203000000024e-01 4.142145859999999957e-01 3.750730319999999729e-01 2.686229903999999835e-01 2.514798215999999864e-01 0.000000000000000000e+00 4.027899502000000242e-01 3.656350693000000041e-01 4.499807976999999903e-01 3.654493386000000066e-01 5.508745591000000497e-01 5.873083008999999688e-01 6.100975110999999895e-01 5.827047897999999559e-01 5.030553627999999611e-01 5.288399073999999755e-01 5.595129149999999996e-01 5.376989293999999697e-01 5.587727353000000452e-01 5.551732722000000120e-01 6.181675657999999851e-01 5.917929170000000294e-01 6.289054898000000504e-01 6.430792115000000253e-01 5.848000299000000179e-01 6.348186914000000236e-01 5.998897772000000295e-01 5.794242943999999840e-01 6.138684210999999502e-01 5.911401202999999605e-01 5.987061054000000215e-01 5.805792397000000271e-01 5.639934812000000353e-01 6.069017921999999565e-01 4.968940139999999950e-01
5.423289659000000151e-01 4.995367653000000185e-01 4.861096281000000241e-01 3.757090860000000254e-01 5.514497403000000464e-01 2.966238887000000046e-01 4.470077767999999785e-01 3.831673770999999840e-01 5.911020223999999823e-01 4.556220295999999781e-01 4.928143127999999873e-01 3.744188813000000060e-01 4.027899502000000242e-01 0.000000000000000000e+00 1.223200549000000026e-01 3.532075885000000026e-01 5.424997550000000279e-01 3.433179331999999806e-01 4.247680160000000260e-01 5.566454799000000175e-01 4.218138591000000215e-01 3.851975496000000221e-01 3.284988469999999827e-01 3.916331155000000175e-01 3.761282598999999838e-01 4.900842872999999766e-01 4.760360066000000057e-01 5.921679727999999976e-01 6.309151243999999714e-01 6.148288127000000047e-01 6.900665574000000024e-01 6.096955635999999901e-01 6.808000889999999972e-01 6.723132547000000292e-01 6.006965930000000009e-01 6.895311570000000057e-01 6.534331140000000371e-01 6.331625141000000179e-01 6.084099799000000086e-01 6.575020845000000280e-01 6.591191696999999516e-01 5.101582070000000302e-01
5.575022933000000069e-01 5.562771672999999861e-01 4.782013033999999996e-01 2.661853718000000146e-01 4.897117829000000033e-01 2.632739345999999814e-01 3.224724204000000150e-01 3.824436881000000121e-01 5.903121061999999641e-01 5.000514612999999997e-01 4.883830384999999774e-01 1.849562402999999911e-01 3.656350693000000041e-01 1.223200549000000026e-01 0.000000000000000000e+00 4.473577212000000025e-01 5.081859617999999745e-01 5.031536966999999860e-01 5.487825137999999825e-01 6.125871622999999877e-01 5.445996869000000462e-01 4.461894439999999906e-01 4.819071047999999857e-01 5.040375551000000343e-01 2.473484662000000056e-01 4.161056583000000142e-01 3.867411552999999724e-01 6.331132596999999862e-01 5.916500579000000259e-01 6.423821377999999749e-01 6.752691526999999860e-01 5.965178517000000458e-01 6.586962804999999532e-01 6.350566949000000516e-01 5.965151230999999887e-01 6.897625038000000375e-01 6.375567495999999723e-01 6.236193406000000161e-01 6.024456487999999554e-01 6.390110976999999748e-01 6.447335118999999448e-01 5.850659843000000082e-01
3.406290558000000246e-01 1.615132733999999903e-01 3.725029016999999998e-01 5.084730835999999865e-01 5.306631082999999638e-01 4.863830044999999935e-01 5.102936179999999489e-01 3.372725578999999918e-01 4.592643766999999766e-01 8.951033569999999884e-02 2.573306364999999873e-01 5.166080642000000500e-01 4.499807976999999903e-01 3.532075885000000026e-01 4.473577212000000025e-01 0.000000000000000000e+00 3.434654427000000121e-01 5.012677184999999591e-01 5.262740526000000418e-01 5.977225287999999859e-01 5.483628925000000320e-01 5.313163994999999806e-01 5.191193299999999899e-01 5.097861056000000390e-01 5.015588905000000208e-01 5.015868433000000293e-01 5.011052311999999453e-01 5.901758857000000136e-01 5.072903959000000240e-01 6.244180347000000131e-01 6.552859452000000529e-01 6.008147288999999835e-01 6.665555589999999642e-01 5.572328602999999658e-01 5.865319273000000333e-01 5.767769731999999872e-01 6.435054601999999901e-01 6.343202288999999494e-01 6.216466770999999891e-01 6.269179536000000219e-01 6.557487576999999623e-01 4.073522829999999817e-01
4.595390453000000042e-01 4.101081065000000137e-01 4.381869117000000147e-01 5.025962694000000175e-01 3.698158228000000269e-01 5.556498311999999995e-01 4.358806812000000086e-01 4.707404832000000039e-01 3.842000045999999780e-01 2.616761857000000080e-01 9.712613039999999642e-02 4.604219768999999740e-01 3.654493386000000066e-01 5.424997550000000279e-01 5.081859617999999745e-01 3.434654427000000121e-01 0.000000000000000000e+00 6.118720024999999563e-01 6.079361894999999461e-01 6.024908812000000502e-01 6.009916946000000149e-01 5.851076451000000178e-01 6.003602048999999719e-01 5.942606042000000421e-01 5.440086466000000343e-01 5.365066241000000513e-01 5.406702385999999638e-01 5.914048884999999478e-01 5.215741308000000354e-01 5.931964804999999563e-01 5.841172663999999459e-01 5.500247657000000290e-01 5.812512426999999482e-01 4.952278124999999753e-01 5.582361130999999865e-01 5.250148810000000443e-01 5.412442029999999793e-01 5.723076513999999504e-01 5.613311394000000121e-01 5.189224573999999812e-01 5.573225329000000006e-01 5.014061296999999806e-01
5.812370148000000070e-01 5.806757007999999720e-01 5.611285476999999799e-01 4.968388730000000142e-01 6.257526920999999520e-01 3.537912957000000080e-01 6.159451406000000517e-01 5.361145595999999847e-01 6.151452726999999676e-01 5.696325223999999521e-01 5.811617387999999940e-01 5.535615605999999467e-01 5.508745591000000497e-01 3.433179331999999806e-01 5.031536966999999860e-01 5.012677184999999591e-01 6.118720024999999563e-01 0.000000000000000000e+00 5.292726009999999814e-02 3.295174230999999843e-01 1.671905707999999935e-01 2.129991321999999965e-01 5.277909499999999809e-02 5.479496949999999866e-02 5.474392005999999533e-01 4.727213247000000007e-01 4.972346695000000039e-01 4.512755527000000266e-01 6.600566158999999766e-01 5.068823615999999976e-01 6.665599679999999472e-01 6.125565763000000441e-01 6.844668580999999641e-01 7.021865518000000028e-01 6.030321161999999680e-01 6.746292253000000239e-01 6.711908573000000544e-01 6.404455021999999609e-01 6.151467601000000229e-01 6.866543186000000354e-01 6.751816892999999986e-01 4.368765318999999758e-01
5.632790516000000247e-01 5.692864871999999687e-01 5.773293524000000509e-01 5.355419516999999630e-01 6.267695667999999554e-01 3.792446467000000210e-01 6.289020493000000434e-01 5.618217572999999465e-01 6.094182693999999900e-01 5.874380839999999715e-01 5.947458729000000277e-01 5.820684922000000094e-01 5.873083008999999688e-01 4.247680160000000260e-01 5.487825137999999825e-01 5.262740526000000418e-01 6.079361894999999461e-01 5.292726009999999814e-02 0.000000000000000000e+00 2.936894986999999957e-01 1.938582986999999869e-01 2.525721914999999873e-01 5.624986729999999907e-02 3.817316879999999718e-02 5.573913786999999953e-01 4.579390865999999893e-01 4.821272597999999854e-01 4.871203531000000142e-01 6.319837547000000111e-01 5.267070987999999954e-01 6.130302712999999848e-01 5.762182221999999632e-01 6.313710287999999560e-01 6.617732147999999537e-01 5.852269072000000349e-01 6.324969457000000350e-01 6.444103256000000002e-01 6.146812083999999565e-01 5.939825117999999460e-01 6.601454012999999899e-01 6.467716857999999958e-01 4.512589387000000007e-01
4.637148098000000163e-01 5.421422321000000100e-01 5.882903442000000371e-01 6.216418988999999895e-01 5.947558791000000511e-01 5.517123287999999848e-01 6.183335839000000389e-01 5.853835732000000069e-01 5.786043412000000385e-01 6.130096528999999794e-01 6.091019364999999963e-01 5.965816241000000408e-01 6.100975110999999895e-01 5.566454799000000175e-01 6.125871622999999877e-01 5.977225287999999859e-01 6.024908812000000502e-01 3.295174230999999843e-01 2.936894986999999957e-01 0.000000000000000000e+00 2.600550716000000206e-01 4.630243091999999838e-01 3.244028916000000207e-01 3.188347326000000037e-01 6.018040826999999648e-01 5.781007908999999945e-01 5.772842025000000099e-01 2.773596488999999776e-01 5.214444558999999924e-01 3.332651220000000247e-01 3.812640070000000159e-01 4.778693802000000268e-01 4.822711262000000110e-01 5.348600896999999854e-01 5.314954622999999989e-01 5.072990037000000285e-01 5.798738772000000541e-01 5.462844135000000101e-01 4.937973022000000101e-01 5.740863992000000415e-01 5.731110672000000461e-01 5.333099277999999721e-01
5.638074160999999584e-01 5.677930744000000418e-01 5.950361763999999498e-01 5.845732743999999537e-01 6.241512420000000505e-01 4.866323037999999990e-01 6.447153761999999677e-01 5.922973645000000342e-01 6.122763615999999853e-01 5.742150056999999475e-01 5.740919409000000417e-01 5.795149039000000446e-01 5.827047897999999559e-01 4.218138591000000215e-01 5.445996869000000462e-01 5.483628925000000320e-01 6.009916946000000149e-01 1.671905707999999935e-01 1.938582986999999869e-01 2.600550716000000206e-01 0.000000000000000000e+00 4.022527532999999877e-01 1.594540846999999983e-01 1.830172036999999918e-01 5.554755055000000219e-01 5.312910660999999868e-01 5.372187416999999465e-01 2.592786165000000032e-01 6.126344518999999877e-01 1.967838031999999959e-01 5.756258225999999478e-01 5.769214446000000551e-01 6.119025916000000453e-01 6.484163472999999733e-01 5.756972684000000173e-01 6.305907947000000124e-01 6.358689893000000204e-01 5.910037619000000353e-01 5.802882885000000268e-01 6.330711084000000266e-01 6.334142687999999577e-01 5.103670210999999846e-01
5.734821124000000214e-01 5.742172507999999675e-01 5.098353736999999830e-01 2.851684413999999723e-01 5.860324626999999786e-01 3.345458915999999783e-01 5.432700364000000448e-01 4.644844117999999966e-01 6.367068083000000378e-01 5.344346714000000054e-01 5.580612770999999750e-01 4.280582472000000194e-01 5.030553627999999611e-01 3.851975496000000221e-01 4.461894439999999906e-01 5.313163994999999806e-01 5.851076451000000178e-01 2.129991321999999965e-01 2.525721914999999873e-01 4.630243091999999838e-01 4.022527532999999877e-01 0.000000000000000000e+00 2.076134152000000122e-01 2.460023434999999981e-01 4.858091840000000050e-01 4.073656522999999918e-01 4.205209393000000073e-01 5.437642223999999969e-01 6.430650745999999529e-01 6.042147729000000300e-01 6.651158513999999577e-01 5.710388146999999526e-01 6.560334491999999518e-01 6.783559929000000377e-01 5.963098531999999619e-01 6.886996738999999756e-01 6.463965817000000280e-01 6.232210914000000379e-01 5.959903879000000293e-01 6.594888569000000311e-01 6.481265393999999791e-01 5.478999697999999974e-01
5.816358448999999764e-01 5.779388851000000216e-01 5.612639437999999981e-01 4.812746527000000274e-01 6.163672036999999770e-01 3.518449221000000127e-01 6.129473634000000004e-01 5.304002762999999732e-01 6.399973450999999480e-01 5.594750485999999690e-01 5.621878034999999718e-01 5.343438312999999606e-01 5.288399073999999755e-01 3.284988469999999827e-01 4.819071047999999857e-01 5.191193299999999899e-01 6.003602048999999719e-01 5.277909499999999809e-02 5.624986729999999907e-02 3.244028916000000207e-01 1.594540846999999983e-01 2.076134152000000122e-01 0.000000000000000000e+00 6.135717610000000072e-02 5.513564203999999913e-01 4.897587462999999919e-01 5.138003693999999566e-01 4.555862258999999748e-01 6.656893285999999632e-01 5.077195892000000432e-01 6.696239171000000212e-01 6.128031574000000203e-01 6.843749228000000073e-01 7.045753596999999591e-01 6.074669845000000290e-01 7.072631652999999963e-01 6.754073998999999828e-01 6.413817142000000082e-01 6.144362596000000343e-01 6.861965429999999921e-01 6.758194017999999970e-01 5.069732943000000436e-01
5.705052124999999696e-01 5.480889759999999500e-01 5.777270515000000328e-01 5.169073619999999814e-01 6.183734941999999846e-01 3.462728191000000177e-01 6.024624790000000507e-01 5.358425889000000275e-01 6.441286623999999961e-01 5.474584895999999867e-01 5.603832141000000266e-01 5.581547458000000184e-01 5.595129149999999996e-01 3.916331155000000175e-01 5.040375551000000343e-01 5.097861056000000390e-01 5.942606042000000421e-01 5.479496949999999866e-02 3.817316879999999718e-02 3.188347326000000037e-01 1.830172036999999918e-01 2.460023434999999981e-01 6.135717610000000072e-02 0.000000000000000000e+00 5.183029904999999493e-01 4.228695579000000260e-01 4.270186804000000169e-01 5.089367940000000257e-01 6.478137822999999740e-01 5.311305764999999512e-01 6.488406525000000036e-01 5.993745666999999999e-01 6.635863176999999835e-01 6.838281522000000390e-01 5.911092037999999826e-01 6.956889321000000459e-01 6.636067490000000513e-01 6.289666063000000085e-01 6.091011504000000132e-01 6.743012309000000482e-01 6.609945674999999632e-01 5.329112902999999513e-01
5.540885576999999840e-01 5.683226222999999688e-01 5.639304024000000304e-01 4.578324576999999729e-01 4.756663213999999806e-01 1.636462082000000040e-01 2.342274974999999926e-01 4.727818883000000083e-01 5.508558376000000090e-01 5.584569570999999844e-01 5.623418731999999531e-01 4.888264534000000272e-01 5.376989293999999697e-01 3.761282598999999838e-01 2.473484662000000056e-01 5.015588905000000208e-01 5.440086466000000343e-01 5.474392005999999533e-01 5.573913786999999953e-01 6.018040826999999648e-01 5.554755055000000219e-01 4.858091840000000050e-01 5.513564203999999913e-01 5.183029904999999493e-01 0.000000000000000000e+00 1.171313546999999955e-01 1.288304785000000119e-01 6.150263829000000015e-01 5.076018534999999776e-01 6.014158379999999804e-01 6.167228714000000389e-01 5.746494169000000429e-01 6.076070230000000238e-01 5.511185285999999905e-01 5.685195629000000528e-01 6.171949721999999694e-01 6.027292899999999731e-01 6.005091884000000046e-01 5.860357922000000164e-01 5.993216027000000112e-01 6.106389831999999851e-01 5.682744032000000001e-01
5.427446015000000346e-01 5.414138654000000273e-01 5.411376871999999949e-01 4.723467064999999909e-01 5.318868311000000126e-01 2.041951344000000057e-01 3.795440816999999800e-01 4.684310822000000152e-01 5.744850106000000123e-01 5.290791088999999836e-01 5.380586363999999566e-01 5.378091353999999713e-01 5.587727353000000452e-01 4.900842872999999766e-01 4.161056583000000142e-01 5.015868433000000293e-01 5.365066241000000513e-01 4.727213247000000007e-01 4.579390865999999893e-01 5.781007908999999945e-01 5.312910660999999868e-01 4.073656522999999918e-01 4.897587462999999919e-01 4.228695579000000260e-01 1.171313546999999955e-01 0.000000000000000000e+00 5.877376380000000344e-02 5.914346944999999689e-01 5.707582629999999879e-01 5.906110442999999988e-01 6.162864311000000317e-01 5.661599038000000306e-01 6.058181441000000111e-01 6.063144664999999822e-01 5.613289430000000246e-01 6.313555757000000046e-01 5.948956930000000032e-01 5.811991823000000057e-01 5.683901536000000032e-01 6.011587159000000291e-01 5.955041902000000054e-01 5.582307154000000216e-01
5.519522117999999811e-01 5.552242143000000185e-01 5.539671162999999510e-01 4.809110463999999863e-01 5.258669583999999730e-01 1.883150782000000134e-01 3.418930313999999915e-01 4.734549814999999828e-01 5.605109625999999956e-01 5.463137352000000391e-01 5.460136035000000554e-01 5.318550036000000425e-01 5.551732722000000120e-01 4.760360066000000057e-01 3.867411552999999724e-01 5.011052311999999453e-01 5.406702385999999638e-01 4.972346695000000039e-01 4.821272597999999854e-01 5.772842025000000099e-01 5.372187416999999465e-01 4.205209393000000073e-01 5.138003693999999566e-01 4.270186804000000169e-01 1.288304785000000119e-01 5.877376380000000344e-02 0.000000000000000000e+00 5.883308028999999495e-01 5.505955678999999714e-01 5.816861627999999618e-01 6.051159534000000173e-01 5.602718033000000375e-01 5.949002604999999999e-01 5.869468552000000061e-01 5.566438326999999520e-01 6.122824435000000509e-01 5.853761275000000097e-01 5.746354966000000175e-01 5.631449064000000337e-01 5.853535721999999497e-01 5.862116498999999648e-01 5.551517682000000065e-01
4.834106434000000063e-01 5.356863179999999947e-01 5.819002253999999708e-01 6.391059736999999963e-01 6.007190637000000555e-01 6.320588290999999970e-01 6.458844447999999572e-01 5.951653667999999842e-01 5.651338556999999652e-01 5.790644861000000532e-01 5.934193154000000359e-01 5.977861566000000071e-01 6.181675657999999851e-01 5.921679727999999976e-01 6.331132596999999862e-01 5.901758857000000136e-01 5.914048884999999478e-01 4.512755527000000266e-01 4.871203531000000142e-01 2.773596488999999776e-01 2.592786165000000032e-01 5.437642223999999969e-01 4.555862258999999748e-01 5.089367940000000257e-01 6.150263829000000015e-01 5.914346944999999689e-01 5.883308028999999495e-01 0.000000000000000000e+00 4.908259886999999932e-01 9.710487550000000689e-02 3.886305238000000162e-01 4.905948847000000113e-01 4.381654722000000168e-01 5.235475814000000172e-01 4.616243941000000017e-01 4.708271265999999788e-01 5.469352945000000021e-01 4.761299099999999895e-01 4.830680914000000103e-01 5.352330613000000348e-01 5.321527652999999969e-01 5.025563589999999525e-01
4.171010361999999971e-01 4.838756880999999788e-01 5.819422620999999962e-01 6.424628543000000525e-01 5.165768929999999814e-01 6.373058232999999628e-01 4.707292734999999895e-01 5.869477924999999541e-01 3.718628739000000016e-01 5.429740981999999772e-01 5.452941175000000085e-01 5.835930830000000125e-01 5.917929170000000294e-01 6.309151243999999714e-01 5.916500579000000259e-01 5.072903959000000240e-01 5.215741308000000354e-01 6.600566158999999766e-01 6.319837547000000111e-01 5.214444558999999924e-01 6.126344518999999877e-01 6.430650745999999529e-01 6.656893285999999632e-01 6.478137822999999740e-01 5.076018534999999776e-01 5.707582629999999879e-01 5.505955678999999714e-01 4.908259886999999932e-01 0.000000000000000000e+00 4.777444585999999771e-01 3.168341473999999880e-01 4.167826176000000160e-01 3.457489462000000180e-01 1.048823769999999989e-01 4.513417641999999952e-01 2.146560318999999883e-01 4.985016172000000245e-01 5.338290695999999835e-01 5.120204353999999736e-01 4.803345648999999828e-01 4.928465434000000034e-01 4.399614662999999926e-01
5.155137612000000313e-01 5.694486755000000011e-01 5.757470000000000088e-01 6.491270690999999537e-01 5.756352626999999833e-01 6.492806301000000335e-01 6.199670694000000148e-01 5.985675244000000506e-01 5.650652533000000144e-01 6.102453813999999532e-01 6.072936922999999654e-01 6.064420407999999707e-01 6.289054898000000504e-01 6.148288127000000047e-01 6.423821377999999749e-01 6.244180347000000131e-01 5.931964804999999563e-01 5.068823615999999976e-01 5.267070987999999954e-01 3.332651220000000247e-01 1.967838031999999959e-01 6.042147729000000300e-01 5.077195892000000432e-01 5.311305764999999512e-01 6.014158379999999804e-01 5.906110442999999988e-01 5.816861627999999618e-01 9.710487550000000689e-02 4.777444585999999771e-01 0.000000000000000000e+00 3.198787677000000107e-01 4.273353502000000192e-01 3.534279295000000154e-01 4.682623881999999904e-01 4.808866579000000141e-01 4.041506913999999839e-01 5.225339570000000489e-01 4.590081856000000071e-01 4.541442014000000027e-01 5.221400028999999554e-01 5.129397118999999838e-01 5.094047643000000347e-01
5.655196566000000313e-01 5.913454393000000531e-01 6.216765580999999985e-01 6.858751790999999542e-01 5.609141272000000011e-01 7.157646774999999462e-01 5.979218611000000072e-01 6.783223982999999624e-01 4.714850078999999750e-01 6.230301438999999997e-01 6.157102518000000524e-01 6.187239937999999828e-01 6.430792115000000253e-01 6.900665574000000024e-01 6.752691526999999860e-01 6.552859452000000529e-01 5.841172663999999459e-01 6.665599679999999472e-01 6.130302712999999848e-01 3.812640070000000159e-01 5.756258225999999478e-01 6.651158513999999577e-01 6.696239171000000212e-01 6.488406525000000036e-01 6.167228714000000389e-01 6.162864311000000317e-01 6.051159534000000173e-01 3.886305238000000162e-01 3.168341473999999880e-01 3.198787677000000107e-01 0.000000000000000000e+00 3.120381735000000156e-01 5.342302040000000002e-02 1.976421740000000038e-01 3.029368253999999983e-01 1.331523928999999995e-01 4.197848354000000004e-01 4.334273967999999755e-01 4.226155074999999872e-01 4.169641440999999893e-01 4.089029654999999930e-01 4.771033706000000207e-01
5.513227979999999473e-01 5.533171108000000116e-01 5.766931322999999665e-01 6.056892535000000244e-01 5.596181458000000219e-01 6.321821127000000207e-01 5.840188605999999671e-01 6.133733514000000442e-01 5.248915504000000176e-01 5.701916824999999633e-01 5.685736006999999592e-01 5.644675697000000048e-01 5.848000299000000179e-01 6.096955635999999901e-01 5.965178517000000458e-01 6.008147288999999835e-01 5.500247657000000290e-01 6.125565763000000441e-01 5.762182221999999632e-01 4.778693802000000268e-01 5.769214446000000551e-01 5.710388146999999526e-01 6.128031574000000203e-01 5.993745666999999999e-01 5.746494169000000429e-01 5.661599038000000306e-01 5.602718033000000375e-01 4.905948847000000113e-01 4.167826176000000160e-01 4.273353502000000192e-01 3.120381735000000156e-01 0.000000000000000000e+00 2.256490677000000111e-01 4.021054808000000258e-01 4.708973685999999770e-01 2.278824363999999991e-01 4.845656354999999804e-01 4.867883499999999808e-01 4.564259070000000196e-01 4.965791682999999845e-01 4.948270931000000039e-01 5.127098923999999780e-01
5.785059581999999478e-01 5.956136333999999533e-01 6.175851198999999792e-01 6.691304699000000245e-01 5.597950900000000507e-01 7.116387191999999917e-01 6.008435893000000361e-01 6.687292548000000059e-01 4.989933979999999769e-01 6.219485765000000166e-01 6.108711573999999755e-01 6.056222540000000265e-01 6.348186914000000236e-01 6.808000889999999972e-01 6.586962804999999532e-01 6.665555589999999642e-01 5.812512426999999482e-01 6.844668580999999641e-01 6.313710287999999560e-01 4.822711262000000110e-01 6.119025916000000453e-01 6.560334491999999518e-01 6.843749228000000073e-01 6.635863176999999835e-01 6.076070230000000238e-01 6.058181441000000111e-01 5.949002604999999999e-01 4.381654722000000168e-01 3.457489462000000180e-01 3.534279295000000154e-01 5.342302040000000002e-02 2.256490677000000111e-01 0.000000000000000000e+00 2.212171430000000050e-01 3.564760431999999812e-01 1.377151752999999923e-01 3.957313734999999832e-01 4.141589489999999985e-01 3.807756036000000122e-01 4.041904955000000244e-01 3.937026540999999935e-01 5.108182184999999764e-01
5.082568750999999496e-01 5.642887294999999748e-01 5.988874441999999521e-01 6.609292664000000483e-01 4.111463971000000051e-01 6.635853824999999873e-01 4.217438978999999977e-01 6.354786322000000043e-01 3.034869761999999804e-01 5.773358642999999457e-01 5.621166766999999842e-01 6.015344656000000123e-01 5.998897772000000295e-01 6.723132547000000292e-01 6.350566949000000516e-01 5.572328602999999658e-01 4.952278124999999753e-01 7.021865518000000028e-01 6.617732147999999537e-01 5.348600896999999854e-01 6.484163472999999733e-01 6.783559929000000377e-01 7.045753596999999591e-01 6.838281522000000390e-01 5.511185285999999905e-01 6.063144664999999822e-01 5.869468552000000061e-01 5.235475814000000172e-01 1.048823769999999989e-01 4.682623881999999904e-01 1.976421740000000038e-01 4.021054808000000258e-01 2.212171430000000050e-01 0.000000000000000000e+00 4.315756461999999960e-01 1.323134440000000023e-01 4.040993093999999952e-01 4.998254509000000234e-01 4.872593524000000120e-01 3.749885050999999803e-01 4.195609418999999840e-01 4.315009384999999864e-01
5.455025194000000521e-01 4.648109474000000074e-01 5.668531365000000211e-01 6.025468142000000027e-01 5.604844125000000288e-01 6.091157082000000500e-01 5.640791004999999858e-01 6.085412475000000487e-01 5.037450689000000370e-01 5.270678948000000474e-01 5.618603156000000487e-01 5.655670682000000227e-01 5.794242943999999840e-01 6.006965930000000009e-01 5.965151230999999887e-01 5.865319273000000333e-01 5.582361130999999865e-01 6.030321161999999680e-01 5.852269072000000349e-01 5.314954622999999989e-01 5.756972684000000173e-01 5.963098531999999619e-01 6.074669845000000290e-01 5.911092037999999826e-01 5.685195629000000528e-01 5.613289430000000246e-01 5.566438326999999520e-01 4.616243941000000017e-01 4.513417641999999952e-01 4.808866579000000141e-01 3.029368253999999983e-01 4.708973685999999770e-01 3.564760431999999812e-01 4.315756461999999960e-01 0.000000000000000000e+00 3.503405910999999873e-01 4.579521847999999951e-01 3.572884244000000264e-01 4.596726857999999805e-01 4.346956567999999965e-01 3.890061966999999732e-01 4.577487263000000195e-01
5.540268942999999613e-01 5.886009569000000274e-01 6.303291521999999647e-01 7.076114462000000493e-01 5.559929171999999920e-01 7.459493789000000152e-01 5.852200338999999918e-01 7.089703874999999655e-01 2.690271510999999727e-01 6.157680804999999813e-01 5.826593944000000302e-01 6.310429938999999600e-01 6.138684210999999502e-01 6.895311570000000057e-01 6.897625038000000375e-01 5.767769731999999872e-01 5.250148810000000443e-01 6.746292253000000239e-01 6.324969457000000350e-01 5.072990037000000285e-01 6.305907947000000124e-01 6.886996738999999756e-01 7.072631652999999963e-01 6.956889321000000459e-01 6.171949721999999694e-01 6.313555757000000046e-01 6.122824435000000509e-01 4.708271265999999788e-01 2.146560318999999883e-01 4.041506913999999839e-01 1.331523928999999995e-01 2.278824363999999991e-01 1.377151752999999923e-01 1.323134440000000023e-01 3.503405910999999873e-01 0.000000000000000000e+00 4.158962378000000126e-01 4.312456125999999945e-01 4.734568833000000199e-01 3.829977390000000037e-01 4.197211359999999947e-01 2.494299711999999891e-01
5.732825087999999791e-01 5.576042718000000509e-01 5.870390252999999614e-01 6.153198254999999728e-01 4.145141799000000016e-01 6.651903762999999969e-01 5.321165007999999474e-01 6.507672962999999644e-01 4.116829806999999786e-01 6.125561533000000169e-01 5.979202969000000367e-01 5.881374887000000440e-01 5.911401202999999605e-01 6.534331140000000371e-01 6.375567495999999723e-01 6.435054601999999901e-01 5.412442029999999793e-01 6.711908573000000544e-01 6.444103256000000002e-01 5.798738772000000541e-01 6.358689893000000204e-01 6.463965817000000280e-01 6.754073998999999828e-01 6.636067490000000513e-01 6.027292899999999731e-01 5.948956930000000032e-01 5.853761275000000097e-01 5.469352945000000021e-01 4.985016172000000245e-01 5.225339570000000489e-01 4.197848354000000004e-01 4.845656354999999804e-01 3.957313734999999832e-01 4.040993093999999952e-01 4.579521847999999951e-01 4.158962378000000126e-01 0.000000000000000000e+00 2.145586922999999924e-01 3.403206636000000174e-01 8.574997709999999940e-02 2.179742299999999980e-02 4.876494489000000043e-01
5.626876014999999676e-01 4.804428645000000109e-01 5.878867773999999491e-01 6.149684388999999696e-01 5.299982289000000346e-01 6.629340494000000028e-01 6.034644970000000441e-01 6.367063549000000489e-01 5.244186485999999814e-01 5.871523656999999563e-01 5.907585515000000065e-01 5.801647407000000145e-01 5.987061054000000215e-01 6.331625141000000179e-01 6.236193406000000161e-01 6.343202288999999494e-01 5.723076513999999504e-01 6.404455021999999609e-01 6.146812083999999565e-01 5.462844135000000101e-01 5.910037619000000353e-01 6.232210914000000379e-01 6.413817142000000082e-01 6.289666063000000085e-01 6.005091884000000046e-01 5.811991823000000057e-01 5.746354966000000175e-01 4.761299099999999895e-01 5.338290695999999835e-01 4.590081856000000071e-01 4.334273967999999755e-01 4.867883499999999808e-01 4.141589489999999985e-01 4.998254509000000234e-01 3.572884244000000264e-01 4.312456125999999945e-01 2.145586922999999924e-01 0.000000000000000000e+00 3.449774003000000144e-01 2.655717074000000233e-01 1.720022818999999981e-01 5.274239109999999675e-01
