0.000000000000000000e+00 8.846928499496475862e-01 9.413650075414781160e-01 9.986409350366947102e-01 9.311350381336922499e-01 9.924010830640230818e-01 9.419079075189430439e-01 9.844581647860336515e-01 9.927147239263803824e-01 9.626011295985346106e-01 9.742613739351096980e-01 9.986804486474598619e-01 9.990138067061143934e-01 9.815088757396449592e-01 9.988911476621696872e-01 9.639450282942603199e-01 9.512806734730431257e-01 9.954313712507448786e-01 9.957112970711297084e-01 9.897371010825249948e-01 9.995417048579284813e-01 9.978805394990366562e-01 9.954445156238878045e-01 9.993946731234867320e-01 9.985521934269581124e-01 9.991682262424620431e-01 1.000000000000000000e+00 9.781811834526095151e-01 9.778088144009932092e-01 9.731610337972167457e-01 9.957431056820285065e-01 9.993902439024390238e-01 9.973799126637554746e-01 9.982456140350877138e-01 9.968300929839390978e-01 9.988534301547868921e-01 9.977452085682074756e-01 9.955938313639094428e-01 9.997607083034218967e-01 9.985241408391313245e-01 9.988592288386949347e-01 1.000000000000000000e+00
8.846928499496475862e-01 0.000000000000000000e+00 9.811649808161841957e-01 9.977566640274478926e-01 9.859841560024374951e-01 9.590265486725664257e-01 9.891304347826086474e-01 9.864097363083164094e-01 9.946808510638297518e-01 9.360702923799424369e-01 9.767037552155771740e-01 9.985334171380683133e-01 9.374264087468461293e-01 9.100383141762452555e-01 9.310606060606060330e-01 8.587891296869625268e-01 9.836229946524064349e-01 9.657465242796695604e-01 9.602200592467202700e-01 9.397883295194507935e-01 9.995533221663874812e-01 9.988933972703799569e-01 9.681968628579651348e-01 9.995611468695143609e-01 9.977553310886644322e-01 9.998015479261758154e-01 1.000000000000000000e+00 9.844689378757515152e-01 9.879697014703697766e-01 9.927143657762003137e-01 9.973394820858459964e-01 9.990281827016520566e-01 9.993770764119601635e-01 9.983288071861291524e-01 9.892298313350944561e-01 9.996339677891654674e-01 9.984994640943194444e-01 9.926979246733281803e-01 9.984090909090909127e-01 9.989943684633950660e-01 9.982635120468851264e-01 9.994343891402714952e-01
9.413650075414781160e-01 9.811649808161841957e-01 0.000000000000000000e+00 9.745392064979694347e-01 9.663448995564831723e-01 9.976652969742249022e-01 9.730148197301482504e-01 9.460680127523910521e-01 9.986501687289088824e-01 9.828581126951798641e-01 9.883333333333332860e-01 9.864864864864865135e-01 9.822906641000962447e-01 9.943783068783068613e-01 9.982631350412505267e-01 9.924501168434297638e-01 9.853384213697529148e-01 9.946827118169733195e-01 9.970360237118103264e-01 9.990591187078563529e-01 9.996214988644965826e-01 9.755415793151642756e-01 9.949407234010421153e-01 1.000000000000000000e+00 9.996727748691099924e-01 1.000000000000000000e+00 1.000000000000000000e+00 9.984136426730121361e-01 9.989615784008307742e-01 9.794103883949462075e-01 1.000000000000000000e+00 1.000000000000000000e+00 1.000000000000000000e+00 1.000000000000000000e+00 9.997463860005072478e-01 1.000000000000000000e+00 9.989004947773502119e-01 1.000000000000000000e+00 9.982201127261940421e-01 9.992393509127789342e-01 1.000000000000000000e+00 9.996011168727563234e-01
9.986409350366947102e-01 9.977566640274478926e-01 9.745392064979694347e-01 0.000000000000000000e+00 9.941921858500527565e-01 9.305353319057816375e-01 9.839555202541699908e-01 9.691836366912957024e-01 9.983855343881175015e-01 9.950700570835495640e-01 9.942170141530969341e-01 9.312487861720721849e-01 9.621111602535751262e-01 9.628011649457240972e-01 9.738920225624496663e-01 9.970010905125409328e-01 9.903560830860533848e-01 9.580559684611904547e-01 9.662976388752816392e-01 9.933184855233853083e-01 9.504607046070461251e-01 9.590455237772889108e-01 9.559159908504886172e-01 9.996031221060986960e-01 9.144473575272527022e-01 9.873484449130205398e-01 9.870845204178537724e-01 9.997059688326962457e-01 9.992032930553711445e-01 9.980337538915287077e-01 9.992151938471197647e-01 9.994889267461669613e-01 1.000000000000000000e+00 9.990930527843279174e-01 1.000000000000000000e+00 1.000000000000000000e+00 9.972118959107806324e-01 1.000000000000000000e+00 9.998050302203158601e-01 9.989462592202318358e-01 9.988747186796699262e-01 9.997652582159624046e-01
9.311350381336922499e-01 9.859841560024374951e-01 9.663448995564831723e-01 9.941921858500527565e-01 0.000000000000000000e+00 9.752177519701368258e-01 8.076076705438541836e-01 9.987150658528750613e-01 9.495332555425903820e-01 9.866009852216748310e-01 9.962415434728137953e-01 9.989644459785985697e-01 9.977411339507566979e-01 9.988518943742824563e-01 9.981368112856001673e-01 9.807073954983922537e-01 8.898282694848084207e-01 9.976273448505968977e-01 9.998741663520825940e-01 9.994575045207956254e-01 9.998587171517377969e-01 9.997180716098110764e-01 9.975864843121480252e-01 1.000000000000000000e+00 9.650019661816752192e-01 9.666448659254414100e-01 1.000000000000000000e+00 9.997619047619047405e-01 9.820507530431195065e-01 9.769880570929216912e-01 9.769522776572667766e-01 1.000000000000000000e+00 1.000000000000000000e+00 9.703285058283291908e-01 1.000000000000000000e+00 1.000000000000000000e+00 9.942363112391930935e-01 1.000000000000000000e+00 1.000000000000000000e+00 9.799077733860342976e-01 9.978013924514473887e-01 1.000000000000000000e+00
9.924010830640230818e-01 9.590265486725664257e-01 9.976652969742249022e-01 9.305353319057816375e-01 9.752177519701368258e-01 0.000000000000000000e+00 9.542664818847752528e-01 9.530968766543144177e-01 9.934983017952450091e-01 9.908521090970693335e-01 9.967417613107428798e-01 9.952207792207792281e-01 9.493813273340832026e-01 9.397579719106086138e-01 9.376827669658163167e-01 9.545578231292517479e-01 9.912667769810626917e-01 8.999132509217089293e-01 9.295272727272727575e-01 9.548080190282025592e-01 9.718654888278523973e-01 9.867439120188531421e-01 9.008972966794307480e-01 9.970072680632748874e-01 9.092804060177632763e-01 9.278851344057000849e-01 9.462067435669919702e-01 9.984481971702419134e-01 9.990593466735078199e-01 9.989291277258567359e-01 9.990506929941143088e-01 9.996014745441864635e-01 9.997939843428100826e-01 9.994835244292944454e-01 9.998986212489862080e-01 9.998068565910188665e-01 9.989532084162043857e-01 9.997038499506416542e-01 9.969795037756202793e-01 9.937799530947282189e-01 9.993684210526315725e-01 9.991688435051057082e-01
9.419079075189430439e-01 9.891304347826086474e-01 9.730148197301482504e-01 9.839555202541699908e-01 8.076076705438541836e-01 9.542664818847752528e-01 0.000000000000000000e+00 9.989457037427517117e-01 9.626937984496124479e-01 9.888888888888889284e-01 9.985042735042735096e-01 9.786081003993154503e-01 9.982384028185554703e-01 9.991536899119837223e-01 9.938886373924853412e-01 9.843049327354259637e-01 9.112597547380155705e-01 9.961826664781563423e-01 9.958105434656115973e-01 9.974185221039044702e-01 9.984512132163139153e-01 9.981047145226249473e-01 9.961805820792911659e-01 9.996452642781128439e-01 9.342058085335245288e-01 9.716198125836680299e-01 9.994133176884717473e-01 1.000000000000000000e+00 9.826055444826961027e-01 9.803015564202334220e-01 9.793767186067827701e-01 9.997468354430379955e-01 9.991705833563726546e-01 9.769559032716927938e-01 1.000000000000000000e+00 9.995310668229777651e-01 9.985582468281429813e-01 9.995050730017321916e-01 9.990639625585023831e-01 9.838622915545992553e-01 9.997071742313323739e-01 9.991442019683354214e-01
9.844581647860336515e-01 9.864097363083164094e-01 9.460680127523910521e-01 9.691836366912957024e-01 9.987150658528750613e-01 9.530968766543144177e-01 9.989457037427517117e-01 0.000000000000000000e+00 1.000000000000000000e+00 9.994169096209912784e-01 1.000000000000000000e+00 9.989662301860785520e-01 9.995495495495495542e-01 9.994268246083300999e-01 9.989375830013280666e-01 9.861554845580404738e-01 9.803683955404750572e-01 9.994821336095287556e-01 9.991190536118801369e-01 1.000000000000000000e+00 9.998588168855004898e-01 9.991549295774647677e-01 9.995184204189742072e-01 9.993952832090304828e-01 9.998101746393318612e-01 9.990512333965844149e-01 1.000000000000000000e+00 1.000000000000000000e+00 9.995948956856390843e-01 9.985763097949885703e-01 1.000000000000000000e+00 1.000000000000000000e+00 1.000000000000000000e+00 1.000000000000000000e+00 1.000000000000000000e+00 9.997214484679666224e-01 1.000000000000000000e+00 1.000000000000000000e+00 1.000000000000000000e+00 1.000000000000000000e+00 1.000000000000000000e+00 9.981927710843373491e-01
9.927147239263803824e-01 9.946808510638297518e-01 9.986501687289088824e-01 9.983855343881175015e-01 9.495332555425903820e-01 9.934983017952450091e-01 9.626937984496124479e-01 1.000000000000000000e+00 0.000000000000000000e+00 9.703839122486288549e-01 9.690366972477064689e-01 9.964465501924785196e-01 9.843298969072165061e-01 9.987749387469373463e-01 9.974068835454974469e-01 9.795680093403386079e-01 9.348319709355131790e-01 9.995000357117348466e-01 9.995256729515000771e-01 9.970019986675550117e-01 9.996034368803701220e-01 1.000000000000000000e+00 9.994591253283882093e-01 1.000000000000000000e+00 9.876825620270983652e-01 1.000000000000000000e+00 1.000000000000000000e+00 9.978632478632478708e-01 9.709677419354838523e-01 9.793367346938774975e-01 9.752344313536908116e-01 9.994676603673143811e-01 9.970743124634289245e-01 9.675462541704580310e-01 9.974818130945719563e-01 9.975399753997540309e-01 9.898399014778325178e-01 9.994803845154585087e-01 9.986719787516600277e-01 9.030284490669929776e-01 9.921850578305720925e-01 9.995340167753961058e-01
9.626011295985346106e-01 9.360702923799424369e-01 9.828581126951798641e-01 9.950700570835495640e-01 9.866009852216748310e-01 9.908521090970693335e-01 9.888888888888889284e-01 9.994169096209912784e-01 9.703839122486288549e-01 0.000000000000000000e+00 8.720104633781764480e-01 9.965404965404965898e-01 9.925233644859813298e-01 9.594555873925501022e-01 9.982713915298184748e-01 8.951481602084011557e-01 9.510265903736115911e-01 9.940483891835942831e-01 9.985950827897641657e-01 1.000000000000000000e+00 9.997804128238910737e-01 9.969435454872348501e-01 9.981332964601770108e-01 1.000000000000000000e+00 9.908701065154239540e-01 9.939922480620154710e-01 9.938715131022823890e-01 9.954867827208252473e-01 9.945142197199364764e-01 1.000000000000000000e+00 9.951523545706371099e-01 1.000000000000000000e+00 9.957567185289957212e-01 9.989880590973486685e-01 9.947038054138878094e-01 9.850018070112034341e-01 9.983385254413291721e-01 9.994434137291280384e-01 1.000000000000000000e+00 9.835480673934589024e-01 9.985291027526791430e-01 1.000000000000000000e+00
9.742613739351096980e-01 9.767037552155771740e-01 9.883333333333332860e-01 9.942170141530969341e-01 9.962415434728137953e-01 9.967417613107428798e-01 9.985042735042735096e-01 1.000000000000000000e+00 9.690366972477064689e-01 8.720104633781764480e-01 0.000000000000000000e+00 9.869158878504672439e-01 9.567514677103717835e-01 9.690339952877818908e-01 9.904638058084092034e-01 9.569793205317577156e-01 9.484110606685927092e-01 9.970774476376035311e-01 9.989810936261745988e-01 9.998443821973234114e-01 9.998745609633717946e-01 9.997748254897546039e-01 9.971462901772304432e-01 9.998291182501708452e-01 9.988619736628190360e-01 1.000000000000000000e+00 1.000000000000000000e+00 9.998036906164115001e-01 9.967292132897228596e-01 9.997729852440409015e-01 9.993567753001715293e-01 1.000000000000000000e+00 1.000000000000000000e+00 9.997373949579831942e-01 9.997491848507650269e-01 9.801957659913498322e-01 1.000000000000000000e+00 1.000000000000000000e+00 1.000000000000000000e+00 9.989967394030599968e-01 9.994485800937413789e-01 9.996079968639749458e-01
9.986804486474598619e-01 9.985334171380683133e-01 9.864864864864865135e-01 9.312487861720721849e-01 9.989644459785985697e-01 9.952207792207792281e-01 9.786081003993154503e-01 9.989662301860785520e-01 9.964465501924785196e-01 9.965404965404965898e-01 9.869158878504672439e-01 0.000000000000000000e+00 9.737673062909886212e-01 9.895330112721416604e-01 9.787234042553191182e-01 9.951338199513382055e-01 9.896176247151177163e-01 9.963041182682154107e-01 9.966277561608301028e-01 1.000000000000000000e+00 9.997086671522213974e-01 9.884778653729533460e-01 9.966412714016548158e-01 1.000000000000000000e+00 9.636923076923077369e-01 1.000000000000000000e+00 1.000000000000000000e+00 9.997492477432297076e-01 9.991521831284442268e-01 9.960450258594463202e-01 9.988754568456564842e-01 1.000000000000000000e+00 9.988986784140969633e-01 9.992595335061088546e-01 1.000000000000000000e+00 9.997035280166024496e-01 1.000000000000000000e+00 1.000000000000000000e+00 1.000000000000000000e+00 1.000000000000000000e+00 9.996034892942109451e-01 1.000000000000000000e+00
9.990138067061143934e-01 9.374264087468461293e-01 9.822906641000962447e-01 9.621111602535751262e-01 9.977411339507566979e-01 9.493813273340832026e-01 9.982384028185554703e-01 9.995495495495495542e-01 9.843298969072165061e-01 9.925233644859813298e-01 9.567514677103717835e-01 9.737673062909886212e-01 0.000000000000000000e+00 8.622245358320319575e-01 8.203523412146499494e-01 9.329589329589329516e-01 9.958212209302325091e-01 9.627559220180280652e-01 9.620550705171255768e-01 9.449230769230769766e-01 9.871037724478727293e-01 9.969123095924248279e-01 9.600935425467712614e-01 1.000000000000000000e+00 9.816074188562596836e-01 1.000000000000000000e+00 9.997533300444005899e-01 9.998190045248869229e-01 9.995204603580563063e-01 9.975129533678755989e-01 9.998038061604865856e-01 1.000000000000000000e+00 1.000000000000000000e+00 1.000000000000000000e+00 1.000000000000000000e+00 9.997963340122200115e-01 9.995139732685297540e-01 1.000000000000000000e+00 1.000000000000000000e+00 9.993211133740664831e-01 1.000000000000000000e+00 1.000000000000000000e+00
9.815088757396449592e-01 9.100383141762452555e-01 9.943783068783068613e-01 9.628011649457240972e-01 9.988518943742824563e-01 9.397579719106086138e-01 9.991536899119837223e-01 9.994268246083300999e-01 9.987749387469373463e-01 9.594555873925501022e-01 9.690339952877818908e-01 9.895330112721416604e-01 8.622245358320319575e-01 0.000000000000000000e+00 8.229645929185837039e-01 8.973536487570168418e-01 9.454545454545454364e-01 9.296420505098897946e-01 9.589494364595181342e-01 9.481858163826277774e-01 9.718341343467084004e-01 9.909204201531066625e-01 9.305361989290691360e-01 9.638466042154566482e-01 9.554392417597963316e-01 9.933269780743565480e-01 9.832285115303983636e-01 9.990498812351543689e-01 9.990066695047538081e-01 1.000000000000000000e+00 9.991508152173913526e-01 1.000000000000000000e+00 1.000000000000000000e+00 9.990059642147117724e-01 1.000000000000000000e+00 1.000000000000000000e+00 9.989810474831872789e-01 9.998175515416894976e-01 9.995694294940796754e-01 1.000000000000000000e+00 9.989690721649484573e-01 9.994703389830508211e-01
9.988911476621696872e-01 9.310606060606060330e-01 9.982631350412505267e-01 9.738920225624496663e-01 9.981368112856001673e-01 9.376827669658163167e-01 9.938886373924853412e-01 9.989375830013280666e-01 9.974068835454974469e-01 9.982713915298184748e-01 9.904638058084092034e-01 9.787234042553191182e-01 8.203523412146499494e-01 8.229645929185837039e-01 0.000000000000000000e+00 9.280333068992863144e-01 9.793944491169049860e-01 9.600792544213693214e-01 9.588377723970944455e-01 9.383796773086165999e-01 9.858323494687131205e-01 9.978525411596277372e-01 9.579591512357943373e-01 1.000000000000000000e+00 9.593667546174142746e-01 9.986866298923036123e-01 9.828571428571428736e-01 9.995877138734281520e-01 9.992834109638122353e-01 9.997597886139802936e-01 9.993215739484395677e-01 1.000000000000000000e+00 9.988848620016727020e-01 9.997195737521031855e-01 1.000000000000000000e+00 9.997639839509087079e-01 1.000000000000000000e+00 1.000000000000000000e+00 9.993704752911551914e-01 1.000000000000000000e+00 9.994091580502215688e-01 9.995669120831528476e-01
9.639450282942603199e-01 8.587891296869625268e-01 9.924501168434297638e-01 9.970010905125409328e-01 9.807073954983922537e-01 9.545578231292517479e-01 9.843049327354259637e-01 9.861554845580404738e-01 9.795680093403386079e-01 8.951481602084011557e-01 9.569793205317577156e-01 9.951338199513382055e-01 9.329589329589329516e-01 8.973536487570168418e-01 9.280333068992863144e-01 0.000000000000000000e+00 9.702255109231853192e-01 9.664621676891615998e-01 9.603252032520325221e-01 9.386185475521372501e-01 9.988521579430670316e-01 9.992288413341045006e-01 9.690035821331968169e-01 9.996969696969697505e-01 9.922672891742048140e-01 9.930817610062893097e-01 9.933241252302025259e-01 9.984575835475578698e-01 9.847175054029021490e-01 9.838359944805834534e-01 9.842460615153788561e-01 9.997964169381107213e-01 1.000000000000000000e+00 9.807692307692307265e-01 9.997888513513513153e-01 9.840683893530212112e-01 9.988713318284424547e-01 9.996002398560863700e-01 9.992800575953924014e-01 9.993666877770740475e-01 9.988566201692201663e-01 9.996969696969697505e-01
9.512806734730431257e-01 9.836229946524064349e-01 9.853384213697529148e-01 9.903560830860533848e-01 8.898282694848084207e-01 9.912667769810626917e-01 9.112597547380155705e-01 9.803683955404750572e-01 9.348319709355131790e-01 9.510265903736115911e-01 9.484110606685927092e-01 9.896176247151177163e-01 9.958212209302325091e-01 9.454545454545454364e-01 9.793944491169049860e-01 9.702255109231853192e-01 0.000000000000000000e+00 9.807437382264704295e-01 9.985595567867036060e-01 9.968191457134202293e-01 9.991423670668954093e-01 9.997843433254258727e-01 9.792843691148775953e-01 9.592222986923606420e-01 9.817307692307691847e-01 1.000000000000000000e+00 9.867374005305039608e-01 9.990541051835035713e-01 9.850042122999157490e-01 9.814077025232403884e-01 9.817839195979899403e-01 9.997705895847671664e-01 9.995033523714924595e-01 9.788373278939316302e-01 9.992824683090170135e-01 9.993580141236892977e-01 9.992266047950503216e-01 9.997753313862053348e-01 9.997234513274336765e-01 9.807692307692307265e-01 9.947437582128777489e-01 9.992716678805535491e-01
9.954313712507448786e-01 9.657465242796695604e-01 9.946827118169733195e-01 9.580559684611904547e-01 9.976273448505968977e-01 8.999132509217089293e-01 9.961826664781563423e-01 9.994821336095287556e-01 9.995000357117348466e-01 9.940483891835942831e-01 9.970774476376035311e-01 9.963041182682154107e-01 9.627559220180280652e-01 9.296420505098897946e-01 9.600792544213693214e-01 9.664621676891615998e-01 9.807437382264704295e-01 0.000000000000000000e+00 8.426860025220681560e-01 8.964275823871503679e-01 8.741227222973407818e-01 9.691216665435473665e-01 7.012551825978303732e-01 9.152135545358277557e-01 9.841177233242577316e-01 9.939937713184042734e-01 9.965627864344638320e-01 9.717020977051950004e-01 9.994129924341247362e-01 9.921071687183200538e-01 9.965324463944519318e-01 9.999268792044457843e-01 9.999250655676282795e-01 9.996245400615754173e-01 9.998518408771019939e-01 1.000000000000000000e+00 9.996210398666059982e-01 9.996367335077012140e-01 9.996132724882048626e-01 9.998518737964745551e-01 9.996193956002131786e-01 9.998342037635745694e-01
9.957112970711297084e-01 9.602200592467202700e-01 9.970360237118103264e-01 9.662976388752816392e-01 9.998741663520825940e-01 9.295272727272727575e-01 9.958105434656115973e-01 9.991190536118801369e-01 9.995256729515000771e-01 9.985950827897641657e-01 9.989810936261745988e-01 9.966277561608301028e-01 9.620550705171255768e-01 9.589494364595181342e-01 9.588377723970944455e-01 9.603252032520325221e-01 9.985595567867036060e-01 8.426860025220681560e-01 0.000000000000000000e+00 8.920824874452398801e-01 8.786937699981178795e-01 9.744342507645259444e-01 8.408283627102741686e-01 9.026439614609007567e-01 9.954247065844440412e-01 9.959819186338523256e-01 9.990739515808969573e-01 9.934283804856315347e-01 9.997952497952498074e-01 9.927606177606177473e-01 9.988370740783811819e-01 1.000000000000000000e+00 1.000000000000000000e+00 9.998709677419355124e-01 9.994953318193288139e-01 9.998812492578078581e-01 1.000000000000000000e+00 9.992675781250000000e-01 9.989123045547246837e-01 9.997478249905434877e-01 1.000000000000000000e+00 9.998459879870630340e-01
9.897371010825249948e-01 9.397883295194507935e-01 9.990591187078563529e-01 9.933184855233853083e-01 9.994575045207956254e-01 9.548080190282025592e-01 9.974185221039044702e-01 1.000000000000000000e+00 9.970019986675550117e-01 1.000000000000000000e+00 9.998443821973234114e-01 1.000000000000000000e+00 9.449230769230769766e-01 9.481858163826277774e-01 9.383796773086165999e-01 9.386185475521372501e-01 9.968191457134202293e-01 8.964275823871503679e-01 8.920824874452398801e-01 0.000000000000000000e+00 8.754734848484848619e-01 9.910412440838404224e-01 8.899746382216917606e-01 8.508252880722516620e-01 9.931874754356085910e-01 9.985645074466176219e-01 9.988338192419825567e-01 9.883898564008555265e-01 9.968630660120021414e-01 9.786538130487174580e-01 9.926817368677833819e-01 9.994725738396624815e-01 9.996267263904441425e-01 9.990620896642280480e-01 9.987291212781408412e-01 9.996669442131557171e-01 9.957618955885185752e-01 9.991346486673589045e-01 9.910277324632952300e-01 9.965448263320604294e-01 9.998060135790494130e-01 9.995094432180524624e-01
9.995417048579284813e-01 9.995533221663874812e-01 9.996214988644965826e-01 9.504607046070461251e-01 9.998587171517377969e-01 9.718654888278523973e-01 9.984512132163139153e-01 9.998588168855004898e-01 9.996034368803701220e-01 9.997804128238910737e-01 9.998745609633717946e-01 9.997086671522213974e-01 9.871037724478727293e-01 9.718341343467084004e-01 9.858323494687131205e-01 9.988521579430670316e-01 9.991423670668954093e-01 8.741227222973407818e-01 8.786937699981178795e-01 8.754734848484848619e-01 0.000000000000000000e+00 9.957236402512361639e-01 8.667908388520970675e-01 8.333551169781727719e-01 9.477943690869713445e-01 9.899376417233559655e-01 9.894371510487399712e-01 9.852155547272952729e-01 9.991004160575733817e-01 9.912328028055030771e-01 9.989653388515261634e-01 9.995852916781863273e-01 1.000000000000000000e+00 9.997093023255814170e-01 9.994331869066175322e-01 9.997351344192821898e-01 9.998520272269901810e-01 9.991806636624334104e-01 9.993836671802773797e-01 9.994334277620396945e-01 1.000000000000000000e+00 9.996443179797260825e-01
9.978805394990366562e-01 9.988933972703799569e-01 9.755415793151642756e-01 9.590455237772889108e-01 9.997180716098110764e-01 9.867439120188531421e-01 9.981047145226249473e-01 9.991549295774647677e-01 1.000000000000000000e+00 9.969435454872348501e-01 9.997748254897546039e-01 9.884778653729533460e-01 9.969123095924248279e-01 9.909204201531066625e-01 9.978525411596277372e-01 9.992288413341045006e-01 9.997843433254258727e-01 9.691216665435473665e-01 9.744342507645259444e-01 9.910412440838404224e-01 9.957236402512361639e-01 0.000000000000000000e+00 9.692270801694509164e-01 9.735540334855403710e-01 9.987704198138064315e-01 9.966517857142856984e-01 9.993678887484197526e-01 9.963203463203462729e-01 1.000000000000000000e+00 9.959308240081383712e-01 9.997623574144486325e-01 9.997300944669366141e-01 1.000000000000000000e+00 1.000000000000000000e+00 1.000000000000000000e+00 1.000000000000000000e+00 9.996901146575767338e-01 9.997366341848827886e-01 9.989864864864864691e-01 9.994335882186349274e-01 9.996845425867507684e-01 9.995222169135212775e-01
9.954445156238878045e-01 9.681968628579651348e-01 9.949407234010421153e-01 9.559159908504886172e-01 9.975864843121480252e-01 9.008972966794307480e-01 9.961805820792911659e-01 9.995184204189742072e-01 9.994591253283882093e-01 9.981332964601770108e-01 9.971462901772304432e-01 9.966412714016548158e-01 9.600935425467712614e-01 9.305361989290691360e-01 9.579591512357943373e-01 9.690035821331968169e-01 9.792843691148775953e-01 7.012551825978303732e-01 8.408283627102741686e-01 8.899746382216917606e-01 8.667908388520970675e-01 9.692270801694509164e-01 0.000000000000000000e+00 9.085291425083917849e-01 9.834423264227076800e-01 9.941294732609570195e-01 9.964270876609887528e-01 9.706753779533541238e-01 9.992993273542600807e-01 9.917679341434731954e-01 9.965585806056898033e-01 1.000000000000000000e+00 1.000000000000000000e+00 9.995921031163321757e-01 9.996784048882456641e-01 1.000000000000000000e+00 9.995055216746332460e-01 9.998426188227887978e-01 9.994944814221922158e-01 9.996784824371031108e-01 9.995860241761881371e-01 9.999091322126306691e-01
9.993946731234867320e-01 9.995611468695143609e-01 1.000000000000000000e+00 9.996031221060986960e-01 1.000000000000000000e+00 9.970072680632748874e-01 9.996452642781128439e-01 9.993952832090304828e-01 1.000000000000000000e+00 1.000000000000000000e+00 9.998291182501708452e-01 1.000000000000000000e+00 1.000000000000000000e+00 9.638466042154566482e-01 1.000000000000000000e+00 9.996969696969697505e-01 9.592222986923606420e-01 9.152135545358277557e-01 9.026439614609007567e-01 8.508252880722516620e-01 8.333551169781727719e-01 9.735540334855403710e-01 9.085291425083917849e-01 0.000000000000000000e+00 9.997186664791110067e-01 9.994004796163069582e-01 9.997814685314685423e-01 9.985096870342772268e-01 9.997049712346953720e-01 9.890586681758158916e-01 9.994659070678297841e-01 1.000000000000000000e+00 1.000000000000000000e+00 9.997899600924176067e-01 1.000000000000000000e+00 9.996317436936107415e-01 1.000000000000000000e+00 9.994237418363426384e-01 9.997713240338440555e-01 1.000000000000000000e+00 9.995633187772925421e-01 9.997146118721461638e-01
9.985521934269581124e-01 9.977553310886644322e-01 9.996727748691099924e-01 9.144473575272527022e-01 9.650019661816752192e-01 9.092804060177632763e-01 9.342058085335245288e-01 9.998101746393318612e-01 9.876825620270983652e-01 9.908701065154239540e-01 9.988619736628190360e-01 9.636923076923077369e-01 9.816074188562596836e-01 9.554392417597963316e-01 9.593667546174142746e-01 9.922672891742048140e-01 9.817307692307691847e-01 9.841177233242577316e-01 9.954247065844440412e-01 9.931874754356085910e-01 9.477943690869713445e-01 9.987704198138064315e-01 9.834423264227076800e-01 9.997186664791110067e-01 0.000000000000000000e+00 9.388733519776268910e-01 9.543799528807025423e-01 9.993699795243345951e-01 9.839403498709492490e-01 9.982313406437920422e-01 9.971225457007447668e-01 1.000000000000000000e+00 9.990169091624065967e-01 9.982206405693949680e-01 1.000000000000000000e+00 9.998256928708384450e-01 9.977701196026758090e-01 9.996371552975326091e-01 9.993584260051325829e-01 9.882420971472629656e-01 9.989758295780417630e-01 1.000000000000000000e+00
9.991682262424620431e-01 9.998015479261758154e-01 1.000000000000000000e+00 9.873484449130205398e-01 9.666448659254414100e-01 9.278851344057000849e-01 9.716198125836680299e-01 9.990512333965844149e-01 1.000000000000000000e+00 9.939922480620154710e-01 1.000000000000000000e+00 1.000000000000000000e+00 1.000000000000000000e+00 9.933269780743565480e-01 9.986866298923036123e-01 9.930817610062893097e-01 1.000000000000000000e+00 9.939937713184042734e-01 9.959819186338523256e-01 9.985645074466176219e-01 9.899376417233559655e-01 9.966517857142856984e-01 9.941294732609570195e-01 9.994004796163069582e-01 9.388733519776268910e-01 0.000000000000000000e+00 7.767503302509907170e-01 9.997645951035781797e-01 9.995983935742971394e-01 9.997190221972463986e-01 9.994763026970411302e-01 9.996985227615314828e-01 1.000000000000000000e+00 1.000000000000000000e+00 1.000000000000000000e+00 1.000000000000000000e+00 1.000000000000000000e+00 1.000000000000000000e+00 1.000000000000000000e+00 1.000000000000000000e+00 1.000000000000000000e+00 1.000000000000000000e+00
1.000000000000000000e+00 1.000000000000000000e+00 1.000000000000000000e+00 9.870845204178537724e-01 1.000000000000000000e+00 9.462067435669919702e-01 9.994133176884717473e-01 1.000000000000000000e+00 1.000000000000000000e+00 9.938715131022823890e-01 1.000000000000000000e+00 1.000000000000000000e+00 9.997533300444005899e-01 9.832285115303983636e-01 9.828571428571428736e-01 9.933241252302025259e-01 9.867374005305039608e-01 9.965627864344638320e-01 9.990739515808969573e-01 9.988338192419825567e-01 9.894371510487399712e-01 9.993678887484197526e-01 9.964270876609887528e-01 9.997814685314685423e-01 9.543799528807025423e-01 7.767503302509907170e-01 0.000000000000000000e+00 1.000000000000000000e+00 9.995604395604396064e-01 1.000000000000000000e+00 1.000000000000000000e+00 1.000000000000000000e+00 1.000000000000000000e+00 1.000000000000000000e+00 1.000000000000000000e+00 1.000000000000000000e+00 9.995848899958489353e-01 1.000000000000000000e+00 1.000000000000000000e+00 1.000000000000000000e+00 1.000000000000000000e+00 1.000000000000000000e+00
9.781811834526095151e-01 9.844689378757515152e-01 9.984136426730121361e-01 9.997059688326962457e-01 9.997619047619047405e-01 9.984481971702419134e-01 1.000000000000000000e+00 1.000000000000000000e+00 9.978632478632478708e-01 9.954867827208252473e-01 9.998036906164115001e-01 9.997492477432297076e-01 9.998190045248869229e-01 9.990498812351543689e-01 9.995877138734281520e-01 9.984575835475578698e-01 9.990541051835035713e-01 9.717020977051950004e-01 9.934283804856315347e-01 9.883898564008555265e-01 9.852155547272952729e-01 9.963203463203462729e-01 9.706753779533541238e-01 9.985096870342772268e-01 9.993699795243345951e-01 9.997645951035781797e-01 1.000000000000000000e+00 0.000000000000000000e+00 9.674267100977198552e-01 9.545557827766416592e-01 9.648711943793910617e-01 9.981613422201792707e-01 9.784428100431143971e-01 9.992501874531367623e-01 9.886363636363636465e-01 9.939746072735098359e-01 9.992264053635895316e-01 9.911604714415230832e-01 9.963918956425201756e-01 9.922965816080885348e-01 9.992148652185292024e-01 9.992714025500910591e-01
9.778088144009932092e-01 9.879697014703697766e-01 9.989615784008307742e-01 9.992032930553711445e-01 9.820507530431195065e-01 9.990593466735078199e-01 9.826055444826961027e-01 9.995948956856390843e-01 9.709677419354838523e-01 9.945142197199364764e-01 9.967292132897228596e-01 9.991521831284442268e-01 9.995204603580563063e-01 9.990066695047538081e-01 9.992834109638122353e-01 9.847175054029021490e-01 9.850042122999157490e-01 9.994129924341247362e-01 9.997952497952498074e-01 9.968630660120021414e-01 9.991004160575733817e-01 1.000000000000000000e+00 9.992993273542600807e-01 9.997049712346953720e-01 9.839403498709492490e-01 9.995983935742971394e-01 9.995604395604396064e-01 9.674267100977198552e-01 0.000000000000000000e+00 9.648748301960022866e-01 9.471208129469326220e-01 9.820071971211515871e-01 9.396436525612472668e-01 9.192334017796029988e-01 9.893092105263158187e-01 9.551777434312209714e-01 9.863796133567662716e-01 9.996140486298726868e-01 9.965389940009229397e-01 9.940695296523517355e-01 9.986816084377060365e-01 9.985611510791366774e-01
9.731610337972167457e-01 9.927143657762003137e-01 9.794103883949462075e-01 9.980337538915287077e-01 9.769880570929216912e-01 9.989291277258567359e-01 9.803015564202334220e-01 9.985763097949885703e-01 9.793367346938774975e-01 1.000000000000000000e+00 9.997729852440409015e-01 9.960450258594463202e-01 9.975129533678755989e-01 1.000000000000000000e+00 9.997597886139802936e-01 9.838359944805834534e-01 9.814077025232403884e-01 9.921071687183200538e-01 9.927606177606177473e-01 9.786538130487174580e-01 9.912328028055030771e-01 9.959308240081383712e-01 9.917679341434731954e-01 9.890586681758158916e-01 9.982313406437920422e-01 9.997190221972463986e-01 1.000000000000000000e+00 9.545557827766416592e-01 9.648748301960022866e-01 0.000000000000000000e+00 9.440789473684210176e-01 9.980889980889980917e-01 9.795232273838631043e-01 9.740018570102135786e-01 9.887120115774240547e-01 9.901190777805928267e-01 9.971724787935909440e-01 9.837925445705024696e-01 9.854419410745234309e-01 9.979942693409742382e-01 9.980824544582933555e-01 9.990272373540856066e-01
9.957431056820285065e-01 9.973394820858459964e-01 1.000000000000000000e+00 9.992151938471197647e-01 9.769522776572667766e-01 9.990506929941143088e-01 9.793767186067827701e-01 1.000000000000000000e+00 9.752344313536908116e-01 9.951523545706371099e-01 9.993567753001715293e-01 9.988754568456564842e-01 9.998038061604865856e-01 9.991508152173913526e-01 9.993215739484395677e-01 9.842460615153788561e-01 9.817839195979899403e-01 9.965324463944519318e-01 9.988370740783811819e-01 9.926817368677833819e-01 9.989653388515261634e-01 9.997623574144486325e-01 9.965585806056898033e-01 9.994659070678297841e-01 9.971225457007447668e-01 9.994763026970411302e-01 1.000000000000000000e+00 9.648711943793910617e-01 9.471208129469326220e-01 9.440789473684210176e-01 0.000000000000000000e+00 9.925679138903126253e-01 8.647114474929044059e-01 8.786453433678269587e-01 9.096980255516841085e-01 9.326463935662226978e-01 9.894644424934152527e-01 9.768565615462868612e-01 9.905003166561114902e-01 9.878804201454349787e-01 9.940758293838862780e-01 9.974059662775616175e-01
9.993902439024390238e-01 9.990281827016520566e-01 1.000000000000000000e+00 9.994889267461669613e-01 1.000000000000000000e+00 9.996014745441864635e-01 9.997468354430379955e-01 1.000000000000000000e+00 9.994676603673143811e-01 1.000000000000000000e+00 1.000000000000000000e+00 1.000000000000000000e+00 1.000000000000000000e+00 1.000000000000000000e+00 1.000000000000000000e+00 9.997964169381107213e-01 9.997705895847671664e-01 9.999268792044457843e-01 1.000000000000000000e+00 9.994725738396624815e-01 9.995852916781863273e-01 9.997300944669366141e-01 1.000000000000000000e+00 1.000000000000000000e+00 1.000000000000000000e+00 9.996985227615314828e-01 1.000000000000000000e+00 9.981613422201792707e-01 9.820071971211515871e-01 9.980889980889980917e-01 9.925679138903126253e-01 0.000000000000000000e+00 9.859201047806155360e-01 9.986966438579342187e-01 9.981515711645101430e-01 9.527272727272727559e-01 9.924863387978142271e-01 9.988623435722411292e-01 9.947585174092100635e-01 9.990774907749077061e-01 9.993081978554133604e-01 1.000000000000000000e+00
9.973799126637554746e-01 9.993770764119601635e-01 1.000000000000000000e+00 1.000000000000000000e+00 1.000000000000000000e+00 9.997939843428100826e-01 9.991705833563726546e-01 1.000000000000000000e+00 9.970743124634289245e-01 9.957567185289957212e-01 1.000000000000000000e+00 9.988986784140969633e-01 1.000000000000000000e+00 1.000000000000000000e+00 9.988848620016727020e-01 1.000000000000000000e+00 9.995033523714924595e-01 9.999250655676282795e-01 1.000000000000000000e+00 9.996267263904441425e-01 1.000000000000000000e+00 1.000000000000000000e+00 1.000000000000000000e+00 1.000000000000000000e+00 9.990169091624065967e-01 1.000000000000000000e+00 1.000000000000000000e+00 9.784428100431143971e-01 9.396436525612472668e-01 9.795232273838631043e-01 8.647114474929044059e-01 9.859201047806155360e-01 0.000000000000000000e+00 8.885285772192946796e-01 8.863896301944338418e-01 9.158195679796696798e-01 9.934665641813988923e-01 9.978001257071024144e-01 9.948761742100769023e-01 9.917241379310345328e-01 9.972602739726027510e-01 9.979757085020243279e-01
9.982456140350877138e-01 9.983288071861291524e-01 1.000000000000000000e+00 9.990930527843279174e-01 9.703285058283291908e-01 9.994835244292944454e-01 9.769559032716927938e-01 1.000000000000000000e+00 9.675462541704580310e-01 9.989880590973486685e-01 9.997373949579831942e-01 9.992595335061088546e-01 1.000000000000000000e+00 9.990059642147117724e-01 9.997195737521031855e-01 9.807692307692307265e-01 9.788373278939316302e-01 9.996245400615754173e-01 9.998709677419355124e-01 9.990620896642280480e-01 9.997093023255814170e-01 1.000000000000000000e+00 9.995921031163321757e-01 9.997899600924176067e-01 9.982206405693949680e-01 1.000000000000000000e+00 1.000000000000000000e+00 9.992501874531367623e-01 9.192334017796029988e-01 9.740018570102135786e-01 8.786453433678269587e-01 9.986966438579342187e-01 8.885285772192946796e-01 0.000000000000000000e+00 9.018195602729340843e-01 8.365945760384483343e-01 9.965197215777261697e-01 1.000000000000000000e+00 9.982803095442820407e-01 9.986187845303867716e-01 9.972342947451600104e-01 9.972546328071379973e-01
9.968300929839390978e-01 9.892298313350944561e-01 9.997463860005072478e-01 1.000000000000000000e+00 1.000000000000000000e+00 9.998986212489862080e-01 1.000000000000000000e+00 1.000000000000000000e+00 9.974818130945719563e-01 9.947038054138878094e-01 9.997491848507650269e-01 1.000000000000000000e+00 1.000000000000000000e+00 1.000000000000000000e+00 1.000000000000000000e+00 9.997888513513513153e-01 9.992824683090170135e-01 9.998518408771019939e-01 9.994953318193288139e-01 9.987291212781408412e-01 9.994331869066175322e-01 1.000000000000000000e+00 9.996784048882456641e-01 1.000000000000000000e+00 1.000000000000000000e+00 1.000000000000000000e+00 1.000000000000000000e+00 9.886363636363636465e-01 9.893092105263158187e-01 9.887120115774240547e-01 9.096980255516841085e-01 9.981515711645101430e-01 8.863896301944338418e-01 9.018195602729340843e-01 0.000000000000000000e+00 8.582400000000000029e-01 9.981942939689418814e-01 9.226804123711340733e-01 9.825628548256285510e-01 9.851680949241924390e-01 9.290500591249507556e-01 9.969418960244648131e-01
9.988534301547868921e-01 9.996339677891654674e-01 1.000000000000000000e+00 1.000000000000000000e+00 1.000000000000000000e+00 9.998068565910188665e-01 9.995310668229777651e-01 9.997214484679666224e-01 9.975399753997540309e-01 9.850018070112034341e-01 9.801957659913498322e-01 9.997035280166024496e-01 9.997963340122200115e-01 1.000000000000000000e+00 9.997639839509087079e-01 9.840683893530212112e-01 9.993580141236892977e-01 1.000000000000000000e+00 9.998812492578078581e-01 9.996669442131557171e-01 9.997351344192821898e-01 1.000000000000000000e+00 1.000000000000000000e+00 9.996317436936107415e-01 9.998256928708384450e-01 1.000000000000000000e+00 1.000000000000000000e+00 9.939746072735098359e-01 9.551777434312209714e-01 9.901190777805928267e-01 9.326463935662226978e-01 9.527272727272727559e-01 9.158195679796696798e-01 8.365945760384483343e-01 8.582400000000000029e-01 0.000000000000000000e+00 9.996937212863705735e-01 9.530567685589519389e-01 9.986653319986653621e-01 9.980359147025813504e-01 9.419716452357401737e-01 9.981203007518797410e-01
9.977452085682074756e-01 9.984994640943194444e-01 9.989004947773502119e-01 9.972118959107806324e-01 9.942363112391930935e-01 9.989532084162043857e-01 9.985582468281429813e-01 1.000000000000000000e+00 9.898399014778325178e-01 9.983385254413291721e-01 1.000000000000000000e+00 1.000000000000000000e+00 9.995139732685297540e-01 9.989810474831872789e-01 1.000000000000000000e+00 9.988713318284424547e-01 9.992266047950503216e-01 9.996210398666059982e-01 1.000000000000000000e+00 9.957618955885185752e-01 9.998520272269901810e-01 9.996901146575767338e-01 9.995055216746332460e-01 1.000000000000000000e+00 9.977701196026758090e-01 1.000000000000000000e+00 9.995848899958489353e-01 9.992264053635895316e-01 9.863796133567662716e-01 9.971724787935909440e-01 9.894644424934152527e-01 9.924863387978142271e-01 9.934665641813988923e-01 9.965197215777261697e-01 9.981942939689418814e-01 9.996937212863705735e-01 0.000000000000000000e+00 9.798792756539235205e-01 9.815413013382556784e-01 9.079826976012583817e-01 8.756983240223463749e-01 9.985029940119760639e-01
9.955938313639094428e-01 9.926979246733281803e-01 1.000000000000000000e+00 1.000000000000000000e+00 1.000000000000000000e+00 9.997038499506416542e-01 9.995050730017321916e-01 1.000000000000000000e+00 9.994803845154585087e-01 9.994434137291280384e-01 1.000000000000000000e+00 1.000000000000000000e+00 1.000000000000000000e+00 9.998175515416894976e-01 1.000000000000000000e+00 9.996002398560863700e-01 9.997753313862053348e-01 9.996367335077012140e-01 9.992675781250000000e-01 9.991346486673589045e-01 9.991806636624334104e-01 9.997366341848827886e-01 9.998426188227887978e-01 9.994237418363426384e-01 9.996371552975326091e-01 1.000000000000000000e+00 1.000000000000000000e+00 9.911604714415230832e-01 9.996140486298726868e-01 9.837925445705024696e-01 9.768565615462868612e-01 9.988623435722411292e-01 9.978001257071024144e-01 1.000000000000000000e+00 9.226804123711340733e-01 9.530567685589519389e-01 9.798792756539235205e-01 0.000000000000000000e+00 9.827838827838827340e-01 9.839101396478445727e-01 9.250990277277637563e-01 9.994756161510225390e-01
