0.000000000000000000e+00 6.604309347859371737e-01 7.578533657914653388e-01 9.631345017217284310e-01 7.375786558484471733e-01 9.128282331487026502e-01 7.589769876525128689e-01 8.753331029745010650e-01 9.146461713007575378e-01 8.066121244713996274e-01 8.395673784266730610e-01 9.636743705830148610e-01 9.685962853489336055e-01 8.640179266948947445e-01 9.667005655028445554e-01 8.101185324847638425e-01 7.792754510097328335e-01 9.324083677571319839e-01 9.345118107681217312e-01 8.986940331595663078e-01 9.785921710098502979e-01 9.539624012250487173e-01 9.325056715263261298e-01 9.753966084347438503e-01 9.619499464778058506e-01 9.711595118359978018e-01 1.000000000000000000e+00 8.522880622718986832e-01 8.510329378721361859e-01 8.361739758073116757e-01 9.347551203697064270e-01 9.753067600837602713e-01 9.488132113114668975e-01 9.581146091708304668e-01 9.436980727145076742e-01 9.661389627268586189e-01 9.525153558316737934e-01 9.336210226344927587e-01 9.845309439015133002e-01 9.615830875672101152e-01 9.662246959850093742e-01 1.000000000000000000e+00
6.604309347859371737e-01 0.000000000000000000e+00 8.627592655811845423e-01 9.526361322044734070e-01 8.816114701604819137e-01 7.975810005769379263e-01 8.957427929714626424e-01 8.834227136544876569e-01 9.270675042510527764e-01 7.471567528683877857e-01 8.473689258885241937e-01 9.617040098452631636e-01 7.498528607935843748e-01 7.000638637580414159e-01 7.374368762765914909e-01 6.242196515076426921e-01 8.720273257777521048e-01 8.149230545953104476e-01 8.005509068627292280e-01 7.546193355609509545e-01 9.788652458350586283e-01 9.667343611271319581e-01 8.216656591061755055e-01 9.790511783031679016e-01 9.526220630320865190e-01 9.859126981354068286e-01 1.000000000000000000e+00 8.753763179638456293e-01 8.903172824478250424e-01 9.146440732942361374e-01 9.484197914491037107e-01 9.688260156805724721e-01 9.750415627885103964e-01 9.591197747820427999e-01 8.962205768713975562e-01 9.808680317051654551e-01 9.612632486431734735e-01 9.145478184791530074e-01 9.601137982391266812e-01 9.682883059959738192e-01 9.583288114746552067e-01 9.762174252922752871e-01
7.578533657914653388e-01 8.627592655811845423e-01 0.000000000000000000e+00 8.404356133028719755e-01 8.165467349881261327e-01 9.516812352623215121e-01 8.357283339408411171e-01 7.677673854782474105e-01 9.632599500396213932e-01 8.690729695409687983e-01 8.919876550265356530e-01 8.837523612561807296e-01 8.669235712084827350e-01 9.250220490964635722e-01 9.583242881434587135e-01 9.131099363760722953e-01 8.789149941972704827e-01 9.270802620477373024e-01 9.455575874139500181e-01 9.693262116434301356e-01 9.805448943589759603e-01 8.436081182259265177e-01 9.288714080066395873e-01 1.000000000000000000e+00 9.819106348676894802e-01 1.000000000000000000e+00 1.000000000000000000e+00 9.601708984913304157e-01 9.677754503651445628e-01 8.565091933082338294e-01 1.000000000000000000e+00 1.000000000000000000e+00 1.000000000000000000e+00 1.000000000000000000e+00 9.840747370667617400e-01 1.000000000000000000e+00 9.668412119846064856e-01 1.000000000000000000e+00 9.578112897352147881e-01 9.724201325742654056e-01 1.000000000000000000e+00 9.800279413368646608e-01
9.631345017217284310e-01 9.526361322044734070e-01 8.404356133028719755e-01 0.000000000000000000e+00 9.237909838014739528e-01 7.364384927683512716e-01 8.733331939858353099e-01 8.244540991401272390e-01 9.598195867133939574e-01 9.297864477721683452e-01 9.239540543690654140e-01 7.377954732886410349e-01 8.053494419570679241e-01 8.071300047848917192e-01 8.384203681228652449e-01 9.452377001262811662e-01 9.017965534517927706e-01 7.951975792652598019e-01 8.164179716728287017e-01 9.182594685812803803e-01 7.774257530778685421e-01 7.976278768636571037e-01 7.900380769055700414e-01 9.800782055551887639e-01 7.075061667782595043e-01 8.875208682155688589e-01 8.863537084540535904e-01 9.828526629675703452e-01 9.717740023271299599e-01 9.556576262648103226e-01 9.719856081115395563e-01 9.773930706677564917e-01 1.000000000000000000e+00 9.698844356574204406e-01 1.000000000000000000e+00 1.000000000000000000e+00 9.471974992143428196e-01 1.000000000000000000e+00 9.860368420590416294e-01 9.675386263419402111e-01 9.664547869237638533e-01 9.846787146741026175e-01
7.375786558484471733e-01 8.816114701604819137e-01 8.165467349881261327e-01 9.237909838014739528e-01 0.000000000000000000e+00 8.425762151710767256e-01 5.613744997652942992e-01 9.641540218835507048e-01 7.753519542541944531e-01 8.842458865598067375e-01 9.386937480579169435e-01 9.678199748073210706e-01 9.524724706170909494e-01 9.661162926214151847e-01 9.568353302526269033e-01 8.611021796369442427e-01 6.680787284382160296e-01 9.512900918764659597e-01 9.887824401977322042e-01 9.767084676501450735e-01 9.881137538195516878e-01 9.832092766627256175e-01 9.508724548969524903e-01 1.000000000000000000e+00 8.129223855766681828e-01 8.173661201349581296e-01 1.000000000000000000e+00 9.845696650037908393e-01 8.660252002916946079e-01 8.483031216304094402e-01 8.481852367431507167e-01 1.000000000000000000e+00 1.000000000000000000e+00 8.277458442542799943e-01 1.000000000000000000e+00 1.000000000000000000e+00 9.240810381998876277e-01 1.000000000000000000e+00 1.000000000000000000e+00 8.582529484822850607e-01 9.531106883335596081e-01 1.000000000000000000e+00
9.128282331487026502e-01 7.975810005769379263e-01 9.516812352623215121e-01 7.364384927683512716e-01 8.425762151710767256e-01 0.000000000000000000e+00 7.861460355400800015e-01 7.834287107078005130e-01 9.193668913860133518e-01 9.043553927138037185e-01 9.429190163955006865e-01 9.308680914539402274e-01 7.750140611817779579e-01 7.545574851632436131e-01 7.503658015531851078e-01 7.868282925181010468e-01 9.065482850936522619e-01 6.836351013808721344e-01 7.345330015374278432e-01 7.874159437497781910e-01 8.322665472478802950e-01 8.848649142044576754e-01 6.851941815649380541e-01 9.452941325201300593e-01 6.988030644541072256e-01 7.314578886016200876e-01 7.680662671515676720e-01 9.606070713229125646e-01 9.693299278368598948e-01 9.672758151492920620e-01 9.691891738850496596e-01 9.800368976405596788e-01 9.856467544718992002e-01 9.772739011111561958e-01 9.899312984444970098e-01 9.861023955668191121e-01 9.676458413214673593e-01 9.827909892975121853e-01 9.450409586657507743e-01 9.211327260185078192e-01 9.748687655024982357e-01 9.711702151431141905e-01
7.589769876525128689e-01 8.957427929714626424e-01 8.357283339408411171e-01 8.733331939858353099e-01 5.613744997652942992e-01 7.861460355400800015e-01 0.000000000000000000e+00 9.675300714930216150e-01 8.068518663036383654e-01 8.945907446610540381e-01 9.613253765923118754e-01 8.537403008321002851e-01 9.580286147304558630e-01 9.709085908210645099e-01 9.218247954430900393e-01 8.747200444421614485e-01 7.021069902431673615e-01 9.382154265059341469e-01 9.352739887341383618e-01 9.491917536604980166e-01 9.606453715087270862e-01 9.564651234367773647e-01 9.381985605288284402e-01 9.811655708372355456e-01 7.434962154928792533e-01 8.315357978194417576e-01 9.757784742113898568e-01 1.000000000000000000e+00 8.681119583991639965e-01 8.596488561508437432e-01 8.563919173820038200e-01 9.840888543164854063e-01 9.712004054954359589e-01 8.481971781279832312e-01 1.000000000000000000e+00 9.783451350264594781e-01 9.620295750371822274e-01 9.777530451911333742e-01 9.694052710177445409e-01 8.729657194084968763e-01 9.828878473397517634e-01 9.707459740947587123e-01
8.753331029745010650e-01 8.834227136544876569e-01 7.677673854782474105e-01 8.244540991401272390e-01 9.641540218835507048e-01 7.834287107078005130e-01 9.675300714930216150e-01 0.000000000000000000e+00 1.000000000000000000e+00 9.758527355791852820e-01 1.000000000000000000e+00 9.678477090408562633e-01 9.787761820010995040e-01 9.760589183270711455e-01 9.674052611811050362e-01 8.823372810021817836e-01 8.598871723947982826e-01 9.772433220686485011e-01 9.703192589694965564e-01 1.000000000000000000e+00 9.881179499033413416e-01 9.709299050133094466e-01 9.780550784684527432e-01 9.754090099636154587e-01 9.862222875386301713e-01 9.691979448183151158e-01 1.000000000000000000e+00 1.000000000000000000e+00 9.798727966582302384e-01 9.622681804704386055e-01 1.000000000000000000e+00 1.000000000000000000e+00 1.000000000000000000e+00 1.000000000000000000e+00 1.000000000000000000e+00 9.833101368479718607e-01 1.000000000000000000e+00 1.000000000000000000e+00 1.000000000000000000e+00 1.000000000000000000e+00 1.000000000000000000e+00 9.574884849051148450e-01
9.146461713007575378e-01 9.270675042510527764e-01 9.632599500396213932e-01 9.598195867133939574e-01 7.753519542541944531e-01 9.193668913860133518e-01 8.068518663036383654e-01 1.000000000000000000e+00 0.000000000000000000e+00 8.279067469324520312e-01 8.240360754237006091e-01 9.403891804491711914e-01 8.748197176357893623e-01 9.649991249671860949e-01 9.490773483162689983e-01 8.570594855904687392e-01 7.447197049036357042e-01 9.776401187779290014e-01 9.782209493205066275e-01 9.452459925444260946e-01 9.800861073712376914e-01 1.000000000000000000e+00 9.767432876009568554e-01 1.000000000000000000e+00 8.890160463269503044e-01 1.000000000000000000e+00 1.000000000000000000e+00 9.537749836478975896e-01 8.296114497258805232e-01 8.562527728750135569e-01 8.426292001472026616e-01 9.769275135131547660e-01 9.459103749636670333e-01 8.198507678907789309e-01 9.498184605115777002e-01 9.504013649356557458e-01 8.992026859377320047e-01 9.772049241163482947e-01 9.635579741460498227e-01 6.885974455258803140e-01 9.115978384346403729e-01 9.784133554111826836e-01
8.066121244713996274e-01 7.471567528683877857e-01 8.690729695409687983e-01 9.297864477721683452e-01 8.842458865598067375e-01 9.043553927138037185e-01 8.945907446610540381e-01 9.758527355791852820e-01 8.279067469324520312e-01 0.000000000000000000e+00 6.422437469144339772e-01 9.411824561928716637e-01 9.135324597665765989e-01 7.986435682491124233e-01 9.584234625036968103e-01 6.761916619486167956e-01 7.787006334704311694e-01 9.228533162319614291e-01 9.625177747427420272e-01 1.000000000000000000e+00 9.851815258508537232e-01 9.447147893848165667e-01 9.567946352888555550e-01 1.000000000000000000e+00 9.044495238914216362e-01 9.224903106832152977e-01 9.217153469847527703e-01 9.328195171260675878e-01 9.259339465067597530e-01 1.000000000000000000e+00 9.303749654983002326e-01 1.000000000000000000e+00 9.348595250938078749e-01 9.681889814270072669e-01 9.272250414901375137e-01 8.775328901753759459e-01 9.592388106322837782e-01 9.764079193187208405e-01 1.000000000000000000e+00 8.717349127527637132e-01 9.616477217453660575e-01 1.000000000000000000e+00
8.395673784266730610e-01 8.473689258885241937e-01 8.919876550265356530e-01 9.239540543690654140e-01 9.386937480579169435e-01 9.429190163955006865e-01 9.613253765923118754e-01 1.000000000000000000e+00 8.240360754237006091e-01 6.422437469144339772e-01 0.000000000000000000e+00 8.856141960314449779e-01 7.920371853199996703e-01 8.240283979949659665e-01 9.023465607795054799e-01 7.925857298346079549e-01 7.728680134120089473e-01 9.459393640215314480e-01 9.680796871283280369e-01 9.875253135239147051e-01 9.888000430077522607e-01 9.849941841193009529e-01 9.465798743658384584e-01 9.869278253595999972e-01 9.662653540528295393e-01 1.000000000000000000e+00 1.000000000000000000e+00 9.859889549430267408e-01 9.428092078191151471e-01 9.849329911409352434e-01 9.746381250726908752e-01 1.000000000000000000e+00 1.000000000000000000e+00 9.837949069111958655e-01 9.841628553951473624e-01 8.592724831148856879e-01 1.000000000000000000e+00 1.000000000000000000e+00 1.000000000000000000e+00 9.683257107902947247e-01 9.765176682107884476e-01 9.802009309303419959e-01
9.636743705830148610e-01 9.617040098452631636e-01 8.837523612561807296e-01 7.377954732886410349e-01 9.678199748073210706e-01 9.308680914539402274e-01 8.537403008321002851e-01 9.678477090408562633e-01 9.403891804491711914e-01 9.411824561928716637e-01 8.856141960314449779e-01 0.000000000000000000e+00 8.380348997190709692e-01 8.976916976591914343e-01 8.541350085021054417e-01 9.302419893584844557e-01 8.981060586448720295e-01 9.392062360781585628e-01 9.419289759073433688e-01 1.000000000000000000e+00 9.829315247377339304e-01 8.926587934339905717e-01 9.420454609340630503e-01 1.000000000000000000e+00 8.094542251644180064e-01 1.000000000000000000e+00 1.000000000000000000e+00 9.841648411195116353e-01 9.708827049409505250e-01 9.371114148628409968e-01 9.664657912819827335e-01 1.000000000000000000e+00 9.668138344200013501e-01 9.727884860051640992e-01 1.000000000000000000e+00 9.827816381906533394e-01 1.000000000000000000e+00 1.000000000000000000e+00 1.000000000000000000e+00 1.000000000000000000e+00 9.800874234266617746e-01 1.000000000000000000e+00
9.685962853489336055e-01 7.498528607935843748e-01 8.669235712084827350e-01 8.053494419570679241e-01 9.524724706170909494e-01 7.750140611817779579e-01 9.580286147304558630e-01 9.787761820010995040e-01 8.748197176357893623e-01 9.135324597665765989e-01 7.920371853199996703e-01 8.380348997190709692e-01 0.000000000000000000e+00 6.288188256821636291e-01 5.761513727928919693e-01 7.410771021306399309e-01 9.353565233780898325e-01 8.070127517633045588e-01 8.052054172137366184e-01 7.653152687605708770e-01 8.864384415740640399e-01 9.444330097308201166e-01 8.002339932490296626e-01 1.000000000000000000e+00 8.643807493615293103e-01 1.000000000000000000e+00 9.842942699755978797e-01 9.865465441200736985e-01 9.781016064072330929e-01 9.501297019045970016e-01 9.859930788710209448e-01 1.000000000000000000e+00 1.000000000000000000e+00 1.000000000000000000e+00 1.000000000000000000e+00 9.857288406995072805e-01 9.779539860412311825e-01 1.000000000000000000e+00 1.000000000000000000e+00 9.739445470979015695e-01 1.000000000000000000e+00 1.000000000000000000e+00
8.640179266948947445e-01 7.000638637580414159e-01 9.250220490964635722e-01 8.071300047848917192e-01 9.661162926214151847e-01 7.545574851632436131e-01 9.709085908210645099e-01 9.760589183270711455e-01 9.649991249671860949e-01 7.986435682491124233e-01 8.240283979949659665e-01 8.976916976591914343e-01 6.288188256821636291e-01 0.000000000000000000e+00 5.792442429610542565e-01 6.796153074146906725e-01 7.664503167515430704e-01 7.347492705191742690e-01 7.973906133949321129e-01 7.723727089794104606e-01 8.321731080747438725e-01 9.047131706535821438e-01 7.364401375950222484e-01 8.098595366984099320e-01 7.889058071850301168e-01 9.183114333236072069e-01 8.704952183523647635e-01 9.691760034251623024e-01 9.684828539482680521e-01 1.000000000000000000e+00 9.708592247424902011e-01 1.000000000000000000e+00 1.000000000000000000e+00 9.684716669440284198e-01 1.000000000000000000e+00 1.000000000000000000e+00 9.680789643524412291e-01 9.864926516921148636e-01 9.792498070871534788e-01 1.000000000000000000e+00 9.678919350466032023e-01 9.769856345525419483e-01
9.667005655028445554e-01 7.374368762765914909e-01 9.583242881434587135e-01 8.384203681228652449e-01 9.568353302526269033e-01 7.503658015531851078e-01 9.218247954430900393e-01 9.674052611811050362e-01 9.490773483162689983e-01 9.584234625036968103e-01 9.023465607795054799e-01 8.541350085021054417e-01 5.761513727928919693e-01 5.792442429610542565e-01 0.000000000000000000e+00 7.317339136217294593e-01 8.564536629408641133e-01 8.001982342955131777e-01 7.971152356560365915e-01 7.517655892278762852e-01 8.809720598712769135e-01 9.536593176531438232e-01 7.949613481213708699e-01 1.000000000000000000e+00 7.984231030534854057e-01 9.637595514970309640e-01 8.690692658584046049e-01 9.796951698708942224e-01 9.732308192843384109e-01 9.845012456623218888e-01 9.739533869464688243e-01 1.000000000000000000e+00 9.666063179878694456e-01 9.832540677208820856e-01 1.000000000000000000e+00 9.846371861597121855e-01 1.000000000000000000e+00 1.000000000000000000e+00 9.749096690168339574e-01 1.000000000000000000e+00 9.756927593137675325e-01 9.791892355535141146e-01
8.101185324847638425e-01 6.242196515076426921e-01 9.131099363760722953e-01 9.452377001262811662e-01 8.611021796369442427e-01 7.868282925181010468e-01 8.747200444421614485e-01 8.823372810021817836e-01 8.570594855904687392e-01 6.761916619486167956e-01 7.925857298346079549e-01 9.302419893584844557e-01 7.410771021306399309e-01 6.796153074146906725e-01 7.317339136217294593e-01 0.000000000000000000e+00 8.274471412093828970e-01 8.168666269877649100e-01 8.008146673372572577e-01 7.522471948738769232e-01 9.661201821590941208e-01 9.722302562868234688e-01 8.239420042519990384e-01 9.825922344044302204e-01 9.120641664291788686e-01 9.168240479843441371e-01 9.182939734793239550e-01 9.607263898725599827e-01 8.763776128806037846e-01 8.728622576910518571e-01 8.744853057023953546e-01 9.857317463616163122e-01 1.000000000000000000e+00 8.613249509436926576e-01 9.854690451570226051e-01 8.737795157394061540e-01 9.664043429658302209e-01 9.800059973013492964e-01 9.731682575182372119e-01 9.748343046405250067e-01 9.661861000359351914e-01 9.825922344044302204e-01
7.792754510097328335e-01 8.720273257777521048e-01 8.789149941972704827e-01 9.017965534517927706e-01 6.680787284382160296e-01 9.065482850936522619e-01 7.021069902431673615e-01 8.598871723947982826e-01 7.447197049036357042e-01 7.787006334704311694e-01 7.728680134120089473e-01 8.981060586448720295e-01 9.353565233780898325e-01 7.664503167515430704e-01 8.564536629408641133e-01 8.274471412093828970e-01 0.000000000000000000e+00 8.612330667142578111e-01 9.620468286793264490e-01 9.436009371834972459e-01 9.707146293671288229e-01 9.853147463564949637e-01 8.560707434705423502e-01 7.980651062653129069e-01 8.648362816091879068e-01 1.000000000000000000e+00 8.848366400737803783e-01 9.692445969544145612e-01 8.775427107106961166e-01 8.636464247745603284e-01 8.650330395911278725e-01 9.848536996189547477e-01 9.777144076024986141e-01 8.545260432033681131e-01 9.732132179800742078e-01 9.746625597916694916e-01 9.721900160922425371e-01 9.850110502771324272e-01 9.833702473690565382e-01 8.613249509436926576e-01 9.275000566405586788e-01 9.730123709924998199e-01
9.324083677571319839e-01 8.149230545953104476e-01 9.270802620477373024e-01 7.951975792652598019e-01 9.512900918764659597e-01 6.836351013808721344e-01 9.382154265059341469e-01 9.772433220686485011e-01 9.776401187779290014e-01 9.228533162319614291e-01 9.459393640215314480e-01 9.392062360781585628e-01 8.070127517633045588e-01 7.347492705191742690e-01 8.001982342955131777e-01 8.168666269877649100e-01 8.612330667142578111e-01 0.000000000000000000e+00 6.033717137193416180e-01 6.781733112172800837e-01 6.452081205796006413e-01 8.242776808243964526e-01 4.534244632238197958e-01 7.088188785924260937e-01 8.739750950179201450e-01 9.225001375382141378e-01 9.413722457744098104e-01 8.317801964844655505e-01 9.757717609827851746e-01 9.111583921707855360e-01 9.411140627522318614e-01 9.914489301514807229e-01 9.913435323386686759e-01 9.806232113490245261e-01 9.878279367854914117e-01 1.000000000000000000e+00 9.805331015979954490e-01 9.809404487907309456e-01 9.803346113235666959e-01 9.878292891117484986e-01 9.804909149423438608e-01 9.871238112616569360e-01
9.345118107681217312e-01 8.005509068627292280e-01 9.455575874139500181e-01 8.164179716728287017e-01 9.887824401977322042e-01 7.345330015374278432e-01 9.352739887341383618e-01 9.703192589694965564e-01 9.782209493205066275e-01 9.625177747427420272e-01 9.680796871283280369e-01 9.419289759073433688e-01 8.052054172137366184e-01 7.973906133949321129e-01 7.971152356560365915e-01 8.008146673372572577e-01 9.620468286793264490e-01 6.033717137193416180e-01 0.000000000000000000e+00 6.714919901208493691e-01 6.517095608520351302e-01 8.401070694637376990e-01 6.010367970730560172e-01 6.879807080658324470e-01 9.323590847522300606e-01 9.366116622228688460e-01 9.695689563257673393e-01 9.189344739462670386e-01 9.856909048241964122e-01 9.149154406523589689e-01 9.658983003118789545e-01 1.000000000000000000e+00 1.000000000000000000e+00 9.886407633150586793e-01 9.775351790420843123e-01 9.891027185870906457e-01 1.000000000000000000e+00 9.729367061317363286e-01 9.670197719038311490e-01 9.841199808105731694e-01 1.000000000000000000e+00 9.875898423484223976e-01
8.986940331595663078e-01 7.546193355609509545e-01 9.693262116434301356e-01 9.182594685812803803e-01 9.767084676501450735e-01 7.874159437497781910e-01 9.491917536604980166e-01 1.000000000000000000e+00 9.452459925444260946e-01 1.000000000000000000e+00 9.875253135239147051e-01 1.000000000000000000e+00 7.653152687605708770e-01 7.723727089794104606e-01 7.517655892278762852e-01 7.522471948738769232e-01 9.436009371834972459e-01 6.781733112172800837e-01 6.714919901208493691e-01 0.000000000000000000e+00 6.471168534039700715e-01 9.053492952157271567e-01 6.682992888486547489e-01 6.137685772393079997e-01 9.174619810972455269e-01 9.621121054506537318e-01 9.658506111618744283e-01 8.922496236705201866e-01 9.439916614422654284e-01 8.538966566047083706e-01 9.144531524121629618e-01 9.770342393912687662e-01 9.806797098998021323e-01 9.693746781931699141e-01 9.643506140044584285e-01 9.817501839230008409e-01 9.348992748774530570e-01 9.705831454325746233e-01 9.052779458800395140e-01 9.412192746902555696e-01 9.860720991908136224e-01 9.778514835271634453e-01
9.785921710098502979e-01 9.788652458350586283e-01 9.805448943589759603e-01 7.774257530778685421e-01 9.881137538195516878e-01 8.322665472478802950e-01 9.606453715087270862e-01 9.881179499033413416e-01 9.800861073712376914e-01 9.851815258508537232e-01 9.888000430077522607e-01 9.829315247377339304e-01 8.864384415740640399e-01 8.321731080747438725e-01 8.809720598712769135e-01 9.661201821590941208e-01 9.707146293671288229e-01 6.452081205796006413e-01 6.517095608520351302e-01 6.471168534039700715e-01 0.000000000000000000e+00 9.346061184149169199e-01 6.350216977025855414e-01 5.917783898152534361e-01 7.715144842379968448e-01 8.996886931764719320e-01 8.972242783958195300e-01 8.784086957356542769e-01 9.700069350944817703e-01 9.063666875813052304e-01 9.678338508914436922e-01 9.796356114303998996e-01 1.000000000000000000e+00 9.829501415132381181e-01 9.761921631939720623e-01 9.837253085830242050e-01 9.878355940132793611e-01 9.713759482678190338e-01 9.751739487690319619e-01 9.761972220537110667e-01 1.000000000000000000e+00 9.811404660642455422e-01
9.539624012250487173e-01 9.667343611271319581e-01 8.436081182259265177e-01 7.976278768636571037e-01 9.832092766627256175e-01 8.848649142044576754e-01 9.564651234367773647e-01 9.709299050133094466e-01 1.000000000000000000e+00 9.447147893848165667e-01 9.849941841193009529e-01 8.926587934339905717e-01 9.444330097308201166e-01 9.047131706535821438e-01 9.536593176531438232e-01 9.722302562868234688e-01 9.853147463564949637e-01 8.242776808243964526e-01 8.401070694637376990e-01 9.053492952157271567e-01 9.346061184149169199e-01 0.000000000000000000e+00 8.245778810111190626e-01 8.373778412563046558e-01 9.649346298152498003e-01 9.421362437642155641e-01 9.748581772422865166e-01 9.393398509756719639e-01 1.000000000000000000e+00 9.362099067890503612e-01 9.845843396005448112e-01 9.835711980636618890e-01 1.000000000000000000e+00 1.000000000000000000e+00 1.000000000000000000e+00 1.000000000000000000e+00 9.823964394958490942e-01 9.837714506157452243e-01 9.681642730016493115e-01 9.762005928358488127e-01 9.822388791668652530e-01 9.781417501506013412e-01
9.325056715263261298e-01 8.216656591061755055e-01 9.288714080066395873e-01 7.900380769055700414e-01 9.508724548969524903e-01 6.851941815649380541e-01 9.381985605288284402e-01 9.780550784684527432e-01 9.767432876009568554e-01 9.567946352888555550e-01 9.465798743658384584e-01 9.420454609340630503e-01 8.002339932490296626e-01 7.364401375950222484e-01 7.949613481213708699e-01 8.239420042519990384e-01 8.560707434705423502e-01 4.534244632238197958e-01 6.010367970730560172e-01 6.682992888486547489e-01 6.350216977025855414e-01 8.245778810111190626e-01 0.000000000000000000e+00 6.975585056715791765e-01 8.713233759484950713e-01 9.233806373098613074e-01 9.402261567321356095e-01 8.287556656509597053e-01 9.735297781320233490e-01 9.092692672986333324e-01 9.413363878174025867e-01 1.000000000000000000e+00 1.000000000000000000e+00 9.798035427941480524e-01 9.820669268736699209e-01 1.000000000000000000e+00 9.777631313947593439e-01 9.874548345084169787e-01 9.775162597015590871e-01 9.820690891782688503e-01 9.796536041567089903e-01 9.904675403295173375e-01
9.753966084347438503e-01 9.790511783031679016e-01 1.000000000000000000e+00 9.800782055551887639e-01 1.000000000000000000e+00 9.452941325201300593e-01 9.811655708372355456e-01 9.754090099636154587e-01 1.000000000000000000e+00 1.000000000000000000e+00 9.869278253595999972e-01 1.000000000000000000e+00 1.000000000000000000e+00 8.098595366984099320e-01 1.000000000000000000e+00 9.825922344044302204e-01 7.980651062653129069e-01 7.088188785924260937e-01 6.879807080658324470e-01 6.137685772393079997e-01 5.917783898152534361e-01 8.373778412563046558e-01 6.975585056715791765e-01 0.000000000000000000e+00 9.832270002417869970e-01 9.755148946562803847e-01 9.852171901002729770e-01 9.613954281758908538e-01 9.828235985927022966e-01 8.953991786639123873e-01 9.768895492867361030e-01 1.000000000000000000e+00 1.000000000000000000e+00 9.855072463768116409e-01 1.000000000000000000e+00 9.808099946224799748e-01 1.000000000000000000e+00 9.759946221929893806e-01 9.848779642191947126e-01 1.000000000000000000e+00 9.791030810235713533e-01 9.831065655400128556e-01
9.619499464778058506e-01 9.526220630320865190e-01 9.819106348676894802e-01 7.075061667782595043e-01 8.129223855766681828e-01 6.988030644541072256e-01 7.434962154928792533e-01 9.862222875386301713e-01 8.890160463269503044e-01 9.044495238914216362e-01 9.662653540528295393e-01 8.094542251644180064e-01 8.643807493615293103e-01 7.889058071850301168e-01 7.984231030534854057e-01 9.120641664291788686e-01 8.648362816091879068e-01 8.739750950179201450e-01 9.323590847522300606e-01 9.174619810972455269e-01 7.715144842379968448e-01 9.649346298152498003e-01 8.713233759484950713e-01 9.832270002417869970e-01 0.000000000000000000e+00 7.527619608102888993e-01 7.864115004985111623e-01 9.748997913222726686e-01 8.732733251085204040e-01 9.579445680534844909e-01 9.463580919499012811e-01 1.000000000000000000e+00 9.686457205856457975e-01 9.578175459390402269e-01 1.000000000000000000e+00 9.867974574735931537e-01 9.527783905682563059e-01 9.809515170560134667e-01 9.746706890171207283e-01 8.915661360425761739e-01 9.679973372676864418e-01 1.000000000000000000e+00
9.711595118359978018e-01 9.859126981354068286e-01 1.000000000000000000e+00 8.875208682155688589e-01 8.173661201349581296e-01 7.314578886016200876e-01 8.315357978194417576e-01 9.691979448183151158e-01 1.000000000000000000e+00 9.224903106832152977e-01 1.000000000000000000e+00 1.000000000000000000e+00 1.000000000000000000e+00 9.183114333236072069e-01 9.637595514970309640e-01 9.168240479843441371e-01 1.000000000000000000e+00 9.225001375382141378e-01 9.366116622228688460e-01 9.621121054506537318e-01 8.996886931764719320e-01 9.421362437642155641e-01 9.233806373098613074e-01 9.755148946562803847e-01 7.527619608102888993e-01 0.000000000000000000e+00 5.275069632798708996e-01 9.846570897016946322e-01 9.799598795985949851e-01 9.832376074871878036e-01 9.771155663614130571e-01 9.826369000904650042e-01 1.000000000000000000e+00 1.000000000000000000e+00 1.000000000000000000e+00 1.000000000000000000e+00 1.000000000000000000e+00 1.000000000000000000e+00 1.000000000000000000e+00 1.000000000000000000e+00 1.000000000000000000e+00 1.000000000000000000e+00
1.000000000000000000e+00 1.000000000000000000e+00 1.000000000000000000e+00 8.863537084540535904e-01 1.000000000000000000e+00 7.680662671515676720e-01 9.757784742113898568e-01 1.000000000000000000e+00 1.000000000000000000e+00 9.217153469847527703e-01 1.000000000000000000e+00 1.000000000000000000e+00 9.842942699755978797e-01 8.704952183523647635e-01 8.690692658584046049e-01 9.182939734793239550e-01 8.848366400737803783e-01 9.413722457744098104e-01 9.695689563257673393e-01 9.658506111618744283e-01 8.972242783958195300e-01 9.748581772422865166e-01 9.402261567321356095e-01 9.852171901002729770e-01 7.864115004985111623e-01 5.275069632798708996e-01 0.000000000000000000e+00 1.000000000000000000e+00 9.790343032655616229e-01 1.000000000000000000e+00 1.000000000000000000e+00 1.000000000000000000e+00 1.000000000000000000e+00 1.000000000000000000e+00 1.000000000000000000e+00 1.000000000000000000e+00 9.796257514457318294e-01 1.000000000000000000e+00 1.000000000000000000e+00 1.000000000000000000e+00 1.000000000000000000e+00 1.000000000000000000e+00
8.522880622718986832e-01 8.753763179638456293e-01 9.601708984913304157e-01 9.828526629675703452e-01 9.845696650037908393e-01 9.606070713229125646e-01 1.000000000000000000e+00 1.000000000000000000e+00 9.537749836478975896e-01 9.328195171260675878e-01 9.859889549430267408e-01 9.841648411195116353e-01 9.865465441200736985e-01 9.691760034251623024e-01 9.796951698708942224e-01 9.607263898725599827e-01 9.692445969544145612e-01 8.317801964844655505e-01 9.189344739462670386e-01 8.922496236705201866e-01 8.784086957356542769e-01 9.393398509756719639e-01 8.287556656509597053e-01 9.613954281758908538e-01 9.748997913222726686e-01 9.846570897016946322e-01 1.000000000000000000e+00 0.000000000000000000e+00 8.195192810788916038e-01 7.868235068696401990e-01 8.125731993000763209e-01 9.571204270098134792e-01 8.531763303929315034e-01 9.726172947489973852e-01 8.933996418221947788e-01 9.223765967862126436e-01 9.721864307142984440e-01 9.059812329453481583e-01 9.399325016545563294e-01 9.122308801917701215e-01 9.719797433725024804e-01 9.730074556607027914e-01
8.510329378721361859e-01 8.903172824478250424e-01 9.677754503651445628e-01 9.717740023271299599e-01 8.660252002916946079e-01 9.693299278368598948e-01 8.681119583991639965e-01 9.798727966582302384e-01 8.296114497258805232e-01 9.259339465067597530e-01 9.428092078191151471e-01 9.708827049409505250e-01 9.781016064072330929e-01 9.684828539482680521e-01 9.732308192843384109e-01 8.763776128806037846e-01 8.775427107106961166e-01 9.757717609827851746e-01 9.856909048241964122e-01 9.439916614422654284e-01 9.700069350944817703e-01 1.000000000000000000e+00 9.735297781320233490e-01 9.828235985927022966e-01 8.732733251085204040e-01 9.799598795985949851e-01 9.790343032655616229e-01 8.195192810788916038e-01 0.000000000000000000e+00 8.125828988485904736e-01 7.700452499880305890e-01 8.658627461185802732e-01 7.543247113795268355e-01 7.158053515275191181e-01 8.966037260164361200e-01 7.882873254413449438e-01 8.832935878229746240e-01 9.803543549322664141e-01 9.411696846933736982e-01 9.229904528798651420e-01 9.636903378934201791e-01 9.620678379094559363e-01
8.361739758073116757e-01 9.146440732942361374e-01 8.565091933082338294e-01 9.556576262648103226e-01 8.483031216304094402e-01 9.672758151492920620e-01 8.596488561508437432e-01 9.622681804704386055e-01 8.562527728750135569e-01 1.000000000000000000e+00 9.849329911409352434e-01 9.371114148628409968e-01 9.501297019045970016e-01 1.000000000000000000e+00 9.845012456623218888e-01 8.728622576910518571e-01 8.636464247745603284e-01 9.111583921707855360e-01 9.149154406523589689e-01 8.538966566047083706e-01 9.063666875813052304e-01 9.362099067890503612e-01 9.092692672986333324e-01 8.953991786639123873e-01 9.579445680534844909e-01 9.832376074871878036e-01 1.000000000000000000e+00 7.868235068696401990e-01 8.125828988485904736e-01 0.000000000000000000e+00 7.635236742682707245e-01 9.562849921537017739e-01 8.569029258994548259e-01 8.387606034810770606e-01 8.937550546022260400e-01 9.005971719748017135e-01 9.468255587108895810e-01 8.726914950622011169e-01 8.793432184853391398e-01 9.552146155646087378e-01 9.562102119015560842e-01 9.688108569224097577e-01
9.347551203697064270e-01 9.484197914491037107e-01 1.000000000000000000e+00 9.719856081115395563e-01 8.481852367431507167e-01 9.691891738850496596e-01 8.563919173820038200e-01 1.000000000000000000e+00 8.426292001472026616e-01 9.303749654983002326e-01 9.746381250726908752e-01 9.664657912819827335e-01 9.859930788710209448e-01 9.708592247424902011e-01 9.739533869464688243e-01 8.744853057023953546e-01 8.650330395911278725e-01 9.411140627522318614e-01 9.658983003118789545e-01 9.144531524121629618e-01 9.678338508914436922e-01 9.845843396005448112e-01 9.413363878174025867e-01 9.768895492867361030e-01 9.463580919499012811e-01 9.771155663614130571e-01 1.000000000000000000e+00 8.125731993000763209e-01 7.700452499880305890e-01 7.635236742682707245e-01 0.000000000000000000e+00 9.137904523287162517e-01 6.321840779586946901e-01 6.516400473186203524e-01 6.994971307153359241e-01 7.404742663361159050e-01 8.973571361146586156e-01 8.478703235600852928e-01 9.025336809770240221e-01 8.899110366359777036e-01 9.230313660241150631e-01 9.490683426301638193e-01
9.753067600837602713e-01 9.688260156805724721e-01 1.000000000000000000e+00 9.773930706677564917e-01 1.000000000000000000e+00 9.800368976405596788e-01 9.840888543164854063e-01 1.000000000000000000e+00 9.769275135131547660e-01 1.000000000000000000e+00 1.000000000000000000e+00 1.000000000000000000e+00 1.000000000000000000e+00 1.000000000000000000e+00 1.000000000000000000e+00 9.857317463616163122e-01 9.848536996189547477e-01 9.914489301514807229e-01 1.000000000000000000e+00 9.770342393912687662e-01 9.796356114303998996e-01 9.835711980636618890e-01 1.000000000000000000e+00 1.000000000000000000e+00 1.000000000000000000e+00 9.826369000904650042e-01 1.000000000000000000e+00 9.571204270098134792e-01 8.658627461185802732e-01 9.562849921537017739e-01 9.137904523287162517e-01 0.000000000000000000e+00 8.813412657265197181e-01 9.638979759284078686e-01 9.570066419607652364e-01 7.825770773981564066e-01 9.133186225179491524e-01 9.662708371322558110e-01 9.276019158348097760e-01 9.696271630384606377e-01 9.736978680600478775e-01 1.000000000000000000e+00
9.488132113114668975e-01 9.750415627885103964e-01 1.000000000000000000e+00 1.000000000000000000e+00 1.000000000000000000e+00 9.856467544718992002e-01 9.712004054954359589e-01 1.000000000000000000e+00 9.459103749636670333e-01 9.348595250938078749e-01 1.000000000000000000e+00 9.668138344200013501e-01 1.000000000000000000e+00 1.000000000000000000e+00 9.666063179878694456e-01 1.000000000000000000e+00 9.777144076024986141e-01 9.913435323386686759e-01 1.000000000000000000e+00 9.806797098998021323e-01 1.000000000000000000e+00 1.000000000000000000e+00 1.000000000000000000e+00 1.000000000000000000e+00 9.686457205856457975e-01 1.000000000000000000e+00 1.000000000000000000e+00 8.531763303929315034e-01 7.543247113795268355e-01 8.569029258994548259e-01 6.321840779586946901e-01 8.813412657265197181e-01 0.000000000000000000e+00 6.661266366109669379e-01 6.629386260551853871e-01 7.098613572439369523e-01 9.191703283527572488e-01 9.530971824631232492e-01 9.284190961923283192e-01 9.090282347705316290e-01 9.476576077409786247e-01 9.550078729334152694e-01
9.581146091708304668e-01 9.591197747820427999e-01 1.000000000000000000e+00 9.698844356574204406e-01 8.277458442542799943e-01 9.772739011111561958e-01 8.481971781279832312e-01 1.000000000000000000e+00 8.198507678907789309e-01 9.681889814270072669e-01 9.837949069111958655e-01 9.727884860051640992e-01 1.000000000000000000e+00 9.684716669440284198e-01 9.832540677208820856e-01 8.613249509436926576e-01 8.545260432033681131e-01 9.806232113490245261e-01 9.886407633150586793e-01 9.693746781931699141e-01 9.829501415132381181e-01 1.000000000000000000e+00 9.798035427941480524e-01 9.855072463768116409e-01 9.578175459390402269e-01 1.000000000000000000e+00 1.000000000000000000e+00 9.726172947489973852e-01 7.158053515275191181e-01 8.387606034810770606e-01 6.516400473186203524e-01 9.638979759284078686e-01 6.661266366109669379e-01 0.000000000000000000e+00 6.866624189040422266e-01 5.957656323844400248e-01 9.410061153824077484e-01 1.000000000000000000e+00 9.585308493489681503e-01 9.628352926876416751e-01 9.474100270503968968e-01 9.476037482937753609e-01
9.436980727145076742e-01 8.962205768713975562e-01 9.840747370667617400e-01 1.000000000000000000e+00 1.000000000000000000e+00 9.899312984444970098e-01 1.000000000000000000e+00 1.000000000000000000e+00 9.498184605115777002e-01 9.272250414901375137e-01 9.841628553951473624e-01 1.000000000000000000e+00 1.000000000000000000e+00 1.000000000000000000e+00 1.000000000000000000e+00 9.854690451570226051e-01 9.732132179800742078e-01 9.878279367854914117e-01 9.775351790420843123e-01 9.643506140044584285e-01 9.761921631939720623e-01 1.000000000000000000e+00 9.820669268736699209e-01 1.000000000000000000e+00 1.000000000000000000e+00 1.000000000000000000e+00 1.000000000000000000e+00 8.933996418221947788e-01 8.966037260164361200e-01 8.937550546022260400e-01 6.994971307153359241e-01 9.570066419607652364e-01 6.629386260551853871e-01 6.866624189040422266e-01 0.000000000000000000e+00 6.234897079759970095e-01 9.575064001165100036e-01 7.219360008399757778e-01 8.679502170604909139e-01 8.782136909344588904e-01 7.336356989477582635e-01 9.446998736390669338e-01
9.661389627268586189e-01 9.808680317051654551e-01 1.000000000000000000e+00 1.000000000000000000e+00 1.000000000000000000e+00 9.861023955668191121e-01 9.783451350264594781e-01 9.833101368479718607e-01 9.504013649356557458e-01 8.775328901753759459e-01 8.592724831148856879e-01 9.827816381906533394e-01 9.857288406995072805e-01 1.000000000000000000e+00 9.846371861597121855e-01 8.737795157394061540e-01 9.746625597916694916e-01 1.000000000000000000e+00 9.891027185870906457e-01 9.817501839230008409e-01 9.837253085830242050e-01 1.000000000000000000e+00 1.000000000000000000e+00 9.808099946224799748e-01 9.867974574735931537e-01 1.000000000000000000e+00 1.000000000000000000e+00 9.223765967862126436e-01 7.882873254413449438e-01 9.005971719748017135e-01 7.404742663361159050e-01 7.825770773981564066e-01 7.098613572439369523e-01 5.957656323844400248e-01 6.234897079759970095e-01 0.000000000000000000e+00 9.824991796298172542e-01 7.833361325900231042e-01 9.634668917099206142e-01 9.556819980434740902e-01 7.591092472421163695e-01 9.566445015237939886e-01
9.525153558316737934e-01 9.612632486431734735e-01 9.668412119846064856e-01 9.471974992143428196e-01 9.240810381998876277e-01 9.676458413214673593e-01 9.620295750371822274e-01 1.000000000000000000e+00 8.992026859377320047e-01 9.592388106322837782e-01 1.000000000000000000e+00 1.000000000000000000e+00 9.779539860412311825e-01 9.680789643524412291e-01 1.000000000000000000e+00 9.664043429658302209e-01 9.721900160922425371e-01 9.805331015979954490e-01 1.000000000000000000e+00 9.348992748774530570e-01 9.878355940132793611e-01 9.823964394958490942e-01 9.777631313947593439e-01 1.000000000000000000e+00 9.527783905682563059e-01 1.000000000000000000e+00 9.796257514457318294e-01 9.721864307142984440e-01 8.832935878229746240e-01 9.468255587108895810e-01 8.973571361146586156e-01 9.133186225179491524e-01 9.191703283527572488e-01 9.410061153824077484e-01 9.575064001165100036e-01 9.824991796298172542e-01 0.000000000000000000e+00 8.581524609093394984e-01 8.641372064848350520e-01 6.966564614191664839e-01 6.474355718770630208e-01 9.613088383732931730e-01
9.336210226344927587e-01 9.145478184791530074e-01 1.000000000000000000e+00 1.000000000000000000e+00 1.000000000000000000e+00 9.827909892975121853e-01 9.777530451911333742e-01 1.000000000000000000e+00 9.772049241163482947e-01 9.764079193187208405e-01 1.000000000000000000e+00 1.000000000000000000e+00 1.000000000000000000e+00 9.864926516921148636e-01 1.000000000000000000e+00 9.800059973013492964e-01 9.850110502771324272e-01 9.809404487907309456e-01 9.729367061317363286e-01 9.705831454325746233e-01 9.713759482678190338e-01 9.837714506157452243e-01 9.874548345084169787e-01 9.759946221929893806e-01 9.809515170560134667e-01 1.000000000000000000e+00 1.000000000000000000e+00 9.059812329453481583e-01 9.803543549322664141e-01 8.726914950622011169e-01 8.478703235600852928e-01 9.662708371322558110e-01 9.530971824631232492e-01 1.000000000000000000e+00 7.219360008399757778e-01 7.833361325900231042e-01 8.581524609093394984e-01 0.000000000000000000e+00 8.687897975913564386e-01 8.731541866983563160e-01 7.263195800349681042e-01 9.771005709901435798e-01
