0.000000000000000000e+00 9.365978315114945607e-01 9.717163206995974578e-01 9.971535811851804931e-01 9.849006424160778872e-01 9.922927431443354651e-01 9.904250014317385054e-01 9.473665723925446258e-01 9.896975902828499816e-01 9.899414834659391316e-01 9.899626918873603021e-01 9.970549086376576664e-01 9.957963565825678209e-01 9.965524846031947881e-01 9.964484143645643277e-01 9.835558127727864752e-01 9.875002101815407718e-01 9.974897608013412187e-01 9.952832583919115628e-01 9.812299004262363677e-01 9.973218680976492223e-01 9.964757883318873244e-01 9.974226106769007449e-01 9.960353507909305293e-01 9.952971086534662115e-01 9.955097023222471142e-01 9.976029717143485298e-01 9.860763368639027249e-01 9.757064228794279925e-01 9.904002480550391230e-01 9.965768693516865451e-01 9.980489858425054539e-01 9.979457266653242176e-01 9.918343018376851727e-01 9.978501359129534620e-01 9.943910537466604804e-01 9.967477878455901497e-01 9.980061991364561624e-01 9.946982645965575243e-01 9.975812981215304021e-01 9.988337327544140054e-01 9.939504209978574645e-01
9.365978315114945607e-01 0.000000000000000000e+00 9.896078517542186148e-01 9.967344655667420561e-01 9.942724513927462260e-01 9.940015814217827428e-01 9.953828643184707836e-01 9.797247398052549849e-01 9.941953755922525726e-01 9.612853296607373199e-01 9.820417678575241727e-01 9.968515740306181927e-01 9.946141937243074826e-01 9.891987564234654418e-01 9.959910015147844797e-01 9.530840668598580256e-01 9.828943430429919470e-01 9.947741874005907592e-01 9.938146435984890337e-01 9.939074236058063061e-01 9.928333284345829401e-01 9.956305623204392274e-01 9.953969629001135910e-01 9.917508405331160182e-01 9.958812063575293028e-01 9.932325386038686199e-01 9.975837488917351781e-01 9.946731876454638632e-01 9.879532509485127179e-01 9.961180889667885507e-01 9.979019652569520726e-01 9.954377613205882547e-01 9.989685820874318889e-01 9.967445686082612166e-01 9.850679072339056930e-01 9.972958842153808456e-01 9.956039922498078898e-01 9.842252124346847486e-01 9.959078196826880447e-01 9.950939360231956243e-01 9.947316138488145887e-01 9.989036382009252035e-01
9.717163206995974578e-01 9.896078517542186148e-01 0.000000000000000000e+00 9.599982121794584655e-01 9.723749859745870472e-01 9.954788394582881894e-01 9.900918961183893252e-01 9.417598221155610849e-01 9.979191168251970723e-01 9.772753467180692599e-01 9.888370889647590811e-01 9.772725655704822545e-01 9.652912551367680560e-01 9.942855395710912259e-01 9.944836430605652478e-01 9.798302544327442964e-01 9.854348696343105951e-01 9.953849581551731385e-01 9.968599103872430867e-01 9.972993069952805767e-01 9.985860330951543684e-01 9.950722378706390314e-01 9.964557279600056994e-01 9.974071758195283133e-01 9.987994466166426610e-01 9.959910047154906243e-01 9.989946752449070377e-01 9.982654610505820036e-01 9.982009317068268883e-01 9.947555751448452499e-01 9.986400746982359022e-01 1.000000000000000000e+00 9.998638534629228358e-01 9.992591165292049604e-01 9.991294887889440313e-01 9.997063662523458794e-01 9.990360678536069905e-01 9.999054403636934429e-01 9.927765609268864866e-01 9.993955999772966559e-01 9.997454189220125187e-01 9.914074331666011819e-01
9.971535811851804931e-01 9.967344655667420561e-01 9.599982121794584655e-01 0.000000000000000000e+00 9.843765805775867017e-01 9.868542411882966769e-01 9.848003079465137422e-01 9.679638554825398256e-01 9.980923409793925893e-01 9.893014003604564399e-01 9.926952946579193915e-01 9.310595699039576623e-01 9.653562334920353649e-01 9.857319469919665345e-01 9.800566503738595836e-01 9.942006262478140233e-01 9.939438136909468646e-01 9.912952352725494798e-01 9.927483604097711023e-01 9.972680283999518780e-01 9.951035924951793232e-01 9.607983041328727047e-01 9.916734966885160096e-01 9.920859609420034086e-01 9.890961359731794689e-01 9.913122543540885401e-01 9.875298840460007277e-01 9.992245773630651362e-01 9.991835969268312301e-01 9.990387899283842410e-01 9.996674487572686507e-01 9.998129606769530220e-01 9.998382833695140803e-01 9.998284354872817303e-01 1.000000000000000000e+00 9.995090398614052685e-01 9.964564513468013862e-01 9.984102077449955592e-01 9.990323068456891109e-01 9.980753741639725174e-01 9.989840718887071924e-01 9.973143326432050149e-01
9.849006424160778872e-01 9.942724513927462260e-01 9.723749859745870472e-01 9.843765805775867017e-01 0.000000000000000000e+00 9.817662445811139449e-01 9.439306375972708052e-01 9.891994631258795856e-01 9.808687225390952946e-01 9.945806313921971009e-01 9.950848584978564393e-01 9.907194803969179286e-01 9.793908299600068146e-01 9.958419688023589789e-01 9.916373255646555585e-01 9.950236880674984130e-01 9.719760780128097188e-01 9.982350433563785819e-01 9.990820407120641899e-01 9.975945835669868256e-01 9.989491206073670693e-01 9.985850451994218169e-01 9.974522515474515405e-01 9.981029570499667658e-01 9.896379305411049376e-01 9.951092347919567871e-01 9.961272073863268739e-01 9.992647831408747461e-01 9.969695417022180761e-01 9.951194298746371958e-01 9.958295791847380229e-01 9.987049476089746580e-01 9.972287318091754837e-01 9.756311262411017093e-01 9.999563997323577258e-01 9.987902884826105332e-01 9.722780631133552953e-01 9.951621636420288075e-01 9.990685809563297770e-01 9.912271115603094040e-01 9.923726054389496731e-01 9.950462848242173086e-01
9.922927431443354651e-01 9.940015814217827428e-01 9.954788394582881894e-01 9.868542411882966769e-01 9.817662445811139449e-01 0.000000000000000000e+00 9.568578275038887027e-01 9.713108745175024206e-01 9.985419015090182260e-01 9.955708316300257987e-01 9.966883077415120695e-01 9.949071273664168436e-01 9.956362120655412040e-01 9.786354980556397631e-01 9.767687619846976421e-01 9.904981712300952035e-01 9.948296549694026769e-01 9.763129328199805501e-01 9.848879180815338641e-01 9.905413493750118148e-01 9.921037531070875382e-01 9.814522539551711056e-01 9.774569559140193764e-01 9.814319719059753089e-01 9.688247850881906986e-01 9.661349150680890174e-01 9.743865999408802825e-01 9.965020640612644032e-01 9.979619474157234160e-01 9.977090297857288403e-01 9.988480820519770598e-01 9.991557624680774685e-01 9.998441519848199066e-01 9.987688661038774951e-01 9.977615446832845958e-01 9.995164565989124172e-01 9.985186120760654038e-01 9.998223310021645549e-01 9.987394791918430270e-01 9.986177764670820522e-01 9.996403854891349194e-01 9.954910734817642437e-01
9.904250014317385054e-01 9.953828643184707836e-01 9.900918961183893252e-01 9.848003079465137422e-01 9.439306375972708052e-01 9.568578275038887027e-01 0.000000000000000000e+00 9.759344410151867821e-01 9.909749281857026526e-01 9.935612587677570273e-01 9.966532159677685687e-01 9.897828946907720749e-01 9.943655369030723890e-01 9.906247239473903177e-01 9.765553351465449117e-01 9.934319380277087941e-01 9.842744541610437548e-01 9.976660381038929826e-01 9.968879546474194164e-01 9.935256781360952694e-01 9.983673125734625620e-01 9.940101695936011117e-01 9.973875437583333836e-01 9.977579520051418349e-01 9.591344356467013110e-01 9.810594295289186695e-01 9.840149987308082213e-01 9.994566393262415138e-01 9.871692425246709757e-01 9.950105130028905620e-01 9.961875801711770340e-01 9.974709005883778401e-01 9.973730303541679110e-01 9.792672086409924814e-01 9.956328089365202860e-01 9.964879182977560701e-01 9.923479604244169749e-01 9.980140426084768146e-01 9.992558516430092297e-01 9.912834367023813931e-01 9.979771307637310684e-01 9.947502054541770278e-01
9.473665723925446258e-01 9.797247398052549849e-01 9.417598221155610849e-01 9.679638554825398256e-01 9.891994631258795856e-01 9.713108745175024206e-01 9.759344410151867821e-01 0.000000000000000000e+00 9.969471188219461988e-01 9.877032282878349667e-01 9.887552666622277941e-01 9.855140314935816326e-01 9.906167571575364983e-01 9.786335564353719763e-01 9.821842741477275762e-01 9.809718083300894564e-01 9.918422983511200330e-01 9.917901035042427926e-01 9.913015110704397337e-01 9.977978427163159969e-01 9.962876803581909302e-01 9.915386754029351657e-01 9.916841456763656470e-01 9.953714058415084054e-01 9.933162614701923632e-01 9.837788771296407386e-01 9.950811300549562421e-01 9.962327421755247103e-01 9.981694097059091719e-01 9.921277201000884283e-01 9.976258706778474705e-01 9.995422647573430908e-01 9.988132073340844075e-01 9.961552757284749537e-01 9.994957482631061652e-01 9.971969711209316412e-01 9.996737475358652425e-01 9.999550864015178675e-01 9.912310158951610495e-01 9.974468123080784121e-01 9.994724268165441350e-01 9.996280282046905441e-01
9.896975902828499816e-01 9.941953755922525726e-01 9.979191168251970723e-01 9.980923409793925893e-01 9.808687225390952946e-01 9.985419015090182260e-01 9.909749281857026526e-01 9.969471188219461988e-01 0.000000000000000000e+00 9.894850356152649073e-01 9.808449524230001826e-01 9.962657890681554385e-01 9.750943875437397823e-01 9.977164877817175093e-01 9.962192481406751954e-01 9.906203658055610095e-01 9.757188252279234142e-01 9.993014054021447379e-01 9.994301552792712595e-01 9.956492850361725599e-01 9.976456142587258880e-01 9.998406794056581282e-01 9.990075344504476540e-01 9.993242519503093835e-01 9.931711694739324692e-01 9.988153808969610914e-01 9.938329764010749301e-01 9.977411005132307276e-01 9.800308644490047794e-01 9.984380329774028562e-01 9.923433563400281265e-01 9.983610101034564588e-01 9.973402254719833104e-01 9.686242963828748387e-01 9.953037768680669251e-01 9.654919112921074298e-01 9.913841394449822708e-01 9.994491539920150602e-01 9.982604795484467664e-01 9.345011495017325753e-01 9.907024969029555317e-01 9.396023718946255876e-01
9.899414834659391316e-01 9.612853296607373199e-01 9.772753467180692599e-01 9.893014003604564399e-01 9.945806313921971009e-01 9.955708316300257987e-01 9.935612587677570273e-01 9.877032282878349667e-01 9.894850356152649073e-01 0.000000000000000000e+00 9.316882143846771935e-01 9.903001847978298855e-01 9.850501753106924996e-01 9.879366397409315992e-01 9.933137006871547436e-01 9.405084310912080747e-01 9.740999072504977763e-01 9.946108419667144540e-01 9.961638340897810417e-01 9.984355899248124055e-01 9.950228340607609745e-01 9.914991876676703120e-01 9.952911982717647099e-01 9.926365514030779380e-01 9.966543636408019546e-01 9.920856451495895234e-01 9.974032017640984682e-01 9.941111216439687537e-01 9.932523743929660975e-01 9.973142573579970582e-01 9.978731584145936750e-01 9.968305226258465934e-01 9.986802588096751476e-01 9.954708462756692855e-01 9.922124055843740686e-01 9.981375982993483387e-01 9.994184331717280712e-01 9.983693399286739378e-01 9.991071294156206317e-01 9.954026352447973292e-01 9.985973433274917266e-01 9.999429490671255527e-01
9.899626918873603021e-01 9.820417678575241727e-01 9.888370889647590811e-01 9.926952946579193915e-01 9.950848584978564393e-01 9.966883077415120695e-01 9.966532159677685687e-01 9.887552666622277941e-01 9.808449524230001826e-01 9.316882143846771935e-01 0.000000000000000000e+00 9.812315678714330636e-01 9.582382043988079134e-01 9.923722349608397053e-01 9.931627573155432653e-01 9.772401630534642836e-01 9.226439882761752198e-01 9.957900756922896113e-01 9.978332004800999355e-01 9.990408598623842229e-01 9.940436232968099528e-01 9.972813407525663587e-01 9.942200617584771027e-01 9.948730091680120236e-01 9.972984597264492601e-01 9.938391806033400888e-01 9.984382763702629449e-01 9.987777691325245844e-01 9.945780369475826221e-01 9.987305790120536431e-01 9.987428927007261370e-01 9.996561882461983961e-01 9.993908042430665883e-01 9.968071588517419812e-01 9.989478083276324138e-01 9.948479528145131034e-01 9.998365015511524456e-01 9.997703551087194773e-01 9.997020216778047530e-01 9.980578062612842638e-01 9.994352061863661651e-01 9.994445345655046387e-01
9.970549086376576664e-01 9.968515740306181927e-01 9.772725655704822545e-01 9.310595699039576623e-01 9.907194803969179286e-01 9.949071273664168436e-01 9.897828946907720749e-01 9.855140314935816326e-01 9.962657890681554385e-01 9.903001847978298855e-01 9.812315678714330636e-01 0.000000000000000000e+00 9.569307163099831648e-01 9.851417913039580698e-01 9.396620580053638427e-01 9.957107604266344225e-01 9.869804567114411897e-01 9.966553631462596874e-01 9.986974752335333605e-01 9.983475233538989801e-01 9.979649334534056448e-01 9.862026066427722615e-01 9.953256319470943358e-01 9.978619690073999848e-01 9.927757011127402720e-01 9.979968142195949632e-01 9.989045466192228995e-01 9.994252481154386469e-01 9.982846162592076134e-01 9.995818685989945607e-01 9.996739634367260985e-01 9.992903953778545789e-01 9.995810010264435386e-01 9.987053104758687461e-01 1.000000000000000000e+00 1.000000000000000000e+00 9.992894630563902147e-01 9.995157078930844152e-01 9.997235286104557694e-01 9.998456988768351650e-01 9.998753539441086469e-01 1.000000000000000000e+00
9.957963565825678209e-01 9.946141937243074826e-01 9.652912551367680560e-01 9.653562334920353649e-01 9.793908299600068146e-01 9.956362120655412040e-01 9.943655369030723890e-01 9.906167571575364983e-01 9.750943875437397823e-01 9.850501753106924996e-01 9.582382043988079134e-01 9.569307163099831648e-01 0.000000000000000000e+00 9.817709077397386297e-01 9.807702399152167239e-01 9.917918570251411658e-01 9.825188897952280564e-01 9.940245654944831477e-01 9.974301711053875641e-01 9.970399582546362049e-01 9.961445641006997365e-01 9.940752278849345203e-01 9.913478858554124473e-01 9.936724784413051292e-01 9.940391101899552773e-01 9.975214979784428060e-01 9.993919041639426348e-01 9.994945499105721831e-01 9.984976346799276925e-01 9.996667845995284019e-01 9.997490779815448869e-01 9.997238473514047374e-01 9.996469489093464666e-01 9.998370207858042757e-01 9.999311809080236868e-01 9.986382705680489913e-01 9.978521209757095223e-01 9.992396589284948671e-01 9.990101644177015183e-01 9.978938795727142486e-01 9.999103433372743543e-01 9.913891917566243217e-01
9.965524846031947881e-01 9.891987564234654418e-01 9.942855395710912259e-01 9.857319469919665345e-01 9.958419688023589789e-01 9.786354980556397631e-01 9.906247239473903177e-01 9.786335564353719763e-01 9.977164877817175093e-01 9.879366397409315992e-01 9.923722349608397053e-01 9.851417913039580698e-01 9.817709077397386297e-01 0.000000000000000000e+00 9.426671230293893755e-01 9.769600782202186862e-01 9.959750688914026373e-01 9.799520335201586940e-01 9.877194200365602139e-01 9.937901669238314861e-01 9.806211226593447572e-01 9.832999593104673197e-01 9.775294776227235749e-01 9.875164880702264059e-01 9.779254404849511140e-01 9.925775481236310815e-01 9.969113306957723131e-01 9.961141529790538129e-01 9.990913258758236104e-01 9.978295742459255546e-01 9.997423443141715271e-01 9.995740699060261525e-01 9.999082903927460908e-01 9.996617030034659068e-01 9.996985971462268861e-01 9.997438348431498811e-01 9.998073049346855035e-01 9.996055409677616632e-01 9.991480896862255934e-01 9.987131293190429915e-01 9.998196371230121393e-01 9.900569183640720583e-01
9.964484143645643277e-01 9.959910015147844797e-01 9.944836430605652478e-01 9.800566503738595836e-01 9.916373255646555585e-01 9.767687619846976421e-01 9.765553351465449117e-01 9.821842741477275762e-01 9.962192481406751954e-01 9.933137006871547436e-01 9.931627573155432653e-01 9.396620580053638427e-01 9.807702399152167239e-01 9.426671230293893755e-01 0.000000000000000000e+00 9.835485746481064107e-01 9.914632861077659065e-01 9.925942314685702872e-01 9.953282049008965737e-01 9.971761610104588058e-01 9.939060911300310330e-01 9.919209236450492462e-01 9.920445874573550205e-01 9.897530221159837049e-01 9.556742601558181338e-01 9.865834587692648983e-01 9.842791992044065408e-01 9.988925891604174545e-01 9.948708052831263249e-01 9.991037299193500365e-01 9.997987328389897899e-01 9.991445840777704035e-01 9.995825697417072275e-01 9.992467572720205027e-01 9.998107363519133095e-01 9.997104860365441104e-01 9.999858756314931041e-01 9.995821400722629813e-01 9.996163080670991130e-01 9.987242914432343799e-01 9.999455135020103302e-01 9.999612153861955344e-01
9.835558127727864752e-01 9.530840668598580256e-01 9.798302544327442964e-01 9.942006262478140233e-01 9.950236880674984130e-01 9.904981712300952035e-01 9.934319380277087941e-01 9.809718083300894564e-01 9.906203658055610095e-01 9.405084310912080747e-01 9.772401630534642836e-01 9.957107604266344225e-01 9.917918570251411658e-01 9.769600782202186862e-01 9.835485746481064107e-01 0.000000000000000000e+00 9.807309621069074668e-01 9.902315752745516342e-01 9.921199557042742478e-01 9.938631847607601877e-01 9.922926934622064987e-01 9.932221643173353431e-01 9.913784041217096332e-01 9.903441466899561840e-01 9.862682420969204333e-01 9.871285296649101593e-01 9.960761557571341518e-01 9.942327619337373301e-01 9.908656361159439152e-01 9.967341465636202491e-01 9.971697955216081155e-01 9.982624690169231707e-01 9.998223907445124015e-01 9.893732167109563491e-01 9.992455693575806874e-01 9.943081987931392529e-01 9.976950410149660886e-01 9.991266441980298785e-01 9.992971180420195942e-01 9.972480216579245882e-01 9.994126228723874128e-01 9.784046480339289031e-01
9.875002101815407718e-01 9.828943430429919470e-01 9.854348696343105951e-01 9.939438136909468646e-01 9.719760780128097188e-01 9.948296549694026769e-01 9.842744541610437548e-01 9.918422983511200330e-01 9.757188252279234142e-01 9.740999072504977763e-01 9.226439882761752198e-01 9.869804567114411897e-01 9.825188897952280564e-01 9.959750688914026373e-01 9.914632861077659065e-01 9.807309621069074668e-01 0.000000000000000000e+00 9.978750979644501751e-01 9.967088446331886509e-01 9.975438341426089428e-01 9.974441429277079996e-01 9.971471751199592060e-01 9.971557321965064391e-01 9.969310498696836165e-01 9.960676168872045766e-01 9.942984840049144957e-01 9.950895624416643548e-01 9.976355968212567982e-01 9.949701406622235567e-01 9.970933865331709223e-01 9.974044921614290127e-01 9.968886041359180661e-01 9.978812548987335829e-01 9.896006703336984733e-01 9.989373294154476612e-01 9.892585861872207342e-01 9.941134621927075754e-01 9.988250858576249724e-01 9.977095415966479308e-01 9.939865051855731881e-01 9.954561911255231932e-01 9.927516618773828405e-01
9.974897608013412187e-01 9.947741874005907592e-01 9.953849581551731385e-01 9.912952352725494798e-01 9.982350433563785819e-01 9.763129328199805501e-01 9.976660381038929826e-01 9.917901035042427926e-01 9.993014054021447379e-01 9.946108419667144540e-01 9.957900756922896113e-01 9.966553631462596874e-01 9.940245654944831477e-01 9.799520335201586940e-01 9.925942314685702872e-01 9.902315752745516342e-01 9.978750979644501751e-01 0.000000000000000000e+00 9.521275830178098643e-01 9.791655056812197389e-01 9.636788541160451471e-01 9.677897857268618065e-01 9.356185264779415256e-01 9.573900882127660550e-01 9.976891436927785017e-01 9.911952120853297910e-01 9.926381776159791670e-01 9.848162364458745710e-01 9.994022577418727460e-01 9.935601571736237814e-01 9.985885726018847164e-01 9.995697718517820851e-01 9.998657792521440379e-01 9.997219712572686934e-01 9.996322059753381950e-01 9.997463713743336422e-01 9.998267842241640446e-01 9.993649998209712670e-01 9.992853819695780571e-01 9.996636419048883226e-01 9.998873275268849170e-01 9.840354139794779131e-01
9.952832583919115628e-01 9.938146435984890337e-01 9.968599103872430867e-01 9.927483604097711023e-01 9.990820407120641899e-01 9.848879180815338641e-01 9.968879546474194164e-01 9.913015110704397337e-01 9.994301552792712595e-01 9.961638340897810417e-01 9.978332004800999355e-01 9.986974752335333605e-01 9.974301711053875641e-01 9.877194200365602139e-01 9.953282049008965737e-01 9.921199557042742478e-01 9.967088446331886509e-01 9.521275830178098643e-01 0.000000000000000000e+00 9.697367473222164858e-01 9.681942892049878457e-01 9.717175527691975789e-01 9.591617887202416037e-01 9.225456146880205432e-01 9.983695420842747525e-01 9.871595443261070857e-01 9.915373537661272829e-01 9.916774636857389469e-01 9.989174385612576978e-01 9.959515887687059310e-01 9.961179621339116830e-01 9.974641482787878211e-01 9.968380132217150580e-01 9.992408675674308016e-01 9.993709098794999468e-01 9.979667752139144143e-01 9.995200783991765592e-01 9.982655041895949211e-01 9.987451554586522784e-01 9.993996322118439135e-01 9.995084753704208680e-01 9.844934724205787191e-01
9.812299004262363677e-01 9.939074236058063061e-01 9.972993069952805767e-01 9.972680283999518780e-01 9.975945835669868256e-01 9.905413493750118148e-01 9.935256781360952694e-01 9.977978427163159969e-01 9.956492850361725599e-01 9.984355899248124055e-01 9.990408598623842229e-01 9.983475233538989801e-01 9.970399582546362049e-01 9.937901669238314861e-01 9.971761610104588058e-01 9.938631847607601877e-01 9.975438341426089428e-01 9.791655056812197389e-01 9.697367473222164858e-01 0.000000000000000000e+00 9.679067593053376495e-01 9.869469182842274257e-01 9.789526532583484597e-01 9.753831191177171345e-01 9.969566284413888813e-01 9.982990629475689826e-01 9.986744947092361935e-01 9.654469522442291618e-01 9.938774437822456287e-01 9.797669772919808118e-01 9.713130726193032194e-01 9.892051384402421599e-01 9.958513418733692113e-01 9.951892738947889505e-01 9.971672259206040279e-01 9.921402575679798552e-01 9.976696469260070144e-01 9.956375096005206649e-01 9.893084815449659786e-01 9.962401845358854757e-01 9.985912633315029430e-01 9.964531997109844497e-01
9.973218680976492223e-01 9.928333284345829401e-01 9.985860330951543684e-01 9.951035924951793232e-01 9.989491206073670693e-01 9.921037531070875382e-01 9.983673125734625620e-01 9.962876803581909302e-01 9.976456142587258880e-01 9.950228340607609745e-01 9.940436232968099528e-01 9.979649334534056448e-01 9.961445641006997365e-01 9.806211226593447572e-01 9.939060911300310330e-01 9.922926934622064987e-01 9.974441429277079996e-01 9.636788541160451471e-01 9.681942892049878457e-01 9.679067593053376495e-01 0.000000000000000000e+00 9.880128584752713161e-01 9.618565144852165849e-01 9.571152790684430700e-01 9.920176989334953399e-01 9.964234256138201351e-01 9.942633188263590993e-01 9.737302393660066668e-01 9.985250812634128836e-01 9.422479231644403930e-01 9.984692909143734196e-01 9.995353561111921525e-01 9.993658843111093981e-01 9.988980789786923165e-01 9.988007104987305373e-01 9.987890737011747566e-01 9.997461902204415329e-01 9.988656340986615811e-01 9.993743274393313003e-01 9.981306931792145454e-01 9.988917633349966296e-01 9.923920475170351363e-01
9.964757883318873244e-01 9.956305623204392274e-01 9.950722378706390314e-01 9.607983041328727047e-01 9.985850451994218169e-01 9.814522539551711056e-01 9.940101695936011117e-01 9.915386754029351657e-01 9.998406794056581282e-01 9.914991876676703120e-01 9.972813407525663587e-01 9.862026066427722615e-01 9.940752278849345203e-01 9.832999593104673197e-01 9.919209236450492462e-01 9.932221643173353431e-01 9.971471751199592060e-01 9.677897857268618065e-01 9.717175527691975789e-01 9.869469182842274257e-01 9.880128584752713161e-01 0.000000000000000000e+00 9.671273398421711409e-01 9.744053410070835364e-01 9.950920577208197670e-01 9.811580481735434622e-01 9.883727343560053669e-01 9.916506924145069846e-01 9.997505318557423637e-01 9.991456421062462345e-01 9.999032260679042716e-01 9.958822356428286282e-01 9.998879748545453916e-01 9.999513534272154169e-01 1.000000000000000000e+00 9.999102848877732264e-01 9.999047827689692136e-01 9.999654330685450176e-01 9.990960909573758375e-01 9.997376315431854010e-01 9.999431931951049402e-01 9.956410430278582746e-01
9.974226106769007449e-01 9.953969629001135910e-01 9.964557279600056994e-01 9.916734966885160096e-01 9.974522515474515405e-01 9.774569559140193764e-01 9.973875437583333836e-01 9.916841456763656470e-01 9.990075344504476540e-01 9.952911982717647099e-01 9.942200617584771027e-01 9.953256319470943358e-01 9.913478858554124473e-01 9.775294776227235749e-01 9.920445874573550205e-01 9.913784041217096332e-01 9.971557321965064391e-01 9.356185264779415256e-01 9.591617887202416037e-01 9.789526532583484597e-01 9.618565144852165849e-01 9.671273398421711409e-01 0.000000000000000000e+00 9.558716596551444233e-01 9.975147368252325064e-01 9.938488946597728857e-01 9.945267839405643739e-01 9.862641678635596376e-01 9.994885458912777798e-01 9.939747680692927467e-01 9.988429985865113769e-01 9.997680511588750152e-01 9.998516995837991583e-01 9.998035104919870131e-01 9.996548419651050121e-01 9.997056122918229759e-01 9.999011789262888250e-01 9.996289360565036031e-01 9.993465625489146298e-01 9.998077039518377118e-01 9.999233989853039128e-01 9.926620354321203932e-01
9.960353507909305293e-01 9.917508405331160182e-01 9.974071758195283133e-01 9.920859609420034086e-01 9.981029570499667658e-01 9.814319719059753089e-01 9.977579520051418349e-01 9.953714058415084054e-01 9.993242519503093835e-01 9.926365514030779380e-01 9.948730091680120236e-01 9.978619690073999848e-01 9.936724784413051292e-01 9.875164880702264059e-01 9.897530221159837049e-01 9.903441466899561840e-01 9.969310498696836165e-01 9.573900882127660550e-01 9.225456146880205432e-01 9.753831191177171345e-01 9.571152790684430700e-01 9.744053410070835364e-01 9.558716596551444233e-01 0.000000000000000000e+00 9.963214712356125435e-01 9.797389796832502995e-01 9.924302408764589245e-01 9.959295214574419575e-01 9.992061449797949857e-01 9.948857793354821677e-01 9.976618667325686252e-01 9.992236104842505684e-01 9.996467359313055967e-01 9.988848235820828592e-01 9.986355379830718082e-01 9.998716832220088113e-01 9.998727553047552785e-01 9.995122063291788095e-01 9.996925536937916190e-01 9.999789921968931239e-01 9.997359774816415579e-01 9.952259804832203072e-01
9.952971086534662115e-01 9.958812063575293028e-01 9.987994466166426610e-01 9.890961359731794689e-01 9.896379305411049376e-01 9.688247850881906986e-01 9.591344356467013110e-01 9.933162614701923632e-01 9.931711694739324692e-01 9.966543636408019546e-01 9.972984597264492601e-01 9.927757011127402720e-01 9.940391101899552773e-01 9.779254404849511140e-01 9.556742601558181338e-01 9.862682420969204333e-01 9.960676168872045766e-01 9.976891436927785017e-01 9.983695420842747525e-01 9.969566284413888813e-01 9.920176989334953399e-01 9.950920577208197670e-01 9.975147368252325064e-01 9.963214712356125435e-01 0.000000000000000000e+00 9.605091266415377582e-01 8.994002836727248429e-01 9.996252051968529395e-01 9.868076820215316847e-01 9.961469547116540424e-01 9.983306496633002070e-01 9.995264148448337327e-01 9.981960747292352165e-01 9.924591848965633734e-01 9.983427265308608689e-01 9.949868182796082205e-01 9.982675606689639380e-01 9.996645944467736911e-01 9.994717499885371614e-01 9.977355651872735764e-01 9.997224839494074367e-01 9.996935564235087668e-01
9.955097023222471142e-01 9.932325386038686199e-01 9.959910047154906243e-01 9.913122543540885401e-01 9.951092347919567871e-01 9.661349150680890174e-01 9.810594295289186695e-01 9.837788771296407386e-01 9.988153808969610914e-01 9.920856451495895234e-01 9.938391806033400888e-01 9.979968142195949632e-01 9.975214979784428060e-01 9.925775481236310815e-01 9.865834587692648983e-01 9.871285296649101593e-01 9.942984840049144957e-01 9.911952120853297910e-01 9.871595443261070857e-01 9.982990629475689826e-01 9.964234256138201351e-01 9.811580481735434622e-01 9.938488946597728857e-01 9.797389796832502995e-01 9.605091266415377582e-01 0.000000000000000000e+00 8.091498081204711035e-01 9.997738943166856185e-01 9.984229170019223165e-01 9.974895416437242757e-01 9.996949082176129764e-01 9.999460402511012314e-01 9.999343269237790377e-01 9.999379300706946472e-01 9.996006132624314366e-01 9.998916919752791621e-01 9.999851439583120616e-01 9.999691926144624876e-01 9.999451773423694290e-01 9.996930784868585107e-01 9.999572125614254459e-01 9.986033768232662755e-01
9.976029717143485298e-01 9.975837488917351781e-01 9.989946752449070377e-01 9.875298840460007277e-01 9.961272073863268739e-01 9.743865999408802825e-01 9.840149987308082213e-01 9.950811300549562421e-01 9.938329764010749301e-01 9.974032017640984682e-01 9.984382763702629449e-01 9.989045466192228995e-01 9.993919041639426348e-01 9.969113306957723131e-01 9.842791992044065408e-01 9.960761557571341518e-01 9.950895624416643548e-01 9.926381776159791670e-01 9.915373537661272829e-01 9.986744947092361935e-01 9.942633188263590993e-01 9.883727343560053669e-01 9.945267839405643739e-01 9.924302408764589245e-01 8.994002836727248429e-01 8.091498081204711035e-01 0.000000000000000000e+00 9.997755746936339838e-01 9.950560290249972351e-01 9.992450431967349056e-01 9.998864930765059000e-01 1.000000000000000000e+00 9.999407361028637142e-01 1.000000000000000000e+00 1.000000000000000000e+00 1.000000000000000000e+00 1.000000000000000000e+00 9.998561148631497364e-01 1.000000000000000000e+00 9.999567394578016133e-01 1.000000000000000000e+00 1.000000000000000000e+00
9.860763368639027249e-01 9.946731876454638632e-01 9.982654610505820036e-01 9.992245773630651362e-01 9.992647831408747461e-01 9.965020640612644032e-01 9.994566393262415138e-01 9.962327421755247103e-01 9.977411005132307276e-01 9.941111216439687537e-01 9.987777691325245844e-01 9.994252481154386469e-01 9.994945499105721831e-01 9.961141529790538129e-01 9.988925891604174545e-01 9.942327619337373301e-01 9.976355968212567982e-01 9.848162364458745710e-01 9.916774636857389469e-01 9.654469522442291618e-01 9.737302393660066668e-01 9.916506924145069846e-01 9.862641678635596376e-01 9.959295214574419575e-01 9.996252051968529395e-01 9.997738943166856185e-01 9.997755746936339838e-01 0.000000000000000000e+00 9.896548606584635310e-01 9.291708891566057282e-01 9.832445685038465610e-01 9.942141307111371784e-01 9.883384476287176978e-01 9.968674321907806668e-01 9.885545932709266514e-01 9.923591876774997544e-01 9.980159226236824388e-01 9.891276225771103991e-01 9.909782179851636119e-01 9.940433019475358734e-01 9.969250279925744307e-01 9.922705356555127088e-01
9.757064228794279925e-01 9.879532509485127179e-01 9.982009317068268883e-01 9.991835969268312301e-01 9.969695417022180761e-01 9.979619474157234160e-01 9.871692425246709757e-01 9.981694097059091719e-01 9.800308644490047794e-01 9.932523743929660975e-01 9.945780369475826221e-01 9.982846162592076134e-01 9.984976346799276925e-01 9.990913258758236104e-01 9.948708052831263249e-01 9.908656361159439152e-01 9.949701406622235567e-01 9.994022577418727460e-01 9.989174385612576978e-01 9.938774437822456287e-01 9.985250812634128836e-01 9.997505318557423637e-01 9.994885458912777798e-01 9.992061449797949857e-01 9.868076820215316847e-01 9.984229170019223165e-01 9.950560290249972351e-01 9.896548606584635310e-01 0.000000000000000000e+00 9.912704661859581545e-01 9.798829128399384469e-01 9.837910232577962155e-01 9.837057201382310989e-01 9.353893443749349279e-01 9.877248669180169749e-01 9.641864116544685004e-01 9.942905198917548759e-01 9.987966671824861642e-01 9.945608570440033214e-01 9.953471043600053969e-01 9.916911381195792075e-01 9.873958281612826848e-01
9.904002480550391230e-01 9.961180889667885507e-01 9.947555751448452499e-01 9.990387899283842410e-01 9.951194298746371958e-01 9.977090297857288403e-01 9.950105130028905620e-01 9.921277201000884283e-01 9.984380329774028562e-01 9.973142573579970582e-01 9.987305790120536431e-01 9.995818685989945607e-01 9.996667845995284019e-01 9.978295742459255546e-01 9.991037299193500365e-01 9.967341465636202491e-01 9.970933865331709223e-01 9.935601571736237814e-01 9.959515887687059310e-01 9.797669772919808118e-01 9.422479231644403930e-01 9.991456421062462345e-01 9.939747680692927467e-01 9.948857793354821677e-01 9.961469547116540424e-01 9.974895416437242757e-01 9.992450431967349056e-01 9.291708891566057282e-01 9.912704661859581545e-01 0.000000000000000000e+00 9.722682745041090202e-01 9.844365494250153503e-01 9.781193967519317134e-01 9.914175216343358299e-01 9.929053024449926435e-01 9.839214995384019113e-01 9.956744592609970690e-01 9.855594090733430512e-01 9.858981701150266730e-01 9.937929115484109843e-01 9.957276680680816616e-01 9.928716639496465435e-01
9.965768693516865451e-01 9.979019652569520726e-01 9.986400746982359022e-01 9.996674487572686507e-01 9.958295791847380229e-01 9.988480820519770598e-01 9.961875801711770340e-01 9.976258706778474705e-01 9.923433563400281265e-01 9.978731584145936750e-01 9.987428927007261370e-01 9.996739634367260985e-01 9.997490779815448869e-01 9.997423443141715271e-01 9.997987328389897899e-01 9.971697955216081155e-01 9.974044921614290127e-01 9.985885726018847164e-01 9.961179621339116830e-01 9.713130726193032194e-01 9.984692909143734196e-01 9.999032260679042716e-01 9.988429985865113769e-01 9.976618667325686252e-01 9.983306496633002070e-01 9.996949082176129764e-01 9.998864930765059000e-01 9.832445685038465610e-01 9.798829128399384469e-01 9.722682745041090202e-01 0.000000000000000000e+00 9.737596078332845240e-01 9.287274819635042977e-01 9.620509881666684526e-01 9.637573263062477746e-01 9.558955409574420026e-01 9.862336218541867261e-01 9.910366663589095237e-01 9.851096927805853554e-01 9.877539478330299438e-01 9.867962250529440649e-01 9.924953581222937249e-01
9.980489858425054539e-01 9.954377613205882547e-01 1.000000000000000000e+00 9.998129606769530220e-01 9.987049476089746580e-01 9.991557624680774685e-01 9.974709005883778401e-01 9.995422647573430908e-01 9.983610101034564588e-01 9.968305226258465934e-01 9.996561882461983961e-01 9.992903953778545789e-01 9.997238473514047374e-01 9.995740699060261525e-01 9.991445840777704035e-01 9.982624690169231707e-01 9.968886041359180661e-01 9.995697718517820851e-01 9.974641482787878211e-01 9.892051384402421599e-01 9.995353561111921525e-01 9.958822356428286282e-01 9.997680511588750152e-01 9.992236104842505684e-01 9.995264148448337327e-01 9.999460402511012314e-01 1.000000000000000000e+00 9.942141307111371784e-01 9.837910232577962155e-01 9.844365494250153503e-01 9.737596078332845240e-01 0.000000000000000000e+00 9.455495540269843735e-01 9.871191198391587873e-01 9.904224100995848712e-01 9.466866551706250021e-01 9.903712795238529543e-01 9.930582852271641059e-01 9.846288450344001797e-01 9.938770325721885124e-01 9.960471931337193663e-01 9.981505071871994428e-01
9.979457266653242176e-01 9.989685820874318889e-01 9.998638534629228358e-01 9.998382833695140803e-01 9.972287318091754837e-01 9.998441519848199066e-01 9.973730303541679110e-01 9.988132073340844075e-01 9.973402254719833104e-01 9.986802588096751476e-01 9.993908042430665883e-01 9.995810010264435386e-01 9.996469489093464666e-01 9.999082903927460908e-01 9.995825697417072275e-01 9.998223907445124015e-01 9.978812548987335829e-01 9.998657792521440379e-01 9.968380132217150580e-01 9.958513418733692113e-01 9.993658843111093981e-01 9.998879748545453916e-01 9.998516995837991583e-01 9.996467359313055967e-01 9.981960747292352165e-01 9.999343269237790377e-01 9.999407361028637142e-01 9.883384476287176978e-01 9.837057201382310989e-01 9.781193967519317134e-01 9.287274819635042977e-01 9.455495540269843735e-01 0.000000000000000000e+00 9.616152169257010662e-01 9.726100651136488917e-01 9.521364903792457479e-01 9.804622222594647774e-01 9.858151771918481909e-01 9.738609061661505084e-01 9.839159524142668811e-01 9.877113100927642497e-01 9.982701985818211998e-01
9.918343018376851727e-01 9.967445686082612166e-01 9.992591165292049604e-01 9.998284354872817303e-01 9.756311262411017093e-01 9.987688661038774951e-01 9.792672086409924814e-01 9.961552757284749537e-01 9.686242963828748387e-01 9.954708462756692855e-01 9.968071588517419812e-01 9.987053104758687461e-01 9.998370207858042757e-01 9.996617030034659068e-01 9.992467572720205027e-01 9.893732167109563491e-01 9.896006703336984733e-01 9.997219712572686934e-01 9.992408675674308016e-01 9.951892738947889505e-01 9.988980789786923165e-01 9.999513534272154169e-01 9.998035104919870131e-01 9.988848235820828592e-01 9.924591848965633734e-01 9.999379300706946472e-01 1.000000000000000000e+00 9.968674321907806668e-01 9.353893443749349279e-01 9.914175216343358299e-01 9.620509881666684526e-01 9.871191198391587873e-01 9.616152169257010662e-01 0.000000000000000000e+00 9.861449393761786419e-01 9.498558307462480199e-01 9.827259219372641574e-01 9.977469010468554833e-01 9.927110417170269541e-01 9.832240644044262234e-01 9.851197431362633816e-01 9.886970222843406431e-01
9.978501359129534620e-01 9.850679072339056930e-01 9.991294887889440313e-01 1.000000000000000000e+00 9.999563997323577258e-01 9.977615446832845958e-01 9.956328089365202860e-01 9.994957482631061652e-01 9.953037768680669251e-01 9.922124055843740686e-01 9.989478083276324138e-01 1.000000000000000000e+00 9.999311809080236868e-01 9.996985971462268861e-01 9.998107363519133095e-01 9.992455693575806874e-01 9.989373294154476612e-01 9.996322059753381950e-01 9.993709098794999468e-01 9.971672259206040279e-01 9.988007104987305373e-01 1.000000000000000000e+00 9.996548419651050121e-01 9.986355379830718082e-01 9.983427265308608689e-01 9.996006132624314366e-01 1.000000000000000000e+00 9.885545932709266514e-01 9.877248669180169749e-01 9.929053024449926435e-01 9.637573263062477746e-01 9.904224100995848712e-01 9.726100651136488917e-01 9.861449393761786419e-01 0.000000000000000000e+00 9.744347880674179008e-01 9.931386235806187734e-01 9.656462066200440786e-01 9.873411708186217162e-01 9.849108150602454703e-01 9.728527674412299486e-01 9.822052894554267333e-01
9.943910537466604804e-01 9.972958842153808456e-01 9.997063662523458794e-01 9.995090398614052685e-01 9.987902884826105332e-01 9.995164565989124172e-01 9.964879182977560701e-01 9.971969711209316412e-01 9.654919112921074298e-01 9.981375982993483387e-01 9.948479528145131034e-01 1.000000000000000000e+00 9.986382705680489913e-01 9.997438348431498811e-01 9.997104860365441104e-01 9.943081987931392529e-01 9.892585861872207342e-01 9.997463713743336422e-01 9.979667752139144143e-01 9.921402575679798552e-01 9.987890737011747566e-01 9.999102848877732264e-01 9.997056122918229759e-01 9.998716832220088113e-01 9.949868182796082205e-01 9.998916919752791621e-01 1.000000000000000000e+00 9.923591876774997544e-01 9.641864116544685004e-01 9.839214995384019113e-01 9.558955409574420026e-01 9.466866551706250021e-01 9.521364903792457479e-01 9.498558307462480199e-01 9.744347880674179008e-01 0.000000000000000000e+00 9.897073921140586705e-01 9.827620254917366349e-01 9.934630030690684288e-01 9.882396621731068809e-01 9.845550615921261350e-01 9.487530295584882811e-01
9.967477878455901497e-01 9.956039922498078898e-01 9.990360678536069905e-01 9.964564513468013862e-01 9.722780631133552953e-01 9.985186120760654038e-01 9.923479604244169749e-01 9.996737475358652425e-01 9.913841394449822708e-01 9.994184331717280712e-01 9.998365015511524456e-01 9.992894630563902147e-01 9.978521209757095223e-01 9.998073049346855035e-01 9.999858756314931041e-01 9.976950410149660886e-01 9.941134621927075754e-01 9.998267842241640446e-01 9.995200783991765592e-01 9.976696469260070144e-01 9.997461902204415329e-01 9.999047827689692136e-01 9.999011789262888250e-01 9.998727553047552785e-01 9.982675606689639380e-01 9.999851439583120616e-01 1.000000000000000000e+00 9.980159226236824388e-01 9.942905198917548759e-01 9.956744592609970690e-01 9.862336218541867261e-01 9.903712795238529543e-01 9.804622222594647774e-01 9.827259219372641574e-01 9.931386235806187734e-01 9.897073921140586705e-01 0.000000000000000000e+00 9.546167707096845367e-01 9.760727959334752901e-01 9.233841173485287657e-01 8.862066252161028279e-01 9.866581054273646512e-01
9.980061991364561624e-01 9.842252124346847486e-01 9.999054403636934429e-01 9.984102077449955592e-01 9.951621636420288075e-01 9.998223310021645549e-01 9.980140426084768146e-01 9.999550864015178675e-01 9.994491539920150602e-01 9.983693399286739378e-01 9.997703551087194773e-01 9.995157078930844152e-01 9.992396589284948671e-01 9.996055409677616632e-01 9.995821400722629813e-01 9.991266441980298785e-01 9.988250858576249724e-01 9.993649998209712670e-01 9.982655041895949211e-01 9.956375096005206649e-01 9.988656340986615811e-01 9.999654330685450176e-01 9.996289360565036031e-01 9.995122063291788095e-01 9.996645944467736911e-01 9.999691926144624876e-01 9.998561148631497364e-01 9.891276225771103991e-01 9.987966671824861642e-01 9.855594090733430512e-01 9.910366663589095237e-01 9.930582852271641059e-01 9.858151771918481909e-01 9.977469010468554833e-01 9.656462066200440786e-01 9.827620254917366349e-01 9.546167707096845367e-01 0.000000000000000000e+00 9.688534258885689310e-01 9.652509618597588936e-01 9.407288204122423725e-01 9.981049363975962319e-01
