0.000000000000000000e+00 9.344994206106901347e-01 9.728828095734946002e-01 9.970246401915757728e-01 9.888624307194009422e-01 9.910414753525257359e-01 9.922202592709294944e-01 9.914616999969615430e-01 9.896694202524995987e-01 9.897269357212423735e-01 9.909478497159951438e-01 9.976660268226585915e-01 9.961588226435786897e-01 9.971201382017390591e-01 9.972973770284073725e-01 9.890495575499820280e-01 9.898353369901192744e-01 9.971630680172309802e-01 9.957865967680684660e-01 9.858931900427168049e-01 9.978232475083526065e-01 9.969273265057945199e-01 9.972685705488046892e-01 9.987441391588485207e-01 9.947030097918281299e-01 9.971274269272786261e-01 9.995493105450403704e-01 9.860333284343681948e-01 9.723140954943593206e-01 9.917592471728214898e-01 9.964410715057391288e-01 9.981285685706746680e-01 9.980633985886112614e-01 9.963393370657271930e-01 9.985972664170903457e-01 9.978938864116493335e-01 9.964372958552536463e-01 9.979512383519052454e-01 9.950620342416094388e-01 9.977329869823452491e-01 9.995874939714743945e-01 9.981961452461841633e-01
9.344994206106901347e-01 0.000000000000000000e+00 9.869695731105141423e-01 9.952487132998166786e-01 9.949780375207781802e-01 9.895225330054011614e-01 9.953426267676670491e-01 9.966371447557548224e-01 9.926838034706062519e-01 9.457156770348522645e-01 9.791781029878033893e-01 9.969231166883317785e-01 9.936047834708501281e-01 9.883899319691517027e-01 9.962586707493802374e-01 9.633844935090500883e-01 9.830713158197984525e-01 9.908512110425066188e-01 9.925751296908900123e-01 9.943372184864650576e-01 9.924919159134646396e-01 9.948940691425388616e-01 9.926502370761108862e-01 9.972571555472747873e-01 9.935040460001696161e-01 9.950624791781268463e-01 9.995448074478781031e-01 9.926382594676602666e-01 9.811792935724270581e-01 9.958057658576932036e-01 9.972010305563946408e-01 9.944828441531248231e-01 9.987952473125349950e-01 9.984333477643251298e-01 9.891884690183380124e-01 9.989330174519480687e-01 9.937953139372767142e-01 9.789894214290693064e-01 9.952763061741940476e-01 9.942883906157516938e-01 9.980609947064765786e-01 9.996628446348286845e-01
9.728828095734946002e-01 9.869695731105141423e-01 0.000000000000000000e+00 9.477410677112486637e-01 9.772167518224529337e-01 9.932079169918510697e-01 9.907217587615829713e-01 9.906157007827459671e-01 9.975767987317765151e-01 9.716399673588945740e-01 9.881489471899869148e-01 9.793667900940046245e-01 9.623024183365731510e-01 9.943775278627434711e-01 9.952008121902540250e-01 9.850302359735120250e-01 9.865195214462610940e-01 9.931380286345610209e-01 9.966072556421179396e-01 9.976630338343603910e-01 9.986447087190378769e-01 9.948106162679926090e-01 9.951385644571241196e-01 9.991487729602462897e-01 9.983236079474526736e-01 9.971984397594310101e-01 9.998104470826711943e-01 9.978639794985357803e-01 9.974986400723412361e-01 9.947647657437421742e-01 9.983360564686619698e-01 1.000000000000000000e+00 9.998522150380602103e-01 9.996507453446008551e-01 9.993891624866035883e-01 9.998857182366925889e-01 9.987549332900145238e-01 9.998852837640115343e-01 9.922497712474527276e-01 9.993469401541144048e-01 9.999072583529217129e-01 9.973936159037262161e-01
9.970246401915757728e-01 9.952487132998166786e-01 9.477410677112486637e-01 0.000000000000000000e+00 9.862939828814382137e-01 9.748451496943273398e-01 9.844686920724325940e-01 9.950264553688641378e-01 9.975330466311753685e-01 9.844726709243495355e-01 9.913312462531290725e-01 9.319924297085264708e-01 9.574093598508092162e-01 9.843421397524001470e-01 9.812799067157156330e-01 9.954592083788647017e-01 9.939449331505375573e-01 9.831998879560094329e-01 9.909920995466184879e-01 9.974431518071383840e-01 9.947743881539682365e-01 9.523789682347222341e-01 9.855623139963676227e-01 9.974972221027632591e-01 9.816614160679901779e-01 9.937198708981836992e-01 9.977840700317408551e-01 9.988778252970015314e-01 9.986630722302948238e-01 9.989425683972728010e-01 9.995417860155534351e-01 9.997682933986001830e-01 9.998071092395224291e-01 9.999192356482161648e-01 1.000000000000000000e+00 9.998114311623332862e-01 9.948155259034523468e-01 9.978203748089501390e-01 9.988604798821189013e-01 9.977125954640898575e-01 9.996362075473386177e-01 9.992011791789988662e-01
9.888624307194009422e-01 9.949780375207781802e-01 9.772167518224529337e-01 9.862939828814382137e-01 0.000000000000000000e+00 9.826989423364559384e-01 9.603195477738555308e-01 9.981933179037385528e-01 9.832131250543812984e-01 9.953003188961431213e-01 9.961441039915425177e-01 9.935015281856263147e-01 9.837729013139088208e-01 9.969824581287203280e-01 9.943600856090217821e-01 9.969889280813860610e-01 9.797942822232064142e-01 9.983840949901969797e-01 9.992996748774291005e-01 9.983921301525433556e-01 9.992579036327557951e-01 9.989454708752005807e-01 9.977917093894689282e-01 9.994207406114167247e-01 9.902244760496795584e-01 9.971220341687581090e-01 9.992774879975940827e-01 9.993771024051397722e-01 9.970888719070479800e-01 9.963232567197780609e-01 9.962357507230942266e-01 9.989119794708043454e-01 9.976948652054042910e-01 9.896772165589424741e-01 9.999734560246885673e-01 9.995601680025204550e-01 9.737098229224545598e-01 9.956943453168923819e-01 9.992339470249969047e-01 9.927579597072703210e-01 9.973972720817534388e-01 9.985541429358542054e-01
9.910414753525257359e-01 9.895225330054011614e-01 9.932079169918510697e-01 9.748451496943273398e-01 9.826989423364559384e-01 0.000000000000000000e+00 9.505783022668479187e-01 9.956334349058331146e-01 9.978745426831014953e-01 9.922909856199597645e-01 9.955039642614951223e-01 9.944153638169203058e-01 9.938307367835600425e-01 9.730039185940670965e-01 9.758487818595878993e-01 9.920074060441737007e-01 9.943152088895004237e-01 9.334704671110948260e-01 9.775084629118481194e-01 9.901790350750194758e-01 9.903066461865597248e-01 9.732056692458780356e-01 9.456484625945870137e-01 9.941617597494979419e-01 9.331970646550481474e-01 9.743186376389203485e-01 9.955763896016267545e-01 9.938067931785137255e-01 9.959485622808078586e-01 9.971587154875656278e-01 9.981798270711847998e-01 9.988181582133396352e-01 9.997925721880712713e-01 9.994099893585595140e-01 9.983164669990806095e-01 9.998127457075182134e-01 9.975106846864750798e-01 9.997197076694556150e-01 9.983440086488880594e-01 9.981644799328081019e-01 9.998704758099639101e-01 9.986622810986177656e-01
9.922202592709294944e-01 9.953426267676670491e-01 9.907217587615829713e-01 9.844686920724325940e-01 9.603195477738555308e-01 9.505783022668479187e-01 0.000000000000000000e+00 9.962175813286222592e-01 9.911196715774471810e-01 9.935735997167243205e-01 9.970590416009967871e-01 9.921628609085560990e-01 9.949893565754504010e-01 9.924257946558565635e-01 9.828283720995353301e-01 9.957648182355433031e-01 9.875669740810167907e-01 9.974211429550479124e-01 9.973060760099990985e-01 9.952845640496948976e-01 9.987178107678129635e-01 9.949506343479491699e-01 9.973031967512749896e-01 9.993281985475982454e-01 9.546437896973498649e-01 9.883260034393612781e-01 9.971714512178306844e-01 9.994684764862963311e-01 9.856475300904183889e-01 9.958320777309980221e-01 9.961084491227957249e-01 9.976255630829892196e-01 9.975750020452103239e-01 9.910836091550785376e-01 9.972238474509650397e-01 9.987256639105276390e-01 9.917463331461903175e-01 9.979983844980164776e-01 9.993214735246083169e-01 9.920075946462100225e-01 9.993104971008701654e-01 9.984894965670125799e-01
9.914616999969615430e-01 9.966371447557548224e-01 9.906157007827459671e-01 9.950264553688641378e-01 9.981933179037385528e-01 9.956334349058331146e-01 9.962175813286222592e-01 0.000000000000000000e+00 9.993917706766944908e-01 9.979896252601141438e-01 9.981682966516581823e-01 9.977384473988653024e-01 9.985039747198112270e-01 9.969050872191247414e-01 9.973156198508550396e-01 9.971560524533971126e-01 9.985985684563124520e-01 9.988339593606415656e-01 9.987687136372442875e-01 9.996734433409402154e-01 9.994769379988142077e-01 9.988328170953005847e-01 9.988572194930325221e-01 9.995128228488477928e-01 9.988533414664555465e-01 9.973212031723256432e-01 9.995326192985967140e-01 9.994167431632797749e-01 9.996640611994173087e-01 9.987166300034765465e-01 9.995374256898906795e-01 9.999144284375177660e-01 9.997706223936411174e-01 9.993904368579893394e-01 9.999002573617126188e-01 9.995792152915164985e-01 9.999327925745276069e-01 9.999914970197029129e-01 9.983376390285159108e-01 9.995136126657059306e-01 9.999231288709153898e-01 9.999484889896861350e-01
9.896694202524995987e-01 9.926838034706062519e-01 9.975767987317765151e-01 9.975330466311753685e-01 9.832131250543812984e-01 9.978745426831014953e-01 9.911196715774471810e-01 9.993917706766944908e-01 0.000000000000000000e+00 9.868137565377153031e-01 9.789823695374828549e-01 9.964174543957357022e-01 9.721388085725090056e-01 9.976462745695959811e-01 9.965050127477884656e-01 9.924591482806438547e-01 9.764423929878467412e-01 9.989922111406455141e-01 9.993635596607107763e-01 9.959917926948335110e-01 9.976226995003700804e-01 9.998257072053534644e-01 9.986552289135852689e-01 9.997389923623107855e-01 9.905649914750765950e-01 9.991077240297545625e-01 9.986506518640454466e-01 9.971910572471174294e-01 9.723582033553603843e-01 9.983768769772912721e-01 9.905361977839833854e-01 9.981303821314307934e-01 9.970406001088363279e-01 9.839596692534854361e-01 9.965008363798103508e-01 9.853915069598313536e-01 9.888378257853456255e-01 9.993248828856990951e-01 9.980846595699743862e-01 9.268980315033642503e-01 9.962506328448174076e-01 9.802275680403033098e-01
9.897269357212423735e-01 9.457156770348522645e-01 9.716399673588945740e-01 9.844726709243495355e-01 9.953003188961431213e-01 9.922909856199597645e-01 9.935735997167243205e-01 9.979896252601141438e-01 9.868137565377153031e-01 0.000000000000000000e+00 9.209210409135054620e-01 9.906268641667864694e-01 9.823738170064377773e-01 9.871744239962315648e-01 9.938352957967138135e-01 9.543275860747831851e-01 9.746266751729752986e-01 9.905881548959913907e-01 9.954424026913408774e-01 9.985633103860636073e-01 9.948474349670711758e-01 9.901642531032319727e-01 9.925171229814466756e-01 9.976037150903575013e-01 9.947468807082269215e-01 9.942970646606376084e-01 9.995200883764560063e-01 9.919157010098218485e-01 9.895308616152826975e-01 9.971262201775866751e-01 9.971787777387328688e-01 9.961956076308962071e-01 9.984694774076913193e-01 9.978505791649663337e-01 9.944052992109689848e-01 9.992747717021897014e-01 9.991843019516301050e-01 9.978510401897876525e-01 9.989774856881581400e-01 9.946874785457379131e-01 9.994897126115829256e-01 9.999826851863191646e-01
9.909478497159951438e-01 9.791781029878033893e-01 9.881489471899869148e-01 9.913312462531290725e-01 9.961441039915425177e-01 9.955039642614951223e-01 9.970590416009967871e-01 9.981682966516581823e-01 9.789823695374828549e-01 9.209210409135054620e-01 0.000000000000000000e+00 9.840144332465770027e-01 9.579265103114165125e-01 9.930280057013033401e-01 9.944174635876859014e-01 9.840386966700631621e-01 9.330139197240747695e-01 9.943873100103559626e-01 9.978443368280197623e-01 9.992218835824749901e-01 9.947053950596060901e-01 9.973651101710077072e-01 9.928574462327340866e-01 9.983869888608124521e-01 9.965328672443504177e-01 9.958923717082844851e-01 9.997131927316649236e-01 9.986170494672200748e-01 9.930270695300092987e-01 9.988136771257973834e-01 9.985596549790839438e-01 9.996397802216770989e-01 9.993767142350568067e-01 9.985458884351895437e-01 9.992888129649455387e-01 9.980581769377967483e-01 9.998021534402814492e-01 9.997395364046286481e-01 9.996988774792257004e-01 9.980232993531614749e-01 9.998000337501757873e-01 9.998347175196776737e-01
9.976660268226585915e-01 9.969231166883317785e-01 9.793667900940046245e-01 9.319924297085264708e-01 9.935015281856263147e-01 9.944153638169203058e-01 9.921628609085560990e-01 9.977384473988653024e-01 9.964174543957357022e-01 9.906268641667864694e-01 9.840144332465770027e-01 0.000000000000000000e+00 9.630251081467462448e-01 9.883745667456007578e-01 9.574495648454098840e-01 9.972990670564048088e-01 9.899561534109284633e-01 9.964528094204851971e-01 9.989095754779951930e-01 9.988280226940151607e-01 9.984514318398701738e-01 9.887751959886720288e-01 9.953651800403141570e-01 9.993723083856768108e-01 9.922735233507865571e-01 9.987830480403167011e-01 9.998064853748160896e-01 9.994564553083501446e-01 9.981426703569665770e-01 9.996600235999480999e-01 9.996760423154824604e-01 9.993509886528680886e-01 9.996226345062494412e-01 9.994459678122364910e-01 1.000000000000000000e+00 1.000000000000000000e+00 9.992540241555856184e-01 9.995251626760905950e-01 9.997541089756303290e-01 9.998619254225735720e-01 9.999580538872174795e-01 1.000000000000000000e+00
9.961588226435786897e-01 9.936047834708501281e-01 9.623024183365731510e-01 9.574093598508092162e-01 9.837729013139088208e-01 9.938307367835600425e-01 9.949893565754504010e-01 9.985039747198112270e-01 9.721388085725090056e-01 9.823738170064377773e-01 9.579265103114165125e-01 9.630251081467462448e-01 0.000000000000000000e+00 9.830891530412101398e-01 9.841822454199320447e-01 9.941971175524776383e-01 9.845798919358804691e-01 9.916811736137624012e-01 9.973890135799488021e-01 9.975764920819163439e-01 9.965210036470260047e-01 9.941415959940257396e-01 9.888889242762139986e-01 9.980466468144308934e-01 9.920951335420019612e-01 9.983427096016395108e-01 9.998904784771706078e-01 9.994126148055354486e-01 9.980122960666031329e-01 9.996839825586767425e-01 9.997064243470257239e-01 9.997055292118673941e-01 9.996330298187188212e-01 9.999261418396581114e-01 9.999533947631649156e-01 9.994903324990558335e-01 9.973405222997929753e-01 9.991189542099186971e-01 9.989840712577651161e-01 9.978221920792939015e-01 9.999685723932005832e-01 9.974822047002300796e-01
9.971201382017390591e-01 9.883899319691517027e-01 9.943775278627434711e-01 9.843421397524001470e-01 9.969824581287203280e-01 9.730039185940670965e-01 9.924257946558565635e-01 9.969050872191247414e-01 9.976462745695959811e-01 9.871744239962315648e-01 9.930280057013033401e-01 9.883745667456007578e-01 9.830891530412101398e-01 0.000000000000000000e+00 9.576968071293741058e-01 9.852401223039495282e-01 9.967380335146417414e-01 9.753719344828708504e-01 9.888889599112044015e-01 9.954093887158599330e-01 9.844077648876495834e-01 9.853431157092636949e-01 9.746140411898571720e-01 9.965419021771315666e-01 9.734685676289164258e-01 9.954254691454552662e-01 9.994869622149029631e-01 9.959491330163442457e-01 9.989054378023554115e-01 9.981276046274264457e-01 9.997225350293528212e-01 9.995824880117489819e-01 9.999119925262519581e-01 9.998569630502146532e-01 9.998084284654934484e-01 9.999102131246131453e-01 9.997797308392853965e-01 9.995805051314131662e-01 9.991935276372666541e-01 9.987730471146382127e-01 9.999408480894017570e-01 9.972718926105279547e-01
9.972973770284073725e-01 9.962586707493802374e-01 9.952008121902540250e-01 9.812799067157156330e-01 9.943600856090217821e-01 9.758487818595878993e-01 9.828283720995353301e-01 9.973156198508550396e-01 9.965050127477884656e-01 9.938352957967138135e-01 9.944174635876859014e-01 9.574495648454098840e-01 9.841822454199320447e-01 9.576968071293741058e-01 0.000000000000000000e+00 9.900989121364608403e-01 9.936596820875558400e-01 9.925910013207601690e-01 9.962872011562001751e-01 9.980852242917314099e-01 9.955906783433167151e-01 9.937566067544868487e-01 9.925613214523130168e-01 9.971292706055512323e-01 9.547589422958878691e-01 9.921643998734918091e-01 9.973381009667495745e-01 9.990035199893829709e-01 9.946857192787368351e-01 9.993017303962349329e-01 9.998076479742382672e-01 9.992475404469377542e-01 9.996376988065698299e-01 9.996867849309489795e-01 9.998848050505765306e-01 9.998990214849158287e-01 9.999857204277567968e-01 9.996063876726951625e-01 9.996712480113484345e-01 9.989005748303146914e-01 9.999821542602433944e-01 9.999892138960599919e-01
9.890495575499820280e-01 9.633844935090500883e-01 9.850302359735120250e-01 9.954592083788647017e-01 9.969889280813860610e-01 9.920074060441737007e-01 9.957648182355433031e-01 9.971560524533971126e-01 9.924591482806438547e-01 9.543275860747831851e-01 9.840386966700631621e-01 9.972990670564048088e-01 9.941971175524776383e-01 9.852401223039495282e-01 9.900989121364608403e-01 0.000000000000000000e+00 9.873835987648171830e-01 9.921631891494026023e-01 9.947028069118394322e-01 9.963442523123062777e-01 9.951971993921665538e-01 9.955597418859817305e-01 9.934696027672561547e-01 9.974078262519503468e-01 9.883765620324900247e-01 9.931261790817242918e-01 9.993361573955326094e-01 9.956566855317088294e-01 9.920690375779489534e-01 9.977852059847677202e-01 9.976685048682082391e-01 9.986709811227952871e-01 9.998648623189393403e-01 9.958307771846484080e-01 9.995742155613638324e-01 9.980983512109080635e-01 9.979942844667160085e-01 9.992923337152128660e-01 9.994719894050511089e-01 9.979236512890122812e-01 9.998144933551008640e-01 9.942398661849556341e-01
9.898353369901192744e-01 9.830713158197984525e-01 9.865195214462610940e-01 9.939449331505375573e-01 9.797942822232064142e-01 9.943152088895004237e-01 9.875669740810167907e-01 9.985985684563124520e-01 9.764423929878467412e-01 9.746266751729752986e-01 9.330139197240747695e-01 9.899561534109284633e-01 9.845798919358804691e-01 9.967380335146417414e-01 9.936596820875558400e-01 9.873835987648171830e-01 0.000000000000000000e+00 9.977316663895703375e-01 9.971644097015263108e-01 9.981891232169687322e-01 9.979829663322885569e-01 9.975987721788029949e-01 9.971396617213528213e-01 9.990160460930236352e-01 9.957753329483693960e-01 9.963981068033445077e-01 9.990615312400097370e-01 9.977263288314285328e-01 9.945342751905937861e-01 9.975732946769324538e-01 9.973960436770805682e-01 9.971088975219835060e-01 9.980605908318600505e-01 9.953434645843254325e-01 9.993136242446523099e-01 9.959621834456138245e-01 9.937857856466864037e-01 9.988353409003533079e-01 9.979275375419559557e-01 9.945294260507471229e-01 9.983872810743875670e-01 9.978221892867551457e-01
9.971630680172309802e-01 9.908512110425066188e-01 9.931380286345610209e-01 9.831998879560094329e-01 9.983840949901969797e-01 9.334704671110948260e-01 9.974211429550479124e-01 9.988339593606415656e-01 9.989922111406455141e-01 9.905881548959913907e-01 9.943873100103559626e-01 9.964528094204851971e-01 9.916811736137624012e-01 9.753719344828708504e-01 9.925910013207601690e-01 9.921631891494026023e-01 9.977316663895703375e-01 0.000000000000000000e+00 9.287096448390190773e-01 9.792042976459051085e-01 9.565411334930709053e-01 9.540542411138950296e-01 8.254769435587628879e-01 9.879937644790213191e-01 9.950976065548267080e-01 9.935709868830472358e-01 9.988055638116527524e-01 9.727383654510902700e-01 9.987953642598487169e-01 9.921998684515708211e-01 9.977805016297626173e-01 9.994059414326600388e-01 9.998241734050784535e-01 9.998732956756630763e-01 9.997325808534693881e-01 9.999068367102671440e-01 9.997093076884824292e-01 9.990031949692191882e-01 9.990770962674648814e-01 9.995607153647970700e-01 9.999615646097824717e-01 9.955493858497568294e-01
9.957865967680684660e-01 9.925751296908900123e-01 9.966072556421179396e-01 9.909920995466184879e-01 9.992996748774291005e-01 9.775084629118481194e-01 9.973060760099990985e-01 9.987687136372442875e-01 9.993635596607107763e-01 9.954424026913408774e-01 9.978443368280197623e-01 9.989095754779951930e-01 9.973890135799488021e-01 9.888889599112044015e-01 9.962872011562001751e-01 9.947028069118394322e-01 9.971644097015263108e-01 9.287096448390190773e-01 0.000000000000000000e+00 9.763112265345532670e-01 9.722579345560845576e-01 9.725595969753052517e-01 9.453593102577064755e-01 9.798338137634573508e-01 9.977787412987229043e-01 9.918399384601546132e-01 9.986392763614143631e-01 9.902341789629447444e-01 9.985302913915659051e-01 9.962355684495566299e-01 9.954231438191212256e-01 9.973065219159694683e-01 9.967347738153715664e-01 9.996770748561082387e-01 9.995892277912965529e-01 9.992895757165288773e-01 9.993979926716746176e-01 9.979776426208595286e-01 9.987224593603192258e-01 9.993837528234162937e-01 9.998395611218944268e-01 9.958037269254025325e-01
9.858931900427168049e-01 9.943372184864650576e-01 9.976630338343603910e-01 9.974431518071383840e-01 9.983921301525433556e-01 9.901790350750194758e-01 9.952845640496948976e-01 9.996734433409402154e-01 9.959917926948335110e-01 9.985633103860636073e-01 9.992218835824749901e-01 9.988280226940151607e-01 9.975764920819163439e-01 9.954093887158599330e-01 9.980852242917314099e-01 9.963442523123062777e-01 9.981891232169687322e-01 9.792042976459051085e-01 9.763112265345532670e-01 0.000000000000000000e+00 9.772290231006882655e-01 9.900333334924167339e-01 9.804343143027778318e-01 9.933716756390800207e-01 9.969000663120675121e-01 9.990144936648475138e-01 9.997787390656721618e-01 9.691848146995462043e-01 9.936604728404615505e-01 9.844399519796943610e-01 9.726934476459757617e-01 9.905615543846811866e-01 9.964185702006280732e-01 9.980356025004725185e-01 9.982942590024517227e-01 9.973179891608723313e-01 9.976467548624868842e-01 9.959045311085021890e-01 9.909009771465551175e-01 9.967773852409120838e-01 9.995470521521128138e-01 9.990335169610798927e-01
9.978232475083526065e-01 9.924919159134646396e-01 9.986447087190378769e-01 9.947743881539682365e-01 9.992579036327557951e-01 9.903066461865597248e-01 9.987178107678129635e-01 9.994769379988142077e-01 9.976226995003700804e-01 9.948474349670711758e-01 9.947053950596060901e-01 9.984514318398701738e-01 9.965210036470260047e-01 9.844077648876495834e-01 9.955906783433167151e-01 9.951971993921665538e-01 9.979829663322885569e-01 9.565411334930709053e-01 9.722579345560845576e-01 9.772290231006882655e-01 0.000000000000000000e+00 9.898429178956436036e-01 9.582260034167295881e-01 9.889216719801721123e-01 9.906517208361454996e-01 9.978546526190809063e-01 9.990850873621077710e-01 9.733796997772549142e-01 9.982602232261509334e-01 9.520067269808278887e-01 9.983853864346449170e-01 9.995548534290991105e-01 9.994047650234030300e-01 9.995472776605558440e-01 9.992547000517245648e-01 9.995876948544396567e-01 9.997152555556461095e-01 9.988195807584937524e-01 9.994208964615187707e-01 9.982574724252100129e-01 9.996471108363643721e-01 9.979669609030982214e-01
9.969273265057945199e-01 9.948940691425388616e-01 9.948106162679926090e-01 9.523789682347222341e-01 9.989454708752005807e-01 9.732056692458780356e-01 9.949506343479491699e-01 9.988328170953005847e-01 9.998257072053534644e-01 9.901642531032319727e-01 9.973651101710077072e-01 9.887751959886720288e-01 9.941415959940257396e-01 9.853431157092636949e-01 9.937566067544868487e-01 9.955597418859817305e-01 9.975987721788029949e-01 9.540542411138950296e-01 9.725595969753052517e-01 9.900333334924167339e-01 9.898429178956436036e-01 0.000000000000000000e+00 9.577029406645621856e-01 9.933051731981480392e-01 9.934811016384444970e-01 9.883155957660442192e-01 9.981789267706084878e-01 9.904881800941508496e-01 9.996695365949548329e-01 9.992255560611547072e-01 9.998884210314141763e-01 9.957225719895981264e-01 9.998867425996231795e-01 9.999796994089362734e-01 1.000000000000000000e+00 9.999692014229001336e-01 9.998829916752375313e-01 9.999606024918749059e-01 9.990992355669585656e-01 9.997364081710220507e-01 9.999818021348890751e-01 9.988320979188987092e-01
9.972685705488046892e-01 9.926502370761108862e-01 9.951385644571241196e-01 9.855623139963676227e-01 9.977917093894689282e-01 9.456484625945870137e-01 9.973031967512749896e-01 9.988572194930325221e-01 9.986552289135852689e-01 9.925171229814466756e-01 9.928574462327340866e-01 9.953651800403141570e-01 9.888889242762139986e-01 9.746140411898571720e-01 9.925613214523130168e-01 9.934696027672561547e-01 9.971396617213528213e-01 8.254769435587628879e-01 9.453593102577064755e-01 9.804343143027778318e-01 9.582260034167295881e-01 9.577029406645621856e-01 0.000000000000000000e+00 9.881534648856378222e-01 9.952463360229060196e-01 9.957091225761067754e-01 9.991372650918430853e-01 9.778160029434951328e-01 9.990597096930163845e-01 9.932032746816039648e-01 9.983028606388615334e-01 9.997001875756016398e-01 9.998171189006576087e-01 9.999133865589676651e-01 9.997578361380006218e-01 9.998950419671061018e-01 9.998451138470088040e-01 9.994580850584605658e-01 9.992059092685545707e-01 9.997638142930586058e-01 9.999746230158923499e-01 9.979947973858741550e-01
9.987441391588485207e-01 9.972571555472747873e-01 9.991487729602462897e-01 9.974972221027632591e-01 9.994207406114167247e-01 9.941617597494979419e-01 9.993281985475982454e-01 9.995128228488477928e-01 9.997389923623107855e-01 9.976037150903575013e-01 9.983869888608124521e-01 9.993723083856768108e-01 9.980466468144308934e-01 9.965419021771315666e-01 9.971292706055512323e-01 9.974078262519503468e-01 9.990160460930236352e-01 9.879937644790213191e-01 9.798338137634573508e-01 9.933716756390800207e-01 9.889216719801721123e-01 9.933051731981480392e-01 9.881534648856378222e-01 0.000000000000000000e+00 9.987200658168289280e-01 9.942027525844862046e-01 9.991017815334565233e-01 9.987535887717962080e-01 9.997057872614328877e-01 9.984146947648127046e-01 9.991067039420369333e-01 9.997203324989035744e-01 9.998695345155013126e-01 9.997251675147326155e-01 9.995440900170190490e-01 9.999716299921085350e-01 9.999482321339899782e-01 9.998189787234377235e-01 9.998881249723774456e-01 9.999923416246142560e-01 9.999443710971160915e-01 9.990956202129102071e-01
9.947030097918281299e-01 9.935040460001696161e-01 9.983236079474526736e-01 9.816614160679901779e-01 9.902244760496795584e-01 9.331970646550481474e-01 9.546437896973498649e-01 9.988533414664555465e-01 9.905649914750765950e-01 9.947468807082269215e-01 9.965328672443504177e-01 9.922735233507865571e-01 9.920951335420019612e-01 9.734685676289164258e-01 9.547589422958878691e-01 9.883765620324900247e-01 9.957753329483693960e-01 9.950976065548267080e-01 9.977787412987229043e-01 9.969000663120675121e-01 9.906517208361454996e-01 9.934811016384444970e-01 9.952463360229060196e-01 9.987200658168289280e-01 0.000000000000000000e+00 9.696355577723946295e-01 9.820400479795484694e-01 9.994081751016034021e-01 9.765114187256932476e-01 9.954151843893385143e-01 9.975392855117501956e-01 9.993715857045669670e-01 9.977019505398152521e-01 9.962392746828461210e-01 9.987372039565787230e-01 9.979618432698843522e-01 9.973007582859400033e-01 9.995074533903798297e-01 9.993354133825373964e-01 9.971234446782138994e-01 9.998944382913904638e-01 9.999033521952919168e-01
9.971274269272786261e-01 9.950624791781268463e-01 9.971984397594310101e-01 9.937198708981836992e-01 9.971220341687581090e-01 9.743186376389203485e-01 9.883260034393612781e-01 9.973212031723256432e-01 9.991077240297545625e-01 9.942970646606376084e-01 9.958923717082844851e-01 9.987830480403167011e-01 9.983427096016395108e-01 9.954254691454552662e-01 9.921643998734918091e-01 9.931261790817242918e-01 9.963981068033445077e-01 9.935709868830472358e-01 9.918399384601546132e-01 9.990144936648475138e-01 9.978546526190809063e-01 9.883155957660442192e-01 9.957091225761067754e-01 9.942027525844862046e-01 9.696355577723946295e-01 0.000000000000000000e+00 9.694767092195224478e-01 9.998413858979506852e-01 9.987460965995892392e-01 9.983769886884013012e-01 9.997662251506954645e-01 9.999611927716431925e-01 9.999528781603321814e-01 9.999749704480093149e-01 9.997777384216316454e-01 9.999624405461257082e-01 9.999880500871459743e-01 9.999767676516813086e-01 9.999611043415932432e-01 9.997813902107230977e-01 9.999859571874039066e-01 9.996041867784839496e-01
9.995493105450403704e-01 9.995448074478781031e-01 9.998104470826711943e-01 9.977840700317408551e-01 9.992774879975940827e-01 9.955763896016267545e-01 9.971714512178306844e-01 9.995326192985967140e-01 9.986506518640454466e-01 9.995200883764560063e-01 9.997131927316649236e-01 9.998064853748160896e-01 9.998904784771706078e-01 9.994869622149029631e-01 9.973381009667495745e-01 9.993361573955326094e-01 9.990615312400097370e-01 9.988055638116527524e-01 9.986392763614143631e-01 9.997787390656721618e-01 9.990850873621077710e-01 9.981789267706084878e-01 9.991372650918430853e-01 9.991017815334565233e-01 9.820400479795484694e-01 9.694767092195224478e-01 0.000000000000000000e+00 9.999606876274950151e-01 9.989931903735682628e-01 9.998616962348173542e-01 9.999755390859246251e-01 1.000000000000000000e+00 9.999873638188090386e-01 1.000000000000000000e+00 1.000000000000000000e+00 1.000000000000000000e+00 1.000000000000000000e+00 9.999698534908744163e-01 1.000000000000000000e+00 9.999908885376714851e-01 1.000000000000000000e+00 1.000000000000000000e+00
9.860333284343681948e-01 9.926382594676602666e-01 9.978639794985357803e-01 9.988778252970015314e-01 9.993771024051397722e-01 9.938067931785137255e-01 9.994684764862963311e-01 9.994167431632797749e-01 9.971910572471174294e-01 9.919157010098218485e-01 9.986170494672200748e-01 9.994564553083501446e-01 9.994126148055354486e-01 9.959491330163442457e-01 9.990035199893829709e-01 9.956566855317088294e-01 9.977263288314285328e-01 9.727383654510902700e-01 9.902341789629447444e-01 9.691848146995462043e-01 9.733796997772549142e-01 9.904881800941508496e-01 9.778160029434951328e-01 9.987535887717962080e-01 9.994081751016034021e-01 9.998413858979506852e-01 9.999606876274950151e-01 0.000000000000000000e+00 9.838216561094473844e-01 9.251834427000894534e-01 9.777497580484918460e-01 9.931138220916214676e-01 9.865916356756118111e-01 9.985641690283312277e-01 9.919746890086467150e-01 9.971447496398657684e-01 9.972169279255815866e-01 9.856891007925804304e-01 9.897685534761502257e-01 9.931873418933103714e-01 9.989250854691401615e-01 9.977560343768888673e-01
9.723140954943593206e-01 9.811792935724270581e-01 9.974986400723412361e-01 9.986630722302948238e-01 9.970888719070479800e-01 9.959485622808078586e-01 9.856475300904183889e-01 9.996640611994173087e-01 9.723582033553603843e-01 9.895308616152826975e-01 9.930270695300092987e-01 9.981426703569665770e-01 9.980122960666031329e-01 9.989054378023554115e-01 9.946857192787368351e-01 9.920690375779489534e-01 9.945342751905937861e-01 9.987953642598487169e-01 9.985302913915659051e-01 9.936604728404615505e-01 9.982602232261509334e-01 9.996695365949548329e-01 9.990597096930163845e-01 9.997057872614328877e-01 9.765114187256932476e-01 9.987460965995892392e-01 9.989931903735682628e-01 9.838216561094473844e-01 0.000000000000000000e+00 9.895384802653953704e-01 9.703105029663365855e-01 9.784003582215176076e-01 9.791281218313895307e-01 9.675159492094816960e-01 9.904719421834728976e-01 9.851359588912372844e-01 9.911786041199253106e-01 9.982451714160935907e-01 9.931332290683586583e-01 9.940755262620222243e-01 9.967277876662004044e-01 9.958944146821265830e-01
9.917592471728214898e-01 9.958057658576932036e-01 9.947647657437421742e-01 9.989425683972728010e-01 9.963232567197780609e-01 9.971587154875656278e-01 9.958320777309980221e-01 9.987166300034765465e-01 9.983768769772912721e-01 9.971262201775866751e-01 9.988136771257973834e-01 9.996600235999480999e-01 9.996839825586767425e-01 9.981276046274264457e-01 9.993017303962349329e-01 9.977852059847677202e-01 9.975732946769324538e-01 9.921998684515708211e-01 9.962355684495566299e-01 9.844399519796943610e-01 9.520067269808278887e-01 9.992255560611547072e-01 9.932032746816039648e-01 9.984146947648127046e-01 9.954151843893385143e-01 9.983769886884013012e-01 9.998616962348173542e-01 9.251834427000894534e-01 9.895384802653953704e-01 0.000000000000000000e+00 9.699324801593887102e-01 9.845446365068829531e-01 9.787140433065590894e-01 9.961712532064818104e-01 9.953384233801577663e-01 9.940592176202613928e-01 9.950572480447406054e-01 9.845373463046660500e-01 9.864483855653876088e-01 9.939935481716410948e-01 9.985087805918827497e-01 9.979063085956356716e-01
9.964410715057391288e-01 9.972010305563946408e-01 9.983360564686619698e-01 9.995417860155534351e-01 9.962357507230942266e-01 9.981798270711847998e-01 9.961084491227957249e-01 9.995374256898906795e-01 9.905361977839833854e-01 9.971787777387328688e-01 9.985596549790839438e-01 9.996760423154824604e-01 9.997064243470257239e-01 9.997225350293528212e-01 9.998076479742382672e-01 9.976685048682082391e-01 9.973960436770805682e-01 9.977805016297626173e-01 9.954231438191212256e-01 9.726934476459757617e-01 9.983853864346449170e-01 9.998884210314141763e-01 9.983028606388615334e-01 9.991067039420369333e-01 9.975392855117501956e-01 9.997662251506954645e-01 9.999755390859246251e-01 9.777497580484918460e-01 9.703105029663365855e-01 9.699324801593887102e-01 0.000000000000000000e+00 9.686044490688260344e-01 9.166037498808403683e-01 9.806379398020100835e-01 9.728342842295434334e-01 9.815071469932303838e-01 9.812127333941884633e-01 9.884359475041867293e-01 9.829173782191328312e-01 9.858541539216707505e-01 9.947183738592124680e-01 9.974814570337270370e-01
9.981285685706746680e-01 9.944828441531248231e-01 1.000000000000000000e+00 9.997682933986001830e-01 9.989119794708043454e-01 9.988181582133396352e-01 9.976255630829892196e-01 9.999144284375177660e-01 9.981303821314307934e-01 9.961956076308962071e-01 9.996397802216770989e-01 9.993509886528680886e-01 9.997055292118673941e-01 9.995824880117489819e-01 9.992475404469377542e-01 9.986709811227952871e-01 9.971088975219835060e-01 9.994059414326600388e-01 9.973065219159694683e-01 9.905615543846811866e-01 9.995548534290991105e-01 9.957225719895981264e-01 9.997001875756016398e-01 9.997203324989035744e-01 9.993715857045669670e-01 9.999611927716431925e-01 1.000000000000000000e+00 9.931138220916214676e-01 9.784003582215176076e-01 9.845446365068829531e-01 9.686044490688260344e-01 0.000000000000000000e+00 9.414390168205171161e-01 9.936642923920492310e-01 9.931438635362348499e-01 9.787242860853573312e-01 9.879333482597805194e-01 9.917917633761024199e-01 9.836974383049365001e-01 9.934658195069181463e-01 9.984764612197387645e-01 9.994003237059014833e-01
9.980633985886112614e-01 9.987952473125349950e-01 9.998522150380602103e-01 9.998071092395224291e-01 9.976948652054042910e-01 9.997925721880712713e-01 9.975750020452103239e-01 9.997706223936411174e-01 9.970406001088363279e-01 9.984694774076913193e-01 9.993767142350568067e-01 9.996226345062494412e-01 9.996330298187188212e-01 9.999119925262519581e-01 9.996376988065698299e-01 9.998648623189393403e-01 9.980605908318600505e-01 9.998241734050784535e-01 9.967347738153715664e-01 9.964185702006280732e-01 9.994047650234030300e-01 9.998867425996231795e-01 9.998171189006576087e-01 9.998695345155013126e-01 9.977019505398152521e-01 9.999528781603321814e-01 9.999873638188090386e-01 9.865916356756118111e-01 9.791281218313895307e-01 9.787140433065590894e-01 9.166037498808403683e-01 9.414390168205171161e-01 0.000000000000000000e+00 9.811652848267333749e-01 9.805274637382307423e-01 9.805566919129012904e-01 9.762077542301207389e-01 9.836895565037234723e-01 9.728586906965805969e-01 9.831990611236498534e-01 9.952119919615602939e-01 9.994286531339876545e-01
9.963393370657271930e-01 9.984333477643251298e-01 9.996507453446008551e-01 9.999192356482161648e-01 9.896772165589424741e-01 9.994099893585595140e-01 9.910836091550785376e-01 9.993904368579893394e-01 9.839596692534854361e-01 9.978505791649663337e-01 9.985458884351895437e-01 9.994459678122364910e-01 9.999261418396581114e-01 9.998569630502146532e-01 9.996867849309489795e-01 9.958307771846484080e-01 9.953434645843254325e-01 9.998732956756630763e-01 9.996770748561082387e-01 9.980356025004725185e-01 9.995472776605558440e-01 9.999796994089362734e-01 9.999133865589676651e-01 9.997251675147326155e-01 9.962392746828461210e-01 9.999749704480093149e-01 1.000000000000000000e+00 9.985641690283312277e-01 9.675159492094816960e-01 9.961712532064818104e-01 9.806379398020100835e-01 9.936642923920492310e-01 9.811652848267333749e-01 0.000000000000000000e+00 9.940232551689598406e-01 9.855549529855942570e-01 9.906925487791417018e-01 9.988527547753777158e-01 9.964061455833488345e-01 9.917502476085285901e-01 9.958025979249257587e-01 9.971512413493582860e-01
9.985972664170903457e-01 9.891884690183380124e-01 9.993891624866035883e-01 1.000000000000000000e+00 9.999734560246885673e-01 9.983164669990806095e-01 9.972238474509650397e-01 9.999002573617126188e-01 9.965008363798103508e-01 9.944052992109689848e-01 9.992888129649455387e-01 1.000000000000000000e+00 9.999533947631649156e-01 9.998084284654934484e-01 9.998848050505765306e-01 9.995742155613638324e-01 9.993136242446523099e-01 9.997325808534693881e-01 9.995892277912965529e-01 9.982942590024517227e-01 9.992547000517245648e-01 1.000000000000000000e+00 9.997578361380006218e-01 9.995440900170190490e-01 9.987372039565787230e-01 9.997777384216316454e-01 1.000000000000000000e+00 9.919746890086467150e-01 9.904719421834728976e-01 9.953384233801577663e-01 9.728342842295434334e-01 9.931438635362348499e-01 9.805274637382307423e-01 9.940232551689598406e-01 0.000000000000000000e+00 9.904716808030650244e-01 9.946064503482934249e-01 9.745886001351474759e-01 9.910475861391140340e-01 9.893006963031748535e-01 9.903885851589938616e-01 9.944855568180380745e-01
9.978938864116493335e-01 9.989330174519480687e-01 9.998857182366925889e-01 9.998114311623332862e-01 9.995601680025204550e-01 9.998127457075182134e-01 9.987256639105276390e-01 9.995792152915164985e-01 9.853915069598313536e-01 9.992747717021897014e-01 9.980581769377967483e-01 1.000000000000000000e+00 9.994903324990558335e-01 9.999102131246131453e-01 9.998990214849158287e-01 9.980983512109080635e-01 9.959621834456138245e-01 9.999068367102671440e-01 9.992895757165288773e-01 9.973179891608723313e-01 9.995876948544396567e-01 9.999692014229001336e-01 9.998950419671061018e-01 9.999716299921085350e-01 9.979618432698843522e-01 9.999624405461257082e-01 1.000000000000000000e+00 9.971447496398657684e-01 9.851359588912372844e-01 9.940592176202613928e-01 9.815071469932303838e-01 9.787242860853573312e-01 9.805566919129012904e-01 9.855549529855942570e-01 9.904716808030650244e-01 0.000000000000000000e+00 9.954067622053829334e-01 9.928091380610264416e-01 9.973087949584213963e-01 9.951659109260954095e-01 9.960385334429904258e-01 9.884221564811104255e-01
9.964372958552536463e-01 9.937953139372767142e-01 9.987549332900145238e-01 9.948155259034523468e-01 9.737098229224545598e-01 9.975106846864750798e-01 9.917463331461903175e-01 9.999327925745276069e-01 9.888378257853456255e-01 9.991843019516301050e-01 9.998021534402814492e-01 9.992540241555856184e-01 9.973405222997929753e-01 9.997797308392853965e-01 9.999857204277567968e-01 9.979942844667160085e-01 9.937857856466864037e-01 9.997093076884824292e-01 9.993979926716746176e-01 9.976467548624868842e-01 9.997152555556461095e-01 9.998829916752375313e-01 9.998451138470088040e-01 9.999482321339899782e-01 9.973007582859400033e-01 9.999880500871459743e-01 1.000000000000000000e+00 9.972169279255815866e-01 9.911786041199253106e-01 9.950572480447406054e-01 9.812127333941884633e-01 9.879333482597805194e-01 9.762077542301207389e-01 9.906925487791417018e-01 9.946064503482934249e-01 9.954067622053829334e-01 0.000000000000000000e+00 9.376558443504280360e-01 9.711384038036319222e-01 9.058501881617581075e-01 9.550510545600112700e-01 9.953498233865046840e-01
9.979512383519052454e-01 9.789894214290693064e-01 9.998852837640115343e-01 9.978203748089501390e-01 9.956943453168923819e-01 9.997197076694556150e-01 9.979983844980164776e-01 9.999914970197029129e-01 9.993248828856990951e-01 9.978510401897876525e-01 9.997395364046286481e-01 9.995251626760905950e-01 9.991189542099186971e-01 9.995805051314131662e-01 9.996063876726951625e-01 9.992923337152128660e-01 9.988353409003533079e-01 9.990031949692191882e-01 9.979776426208595286e-01 9.959045311085021890e-01 9.988195807584937524e-01 9.999606024918749059e-01 9.994580850584605658e-01 9.998189787234377235e-01 9.995074533903798297e-01 9.999767676516813086e-01 9.999698534908744163e-01 9.856891007925804304e-01 9.982451714160935907e-01 9.845373463046660500e-01 9.884359475041867293e-01 9.917917633761024199e-01 9.836895565037234723e-01 9.988527547753777158e-01 9.745886001351474759e-01 9.928091380610264416e-01 9.376558443504280360e-01 0.000000000000000000e+00 9.645013456355130410e-01 9.600749837689687149e-01 9.774020737877560094e-01 9.993748139027572863e-01
