0.000000000000000000e+00 5.451453378674311345e-01 6.654478236007095315e-01 9.476808908389331432e-01 6.293411616671826803e-01 8.702686146201916717e-01 6.659383138393588641e-01 8.193997799988831376e-01 8.782059587763834108e-01 7.312751873725151786e-01 7.749597395297747049e-01 9.462493922969062998e-01 9.555780743032290525e-01 8.092262126934453015e-01 9.525229825178759269e-01 7.361807737759131776e-01 6.944765406487375392e-01 8.944709349623655159e-01 9.048540498352953820e-01 8.570513352598908563e-01 9.691756586387862971e-01 9.340398583259255094e-01 8.959837728726711692e-01 9.652085860543336837e-01 9.461578195330943020e-01 9.580109087603407847e-01 1.000000000000000000e+00 7.928637268040846786e-01 7.915937792477081292e-01 7.678694810227015832e-01 9.071397036207355935e-01 9.642344017649664423e-01 9.245268200509185741e-01 9.381061212163440688e-01 9.178298430718895284e-01 9.515148005539613152e-01 9.291397054868071326e-01 9.044040541348727924e-01 9.761985857392669885e-01 9.438944361820056361e-01 9.492992806029508790e-01 1.000000000000000000e+00
5.451453378674311345e-01 0.000000000000000000e+00 8.061906686584834336e-01 9.329399393602703094e-01 8.272536585173578816e-01 7.057916017872901682e-01 8.516679042922263854e-01 8.299121126668218551e-01 8.954046489012920107e-01 6.532950098589630494e-01 7.850944708423306384e-01 9.429263149901616625e-01 6.561473572255553943e-01 5.935923388866808370e-01 6.364721936577155681e-01 5.023720905650009838e-01 8.197180324944313146e-01 7.179593066963958492e-01 7.167490063200366857e-01 6.625271327507307184e-01 9.696978847202729623e-01 9.521105330640007303e-01 7.312791372470375251e-01 9.703802184444647594e-01 9.330482749763888695e-01 9.793611440334595297e-01 1.000000000000000000e+00 8.243606721701639550e-01 8.458071238644656598e-01 8.773473877825725964e-01 9.262790509556743102e-01 9.546090775221511837e-01 9.629027434431676191e-01 9.391547274917037003e-01 8.481602212908251337e-01 9.724813135694722055e-01 9.417184472892479175e-01 8.764908670217010922e-01 9.380942593772567673e-01 9.533854974798756654e-01 9.369546219314623947e-01 9.418765123197342382e-01
6.654478236007095315e-01 8.061906686584834336e-01 0.000000000000000000e+00 7.730016678003891473e-01 7.417926792982290074e-01 9.252650140138687362e-01 7.706812775834759321e-01 6.763516573268186782e-01 9.479910134279491141e-01 8.145811270336250631e-01 8.481276942026767518e-01 8.332517521170789143e-01 8.130677672241553022e-01 8.930768666616767382e-01 9.410856188002104661e-01 8.769597572116401007e-01 8.299055809145959861e-01 8.809792000957639146e-01 9.185757856794372067e-01 9.559584270257888150e-01 9.713124829628766443e-01 7.809978339534495717e-01 8.856287059639798009e-01 1.000000000000000000e+00 9.741234626721579914e-01 1.000000000000000000e+00 1.000000000000000000e+00 9.436862214525911785e-01 9.541238664722807572e-01 7.985926952598298989e-01 1.000000000000000000e+00 1.000000000000000000e+00 1.000000000000000000e+00 1.000000000000000000e+00 9.771998864244426652e-01 1.000000000000000000e+00 9.518383372519467756e-01 1.000000000000000000e+00 9.373462727750007106e-01 9.605282790437319473e-01 1.000000000000000000e+00 9.550710725361490905e-01
9.476808908389331432e-01 9.329399393602703094e-01 7.730016678003891473e-01 0.000000000000000000e+00 8.861042964385990039e-01 6.287717177020064607e-01 8.180311875743152550e-01 7.409401561958351978e-01 9.414429159945580938e-01 9.008114083125718929e-01 8.908928913376394920e-01 6.130502381188749350e-01 7.275206986900017991e-01 7.319214571675773939e-01 7.687879257236265307e-01 9.223376459783071413e-01 8.600212895508361211e-01 6.966701903139413954e-01 7.417009555093969642e-01 8.847712761651025382e-01 6.912072400808109141e-01 7.100399811073832002e-01 6.926842156722323729e-01 9.717610912535585843e-01 6.026587229254833922e-01 8.330378889980294410e-01 8.245755183100972330e-01 9.754437894390579622e-01 9.599904668559874343e-01 9.351363803599453961e-01 9.594214663942283172e-01 9.664794841910373524e-01 1.000000000000000000e+00 9.541401206439306115e-01 1.000000000000000000e+00 1.000000000000000000e+00 9.186619452542341691e-01 1.000000000000000000e+00 9.776926509726023840e-01 9.513169548874670367e-01 9.479464990791587331e-01 9.608165450254489981e-01
6.293411616671826803e-01 8.272536585173578816e-01 7.417926792982290074e-01 8.861042964385990039e-01 0.000000000000000000e+00 7.423237383475765894e-01 4.272609208938061842e-01 9.493386367891910593e-01 6.885794084528075176e-01 8.303440036534107671e-01 9.123500424141121057e-01 9.544531431533450627e-01 9.312754686017299388e-01 9.499125004718030896e-01 9.385464671708929618e-01 7.991530243423825564e-01 5.466661283483180700e-01 9.138783056878609923e-01 9.821930962907921003e-01 9.652728349263599572e-01 9.815305551793337413e-01 9.761671890344707503e-01 9.146582059188854696e-01 1.000000000000000000e+00 7.277783439804630383e-01 7.459047206241826711e-01 1.000000000000000000e+00 9.777980468058963259e-01 8.051984909614475772e-01 7.872013174588344819e-01 7.860729800390524602e-01 1.000000000000000000e+00 1.000000000000000000e+00 7.596565003361281931e-01 1.000000000000000000e+00 1.000000000000000000e+00 8.925879573857593563e-01 1.000000000000000000e+00 1.000000000000000000e+00 8.015222355330227089e-01 9.334428410020958466e-01 1.000000000000000000e+00
8.702686146201916717e-01 7.057916017872901682e-01 9.252650140138687362e-01 6.287717177020064607e-01 7.423237383475765894e-01 0.000000000000000000e+00 6.728233128686944564e-01 6.494669302223188279e-01 8.725787291943628565e-01 8.594253883485909462e-01 9.119720962501228767e-01 8.827380917115448256e-01 6.679611323061429573e-01 6.489037664746940548e-01 6.203596814665348624e-01 6.884389478830070797e-01 8.577369217804735602e-01 5.699354142136829893e-01 6.355562088343675864e-01 6.959501613818031007e-01 7.635966083549986516e-01 8.179367003093569455e-01 5.734146420633419172e-01 9.189139035311076897e-01 5.755661957584388144e-01 5.724715708570576878e-01 6.061492254358766818e-01 9.398139418453224092e-01 9.544582945476727254e-01 9.477926091947496134e-01 9.517567635133858950e-01 9.674609289580924365e-01 9.757234307984860022e-01 9.614470161109355262e-01 9.832837531810700860e-01 9.779444015043715632e-01 9.441692783873649741e-01 9.721862818320881061e-01 9.007679263182364338e-01 8.695055273517642291e-01 9.562402297923838779e-01 9.128481047576474383e-01
6.659383138393588641e-01 8.516679042922263854e-01 7.706812775834759321e-01 8.180311875743152550e-01 4.272609208938061842e-01 6.728233128686944564e-01 0.000000000000000000e+00 9.537339126052102323e-01 7.316691932957293254e-01 8.496890406040968902e-01 9.453184265386634921e-01 7.920234745108755137e-01 9.404586134211604387e-01 9.582434479648396231e-01 8.897786772079571138e-01 8.227976051483388842e-01 5.955381350348079028e-01 8.978307140385334284e-01 9.024279200921649924e-01 9.267589439725655298e-01 9.415707426720176798e-01 9.384389294042575491e-01 8.993828421814086260e-01 9.730764071385296088e-01 6.430300941221669397e-01 7.634432495988986433e-01 9.648697308148226348e-01 1.000000000000000000e+00 8.131237075948222204e-01 8.032187111144237779e-01 7.989688600124347229e-01 9.774014382737842288e-01 9.587010903031100151e-01 7.844633397148358389e-01 1.000000000000000000e+00 9.693645338940277689e-01 9.451642372886448484e-01 9.684558328535785021e-01 9.548830924783296981e-01 8.202336214603196396e-01 9.751855272030738320e-01 9.352934181184487938e-01
8.193997799988831376e-01 8.299121126668218551e-01 6.763516573268186782e-01 7.409401561958351978e-01 9.493386367891910593e-01 6.494669302223188279e-01 9.537339126052102323e-01 0.000000000000000000e+00 1.000000000000000000e+00 9.643936827198728023e-01 1.000000000000000000e+00 9.544896595435132802e-01 9.692900960942223421e-01 9.646111845556329945e-01 9.535827397799088168e-01 8.294497373614850844e-01 8.003614882269309838e-01 9.597525593568123625e-01 9.529251328936582111e-01 1.000000000000000000e+00 9.815453627313791563e-01 9.587534557443299077e-01 9.618645883492532578e-01 9.639218371696386400e-01 9.796124826862200319e-01 9.564579561724876333e-01 1.000000000000000000e+00 1.000000000000000000e+00 9.704879511724459062e-01 9.465076024239885699e-01 1.000000000000000000e+00 1.000000000000000000e+00 1.000000000000000000e+00 1.000000000000000000e+00 1.000000000000000000e+00 9.762985309644064413e-01 1.000000000000000000e+00 1.000000000000000000e+00 1.000000000000000000e+00 1.000000000000000000e+00 1.000000000000000000e+00 9.132918622960034538e-01
8.782059587763834108e-01 8.954046489012920107e-01 9.479910134279491141e-01 9.414429159945580938e-01 6.885794084528075176e-01 8.725787291943628565e-01 7.316691932957293254e-01 1.000000000000000000e+00 0.000000000000000000e+00 7.554310409884151811e-01 7.544148880848857708e-01 9.149219596970392665e-01 8.230511870750957248e-01 9.494720339826736577e-01 9.280512509780565189e-01 7.973867879949209092e-01 6.487469044460876244e-01 9.623802706946782415e-01 9.667380676444154997e-01 9.205536358247872197e-01 9.701225492989467014e-01 1.000000000000000000e+00 9.614983597975821361e-01 1.000000000000000000e+00 8.405623955183200158e-01 1.000000000000000000e+00 1.000000000000000000e+00 9.344277248119265966e-01 7.587276934767666070e-01 7.987541335818802990e-01 7.800601821782361389e-01 9.673157167647525867e-01 9.228881492144999088e-01 7.466542071878524700e-01 9.287624716579052642e-01 9.299428182762442541e-01 8.559281860726006830e-01 9.677401582042137740e-01 9.467215158414351572e-01 5.774232065307276507e-01 8.731126799197340693e-01 9.532074590625840838e-01
7.312751873725151786e-01 6.532950098589630494e-01 8.145811270336250631e-01 9.008114083125718929e-01 8.303440036534107671e-01 8.594253883485909462e-01 8.496890406040968902e-01 9.643936827198728023e-01 7.554310409884151811e-01 0.000000000000000000e+00 5.193035437335018489e-01 9.120082815650107921e-01 8.778054152286861589e-01 7.208314454565937224e-01 9.403902379021407132e-01 5.639798806145404075e-01 6.926620498314393082e-01 8.814910790427991083e-01 9.459280561944527488e-01 1.000000000000000000e+00 9.788023170179870336e-01 9.202520949710026876e-01 9.342943709924104168e-01 1.000000000000000000e+00 8.654746309213636746e-01 8.863166371883010042e-01 8.811226458202042755e-01 9.046567937727805209e-01 8.955173827858268210e-01 1.000000000000000000e+00 9.003551751262049985e-01 1.000000000000000000e+00 9.028995465179273650e-01 9.524120174331919264e-01 8.927839127417920295e-01 8.246191411379752978e-01 9.383607236196013224e-01 9.656680598549431949e-01 1.000000000000000000e+00 8.121091884145498208e-01 9.416571386706236169e-01 1.000000000000000000e+00
7.749597395297747049e-01 7.850944708423306384e-01 8.481276942026767518e-01 8.908928913376394920e-01 9.123500424141121057e-01 9.119720962501228767e-01 9.453184265386634921e-01 1.000000000000000000e+00 7.544148880848857708e-01 5.193035437335018489e-01 0.000000000000000000e+00 8.356738418773015376e-01 7.115843640640600043e-01 7.523869585094378198e-01 8.624580903379700514e-01 7.115085945914150223e-01 6.866490445351207672e-01 9.119208533341097711e-01 9.523107445498351087e-01 9.821013786237240417e-01 9.835121237908788228e-01 9.787241879368600017e-01 9.142559848349675056e-01 9.813901449002818689e-01 9.518082643913703400e-01 1.000000000000000000e+00 1.000000000000000000e+00 9.801800725782791046e-01 9.187318510190924936e-01 9.786269615872326133e-01 9.641220448205447546e-01 1.000000000000000000e+00 1.000000000000000000e+00 9.765898813564887204e-01 9.773029510103402595e-01 8.024877230037007481e-01 1.000000000000000000e+00 1.000000000000000000e+00 1.000000000000000000e+00 9.546280113370746445e-01 9.656959793217231303e-01 9.552741671956797020e-01
9.462493922969062998e-01 9.429263149901616625e-01 8.332517521170789143e-01 6.130502381188749350e-01 9.544531431533450627e-01 8.827380917115448256e-01 7.920234745108755137e-01 9.544896595435132802e-01 9.149219596970392665e-01 9.120082815650107921e-01 8.356738418773015376e-01 0.000000000000000000e+00 7.657248384690996668e-01 8.470470072689988417e-01 7.927396269921572758e-01 8.969950814086931068e-01 8.525500426670832299e-01 8.894552308346580505e-01 9.058158841456331878e-01 1.000000000000000000e+00 9.729061064695248007e-01 8.476053756954204932e-01 8.965106520843639792e-01 1.000000000000000000e+00 7.184199481069242221e-01 1.000000000000000000e+00 1.000000000000000000e+00 9.769700092395036117e-01 9.566723367595243444e-01 9.104574111838313888e-01 9.518619210118479668e-01 1.000000000000000000e+00 9.530910982539682053e-01 9.615310514211524717e-01 1.000000000000000000e+00 9.753948411401474061e-01 1.000000000000000000e+00 1.000000000000000000e+00 1.000000000000000000e+00 1.000000000000000000e+00 9.718147603688858105e-01 1.000000000000000000e+00
9.555780743032290525e-01 6.561473572255553943e-01 8.130677672241553022e-01 7.275206986900017991e-01 9.312754686017299388e-01 6.679611323061429573e-01 9.404586134211604387e-01 9.692900960942223421e-01 8.230511870750957248e-01 8.778054152286861589e-01 7.115843640640600043e-01 7.657248384690996668e-01 0.000000000000000000e+00 5.060527624199027130e-01 4.456739741101214403e-01 6.452745838599623918e-01 9.087294550728399756e-01 6.986870730141648833e-01 7.189362457533285955e-01 6.747878212154424515e-01 8.362194544275012298e-01 9.208706712882090972e-01 6.927827758814303349e-01 1.000000000000000000e+00 8.091892956134560944e-01 1.000000000000000000e+00 9.766816851908166619e-01 9.809669772663572873e-01 9.689894191124247547e-01 9.289011467877412720e-01 9.801082605446160834e-01 1.000000000000000000e+00 1.000000000000000000e+00 1.000000000000000000e+00 1.000000000000000000e+00 9.796651873283526157e-01 9.674444853242436526e-01 1.000000000000000000e+00 1.000000000000000000e+00 9.622667552035256699e-01 1.000000000000000000e+00 1.000000000000000000e+00
8.092262126934453015e-01 5.935923388866808370e-01 8.930768666616767382e-01 7.319214571675773939e-01 9.499125004718030896e-01 6.489037664746940548e-01 9.582434479648396231e-01 9.646111845556329945e-01 9.494720339826736577e-01 7.208314454565937224e-01 7.523869585094378198e-01 8.470470072689988417e-01 5.060527624199027130e-01 0.000000000000000000e+00 4.426500167582164691e-01 5.679912419499038023e-01 6.761957529629041286e-01 6.062753043424458088e-01 7.138180845574465527e-01 6.859940324903943676e-01 7.635100802519856344e-01 8.627163305664362625e-01 6.132461433449597488e-01 7.357353249836289244e-01 7.079034215047240730e-01 8.799425663838181810e-01 8.037615551167653916e-01 9.561342731038240395e-01 9.554302464116728455e-01 1.000000000000000000e+00 9.581495913331425918e-01 1.000000000000000000e+00 1.000000000000000000e+00 9.527027094889576331e-01 1.000000000000000000e+00 1.000000000000000000e+00 9.515675421921031552e-01 9.802995254434454520e-01 9.674638385326891354e-01 1.000000000000000000e+00 9.509924857107092677e-01 9.428493624978340204e-01
9.525229825178759269e-01 6.364721936577155681e-01 9.410856188002104661e-01 7.687879257236265307e-01 9.385464671708929618e-01 6.203596814665348624e-01 8.897786772079571138e-01 9.535827397799088168e-01 9.280512509780565189e-01 9.403902379021407132e-01 8.624580903379700514e-01 7.927396269921572758e-01 4.456739741101214403e-01 4.426500167582164691e-01 0.000000000000000000e+00 6.304272128270942410e-01 7.986434272242727284e-01 6.746583559943208908e-01 6.991635191701579544e-01 6.519364388514605757e-01 8.241394813408156050e-01 9.344912739264473744e-01 6.716540921739644343e-01 1.000000000000000000e+00 7.158672522176976472e-01 9.484552848526053292e-01 8.118428889407591775e-01 9.712320568728254333e-01 9.617293959448712792e-01 9.780639705692334429e-01 9.631769772021688825e-01 1.000000000000000000e+00 9.521563082775422737e-01 9.759732312446955937e-01 1.000000000000000000e+00 9.782666725594542090e-01 1.000000000000000000e+00 1.000000000000000000e+00 9.630418330387239267e-01 1.000000000000000000e+00 9.647923709928487579e-01 9.540960360542354302e-01
7.361807737759131776e-01 5.023720905650009838e-01 8.769597572116401007e-01 9.223376459783071413e-01 7.991530243423825564e-01 6.884389478830070797e-01 8.227976051483388842e-01 8.294497373614850844e-01 7.973867879949209092e-01 5.639798806145404075e-01 7.115085945914150223e-01 8.969950814086931068e-01 6.452745838599623918e-01 5.679912419499038023e-01 6.304272128270942410e-01 0.000000000000000000e+00 7.589859657283273275e-01 7.179871057458782069e-01 7.155029345262540197e-01 6.589001011758444104e-01 9.512243934055840677e-01 9.601934900690746177e-01 7.320628660269050680e-01 9.753795520376542516e-01 8.759492359784641913e-01 8.793013760303460824e-01 8.776712847234457993e-01 9.443761204929648212e-01 8.264601866673724206e-01 8.189447370233235990e-01 8.223993055019642728e-01 9.793346038224941541e-01 1.000000000000000000e+00 7.969089422966646463e-01 9.787671957402070966e-01 8.206177955985382022e-01 9.498550936623869623e-01 9.711542389702593203e-01 9.587425616048115273e-01 9.632416162277332994e-01 9.492597046463532307e-01 9.581595451583595491e-01
6.944765406487375392e-01 8.197180324944313146e-01 8.299055809145959861e-01 8.600212895508361211e-01 5.466661283483180700e-01 8.577369217804735602e-01 5.955381350348079028e-01 8.003614882269309838e-01 6.487469044460876244e-01 6.926620498314393082e-01 6.866490445351207672e-01 8.525500426670832299e-01 9.087294550728399756e-01 6.761957529629041286e-01 7.986434272242727284e-01 7.589859657283273275e-01 0.000000000000000000e+00 7.785136045232765589e-01 9.437768693468729930e-01 9.195412484196182623e-01 9.572084715379910458e-01 9.791296272128036104e-01 7.737323708809846767e-01 7.189644722106559582e-01 8.092256272359721336e-01 1.000000000000000000e+00 8.315695852877444949e-01 9.565258476361144790e-01 8.274628452147811952e-01 8.078457606293473203e-01 8.104731506450204570e-01 9.783304528446196136e-01 9.676658094875825178e-01 7.907879369745439702e-01 9.614367095391054274e-01 9.640218226784637023e-01 9.592705496076149307e-01 9.786118557966410059e-01 9.750225710330230333e-01 8.022049467127494449e-01 8.935883722335220547e-01 9.379534704759924235e-01
8.944709349623655159e-01 7.179593066963958492e-01 8.809792000957639146e-01 6.966701903139413954e-01 9.138783056878609923e-01 5.699354142136829893e-01 8.978307140385334284e-01 9.597525593568123625e-01 9.623802706946782415e-01 8.814910790427991083e-01 9.119208533341097711e-01 8.894552308346580505e-01 6.986870730141648833e-01 6.062753043424458088e-01 6.746583559943208908e-01 7.179871057458782069e-01 7.785136045232765589e-01 0.000000000000000000e+00 4.658465254611052764e-01 5.342885953720044601e-01 5.095783949266721180e-01 7.073788035575843125e-01 3.213647946006431555e-01 5.661436175359506606e-01 8.082046449387005893e-01 8.640180099085233989e-01 8.904205271204694849e-01 7.326706873358017624e-01 9.623732838019655178e-01 8.498895210382740872e-01 9.024568916131777696e-01 9.851393683346300056e-01 9.843204198561557039e-01 9.647856146576245795e-01 9.784068556371343650e-01 1.000000000000000000e+00 9.639404453426896335e-01 9.672021375630189821e-01 9.616981131462672971e-01 9.784173726356411027e-01 9.635122969157789985e-01 9.574494743817549836e-01
9.048540498352953820e-01 7.167490063200366857e-01 9.185757856794372067e-01 7.417009555093969642e-01 9.821930962907921003e-01 6.355562088343675864e-01 9.024279200921649924e-01 9.529251328936582111e-01 9.667380676444154997e-01 9.459280561944527488e-01 9.523107445498351087e-01 9.058158841456331878e-01 7.189362457533285955e-01 7.138180845574465527e-01 6.991635191701579544e-01 7.155029345262540197e-01 9.437768693468729930e-01 4.658465254611052764e-01 0.000000000000000000e+00 5.524283213079257404e-01 5.342278616157005722e-01 7.579853712846038594e-01 4.666329842958489849e-01 5.683465569531163109e-01 9.027958531430473332e-01 9.000311476055491422e-01 9.494498086130522818e-01 8.802128050587856301e-01 9.792536884747082837e-01 8.697360566490592859e-01 9.484594100703335195e-01 1.000000000000000000e+00 1.000000000000000000e+00 9.815801561501787953e-01 9.642824451590590318e-01 9.833383963582906784e-01 1.000000000000000000e+00 9.579770054294549642e-01 9.433328991230223171e-01 9.747561758276706012e-01 1.000000000000000000e+00 9.648082579651026114e-01
8.570513352598908563e-01 6.625271327507307184e-01 9.559584270257888150e-01 8.847712761651025382e-01 9.652728349263599572e-01 6.959501613818031007e-01 9.267589439725655298e-01 1.000000000000000000e+00 9.205536358247872197e-01 1.000000000000000000e+00 9.821013786237240417e-01 1.000000000000000000e+00 6.747878212154424515e-01 6.859940324903943676e-01 6.519364388514605757e-01 6.589001011758444104e-01 9.195412484196182623e-01 5.342885953720044601e-01 5.524283213079257404e-01 0.000000000000000000e+00 5.262216497352066868e-01 8.627770651542676639e-01 5.267281738533329261e-01 4.896967085694429178e-01 8.836335346641781552e-01 9.437198812959375349e-01 9.473049642827198191e-01 8.469224582624710340e-01 9.207845107289548414e-01 7.891470253828130055e-01 8.768949310105215167e-01 9.661023941762292289e-01 9.707974648694799313e-01 9.536242186010135402e-01 9.467988477636281042e-01 9.734690934066141388e-01 9.003865859384473369e-01 9.568066719341222770e-01 8.503651912078789010e-01 9.123933158219833528e-01 9.785101862768453840e-01 9.439628477027793840e-01
9.691756586387862971e-01 9.696978847202729623e-01 9.713124829628766443e-01 6.912072400808109141e-01 9.815305551793337413e-01 7.635966083549986516e-01 9.415707426720176798e-01 9.815453627313791563e-01 9.701225492989467014e-01 9.788023170179870336e-01 9.835121237908788228e-01 9.729061064695248007e-01 8.362194544275012298e-01 7.635100802519856344e-01 8.241394813408156050e-01 9.512243934055840677e-01 9.572084715379910458e-01 5.095783949266721180e-01 5.342278616157005722e-01 5.262216497352066868e-01 0.000000000000000000e+00 9.017779724472378966e-01 5.011718940373075526e-01 4.576922082693485327e-01 6.818704238701223108e-01 8.455512767469535174e-01 8.341985841061707596e-01 8.235493344525963710e-01 9.569635617504249625e-01 8.593723546997207308e-01 9.521854790015205072e-01 9.687741576930209986e-01 1.000000000000000000e+00 9.729811803235464129e-01 9.629535028078598513e-01 9.755602236378210224e-01 9.804362717552720374e-01 9.564134567078890203e-01 9.584394364939925470e-01 9.629715464030444982e-01 1.000000000000000000e+00 9.483796203760762600e-01
9.340398583259255094e-01 9.521105330640007303e-01 7.809978339534495717e-01 7.100399811073832002e-01 9.761671890344707503e-01 8.179367003093569455e-01 9.384389294042575491e-01 9.587534557443299077e-01 1.000000000000000000e+00 9.202520949710026876e-01 9.787241879368600017e-01 8.476053756954204932e-01 9.208706712882090972e-01 8.627163305664362625e-01 9.344912739264473744e-01 9.601934900690746177e-01 9.791296272128036104e-01 7.073788035575843125e-01 7.579853712846038594e-01 8.627770651542676639e-01 9.017779724472378966e-01 0.000000000000000000e+00 7.125835833578564316e-01 7.689427610739648644e-01 9.492493329183143702e-01 9.180654262874250460e-01 9.638360683226334658e-01 9.139411163638919700e-01 1.000000000000000000e+00 9.099683011361641150e-01 9.781859530663569169e-01 9.767365049790610598e-01 1.000000000000000000e+00 1.000000000000000000e+00 1.000000000000000000e+00 1.000000000000000000e+00 9.747551352211805131e-01 9.770386071008214657e-01 9.535555861383442355e-01 9.662135933696837098e-01 9.744553936063619082e-01 9.528992715880368891e-01
8.959837728726711692e-01 7.312791372470375251e-01 8.856287059639798009e-01 6.926842156722323729e-01 9.146582059188854696e-01 5.734146420633419172e-01 8.993828421814086260e-01 9.618645883492532578e-01 9.614983597975821361e-01 9.342943709924104168e-01 9.142559848349675056e-01 8.965106520843639792e-01 6.927827758814303349e-01 6.132461433449597488e-01 6.716540921739644343e-01 7.320628660269050680e-01 7.737323708809846767e-01 3.213647946006431555e-01 4.666329842958489849e-01 5.267281738533329261e-01 5.011718940373075526e-01 7.125835833578564316e-01 0.000000000000000000e+00 5.563426880352992931e-01 8.065329157427395534e-01 8.678814257543162602e-01 8.903721888834671416e-01 7.319037294982941866e-01 9.594081702856723792e-01 8.492157513691768189e-01 9.043316303532007439e-01 1.000000000000000000e+00 1.000000000000000000e+00 9.639600917008820380e-01 9.687468028833667866e-01 1.000000000000000000e+00 9.595727177307018518e-01 9.787705325115974020e-01 9.570587821730445199e-01 9.687620248363109088e-01 9.626569238561055730e-01 9.692068940443354652e-01
9.652085860543336837e-01 9.703802184444647594e-01 1.000000000000000000e+00 9.717610912535585843e-01 1.000000000000000000e+00 9.189139035311076897e-01 9.730764071385296088e-01 9.639218371696386400e-01 1.000000000000000000e+00 1.000000000000000000e+00 9.813901449002818689e-01 1.000000000000000000e+00 1.000000000000000000e+00 7.357353249836289244e-01 1.000000000000000000e+00 9.753795520376542516e-01 7.189644722106559582e-01 5.661436175359506606e-01 5.683465569531163109e-01 4.896967085694429178e-01 4.576922082693485327e-01 7.689427610739648644e-01 5.563426880352992931e-01 0.000000000000000000e+00 9.762718117515073457e-01 9.641661023343529591e-01 9.776324978120046749e-01 9.452291667143211118e-01 9.757124001395188762e-01 8.500638700654118418e-01 9.669513505279629939e-01 1.000000000000000000e+00 1.000000000000000000e+00 9.784359838436046397e-01 1.000000000000000000e+00 9.724148403953893904e-01 1.000000000000000000e+00 9.652131020152737717e-01 9.765453095686887908e-01 1.000000000000000000e+00 9.684011658633469022e-01 9.588012091742247334e-01
9.461578195330943020e-01 9.330482749763888695e-01 9.741234626721579914e-01 6.026587229254833922e-01 7.277783439804630383e-01 5.755661957584388144e-01 6.430300941221669397e-01 9.796124826862200319e-01 8.405623955183200158e-01 8.654746309213636746e-01 9.518082643913703400e-01 7.184199481069242221e-01 8.091892956134560944e-01 7.079034215047240730e-01 7.158672522176976472e-01 8.759492359784641913e-01 8.092256272359721336e-01 8.082046449387005893e-01 9.027958531430473332e-01 8.836335346641781552e-01 6.818704238701223108e-01 9.492493329183143702e-01 8.065329157427395534e-01 9.762718117515073457e-01 0.000000000000000000e+00 6.457786850791524813e-01 6.804875053085565062e-01 9.642613087009905826e-01 8.221068732214915631e-01 9.390641524562856057e-01 9.229986913676392346e-01 1.000000000000000000e+00 9.530111814313715346e-01 9.366813773578649416e-01 1.000000000000000000e+00 9.809084557175826724e-01 9.283185480682738522e-01 9.721996265489758482e-01 9.602377557715913170e-01 8.402542449308783024e-01 9.510985632033669424e-01 1.000000000000000000e+00
9.580109087603407847e-01 9.793611440334595297e-01 1.000000000000000000e+00 8.330378889980294410e-01 7.459047206241826711e-01 5.724715708570576878e-01 7.634432495988986433e-01 9.564579561724876333e-01 1.000000000000000000e+00 8.863166371883010042e-01 1.000000000000000000e+00 1.000000000000000000e+00 1.000000000000000000e+00 8.799425663838181810e-01 9.484552848526053292e-01 8.793013760303460824e-01 1.000000000000000000e+00 8.640180099085233989e-01 9.000311476055491422e-01 9.437198812959375349e-01 8.455512767469535174e-01 9.180654262874250460e-01 8.678814257543162602e-01 9.641661023343529591e-01 6.457786850791524813e-01 0.000000000000000000e+00 3.921647750903543006e-01 9.779660433874470815e-01 9.706877608329825824e-01 9.762394386697278437e-01 9.674333952304324802e-01 9.754418185071688230e-01 1.000000000000000000e+00 1.000000000000000000e+00 1.000000000000000000e+00 1.000000000000000000e+00 1.000000000000000000e+00 1.000000000000000000e+00 1.000000000000000000e+00 1.000000000000000000e+00 1.000000000000000000e+00 1.000000000000000000e+00
1.000000000000000000e+00 1.000000000000000000e+00 1.000000000000000000e+00 8.245755183100972330e-01 1.000000000000000000e+00 6.061492254358766818e-01 9.648697308148226348e-01 1.000000000000000000e+00 1.000000000000000000e+00 8.811226458202042755e-01 1.000000000000000000e+00 1.000000000000000000e+00 9.766816851908166619e-01 8.037615551167653916e-01 8.118428889407591775e-01 8.776712847234457993e-01 8.315695852877444949e-01 8.904205271204694849e-01 9.494498086130522818e-01 9.473049642827198191e-01 8.341985841061707596e-01 9.638360683226334658e-01 8.903721888834671416e-01 9.776324978120046749e-01 6.804875053085565062e-01 3.921647750903543006e-01 0.000000000000000000e+00 1.000000000000000000e+00 9.683092102398558332e-01 1.000000000000000000e+00 1.000000000000000000e+00 1.000000000000000000e+00 1.000000000000000000e+00 1.000000000000000000e+00 1.000000000000000000e+00 1.000000000000000000e+00 9.711876714735150351e-01 1.000000000000000000e+00 1.000000000000000000e+00 1.000000000000000000e+00 1.000000000000000000e+00 1.000000000000000000e+00
7.928637268040846786e-01 8.243606721701639550e-01 9.436862214525911785e-01 9.754437894390579622e-01 9.777980468058963259e-01 9.398139418453224092e-01 1.000000000000000000e+00 1.000000000000000000e+00 9.344277248119265966e-01 9.046567937727805209e-01 9.801800725782791046e-01 9.769700092395036117e-01 9.809669772663572873e-01 9.561342731038240395e-01 9.712320568728254333e-01 9.443761204929648212e-01 9.565258476361144790e-01 7.326706873358017624e-01 8.802128050587856301e-01 8.469224582624710340e-01 8.235493344525963710e-01 9.139411163638919700e-01 7.319037294982941866e-01 9.452291667143211118e-01 9.642613087009905826e-01 9.779660433874470815e-01 1.000000000000000000e+00 0.000000000000000000e+00 7.478810614223518893e-01 7.034715509141094003e-01 7.389677723058649672e-01 9.387034727907612730e-01 7.891869465287341123e-01 9.602214137449600617e-01 8.473476740440353261e-01 8.900744652222795095e-01 9.592667004887899251e-01 8.664184593886459229e-01 9.099340882951798548e-01 8.741022668810347618e-01 9.587830589609246390e-01 9.379476067959644503e-01
7.915937792477081292e-01 8.458071238644656598e-01 9.541238664722807572e-01 9.599904668559874343e-01 8.051984909614475772e-01 9.544582945476727254e-01 8.131237075948222204e-01 9.704879511724459062e-01 7.587276934767666070e-01 8.955173827858268210e-01 9.187318510190924936e-01 9.566723367595243444e-01 9.689894191124247547e-01 9.554302464116728455e-01 9.617293959448712792e-01 8.264601866673724206e-01 8.274628452147811952e-01 9.623732838019655178e-01 9.792536884747082837e-01 9.207845107289548414e-01 9.569635617504249625e-01 1.000000000000000000e+00 9.594081702856723792e-01 9.757124001395188762e-01 8.221068732214915631e-01 9.706877608329825824e-01 9.683092102398558332e-01 7.478810614223518893e-01 0.000000000000000000e+00 7.346420132824968974e-01 6.795599245184009707e-01 8.066012605777284072e-01 6.459095701150840974e-01 5.935268571037440877e-01 8.489580177354153490e-01 7.023505587287088847e-01 8.258087579914397125e-01 9.715442098115808500e-01 9.089927668868063027e-01 8.872585988416643588e-01 9.451682303494263193e-01 9.077067269455268983e-01
7.678694810227015832e-01 8.773473877825725964e-01 7.985926952598298989e-01 9.351363803599453961e-01 7.872013174588344819e-01 9.477926091947496134e-01 8.032187111144237779e-01 9.465076024239885699e-01 7.987541335818802990e-01 1.000000000000000000e+00 9.786269615872326133e-01 9.104574111838313888e-01 9.289011467877412720e-01 1.000000000000000000e+00 9.780639705692334429e-01 8.189447370233235990e-01 8.078457606293473203e-01 8.498895210382740872e-01 8.697360566490592859e-01 7.891470253828130055e-01 8.593723546997207308e-01 9.099683011361641150e-01 8.492157513691768189e-01 8.500638700654118418e-01 9.390641524562856057e-01 9.762394386697278437e-01 1.000000000000000000e+00 7.034715509141094003e-01 7.346420132824968974e-01 0.000000000000000000e+00 6.742289400106751263e-01 9.381693085820852485e-01 7.981681766190338312e-01 7.730174000780350996e-01 8.500484335111239131e-01 8.601005260624801085e-01 9.239193132029582811e-01 8.213290378585325069e-01 8.254267789677606215e-01 9.365025700385807284e-01 9.371428101284537959e-01 9.330851140201177341e-01
9.071397036207355935e-01 9.262790509556743102e-01 1.000000000000000000e+00 9.594214663942283172e-01 7.860729800390524602e-01 9.517567635133858950e-01 7.989688600124347229e-01 1.000000000000000000e+00 7.800601821782361389e-01 9.003551751262049985e-01 9.641220448205447546e-01 9.518619210118479668e-01 9.801082605446160834e-01 9.581495913331425918e-01 9.631769772021688825e-01 8.223993055019642728e-01 8.104731506450204570e-01 9.024568916131777696e-01 9.484594100703335195e-01 8.768949310105215167e-01 9.521854790015205072e-01 9.781859530663569169e-01 9.043316303532007439e-01 9.669513505279629939e-01 9.229986913676392346e-01 9.674333952304324802e-01 1.000000000000000000e+00 7.389677723058649672e-01 6.795599245184009707e-01 6.742289400106751263e-01 0.000000000000000000e+00 8.780294811474546046e-01 5.050268081982269841e-01 5.278182525836685457e-01 5.896072429647325475e-01 6.445717328107722910e-01 8.525294807514858242e-01 7.867446985454020769e-01 8.570071255015418998e-01 8.439678208417018546e-01 8.887768672820562932e-01 8.876730002697951205e-01
9.642344017649664423e-01 9.546090775221511837e-01 1.000000000000000000e+00 9.664794841910373524e-01 1.000000000000000000e+00 9.674609289580924365e-01 9.774014382737842288e-01 1.000000000000000000e+00 9.673157167647525867e-01 1.000000000000000000e+00 1.000000000000000000e+00 1.000000000000000000e+00 1.000000000000000000e+00 1.000000000000000000e+00 1.000000000000000000e+00 9.793346038224941541e-01 9.783304528446196136e-01 9.851393683346300056e-01 1.000000000000000000e+00 9.661023941762292289e-01 9.687741576930209986e-01 9.767365049790610598e-01 1.000000000000000000e+00 1.000000000000000000e+00 1.000000000000000000e+00 9.754418185071688230e-01 1.000000000000000000e+00 9.387034727907612730e-01 8.066012605777284072e-01 9.381693085820852485e-01 8.780294811474546046e-01 0.000000000000000000e+00 8.328809422407958962e-01 9.488056035758629658e-01 9.392097629471269915e-01 6.989999010021648029e-01 8.770569399990152393e-01 9.523187255680251040e-01 8.958266798480228887e-01 9.570357472007587907e-01 9.624911419653937594e-01 1.000000000000000000e+00
9.245268200509185741e-01 9.629027434431676191e-01 1.000000000000000000e+00 1.000000000000000000e+00 1.000000000000000000e+00 9.757234307984860022e-01 9.587010903031100151e-01 1.000000000000000000e+00 9.228881492144999088e-01 9.028995465179273650e-01 1.000000000000000000e+00 9.530910982539682053e-01 1.000000000000000000e+00 1.000000000000000000e+00 9.521563082775422737e-01 1.000000000000000000e+00 9.676658094875825178e-01 9.843204198561557039e-01 1.000000000000000000e+00 9.707974648694799313e-01 1.000000000000000000e+00 1.000000000000000000e+00 1.000000000000000000e+00 1.000000000000000000e+00 9.530111814313715346e-01 1.000000000000000000e+00 1.000000000000000000e+00 7.891869465287341123e-01 6.459095701150840974e-01 7.981681766190338312e-01 5.050268081982269841e-01 8.328809422407958962e-01 0.000000000000000000e+00 5.521259110949148230e-01 5.479739089165432953e-01 6.023111796526043893e-01 8.859712672174278048e-01 9.334475514301694421e-01 8.982392567121952887e-01 8.717818766333196301e-01 9.259602363535192060e-01 9.106272668729632480e-01
9.381061212163440688e-01 9.391547274917037003e-01 1.000000000000000000e+00 9.541401206439306115e-01 7.596565003361281931e-01 9.614470161109355262e-01 7.844633397148358389e-01 1.000000000000000000e+00 7.466542071878524700e-01 9.524120174331919264e-01 9.765898813564887204e-01 9.615310514211524717e-01 1.000000000000000000e+00 9.527027094889576331e-01 9.759732312446955937e-01 7.969089422966646463e-01 7.907879369745439702e-01 9.647856146576245795e-01 9.815801561501787953e-01 9.536242186010135402e-01 9.729811803235464129e-01 1.000000000000000000e+00 9.639600917008820380e-01 9.784359838436046397e-01 9.366813773578649416e-01 1.000000000000000000e+00 1.000000000000000000e+00 9.602214137449600617e-01 5.935268571037440877e-01 7.730174000780350996e-01 5.278182525836685457e-01 9.488056035758629658e-01 5.521259110949148230e-01 0.000000000000000000e+00 5.767412607434618810e-01 4.646662765624298697e-01 9.166680062047407596e-01 1.000000000000000000e+00 9.409907188635617814e-01 9.474255822341182132e-01 9.256354927562432389e-01 8.963486200152943617e-01
9.178298430718895284e-01 8.481602212908251337e-01 9.771998864244426652e-01 1.000000000000000000e+00 1.000000000000000000e+00 9.832837531810700860e-01 1.000000000000000000e+00 1.000000000000000000e+00 9.287624716579052642e-01 8.927839127417920295e-01 9.773029510103402595e-01 1.000000000000000000e+00 1.000000000000000000e+00 1.000000000000000000e+00 1.000000000000000000e+00 9.787671957402070966e-01 9.614367095391054274e-01 9.784068556371343650e-01 9.642824451590590318e-01 9.467988477636281042e-01 9.629535028078598513e-01 1.000000000000000000e+00 9.687468028833667866e-01 1.000000000000000000e+00 1.000000000000000000e+00 1.000000000000000000e+00 1.000000000000000000e+00 8.473476740440353261e-01 8.489580177354153490e-01 8.500484335111239131e-01 5.896072429647325475e-01 9.392097629471269915e-01 5.479739089165432953e-01 5.767412607434618810e-01 0.000000000000000000e+00 4.992871122450153187e-01 9.397799238141367750e-01 6.205215653070588200e-01 8.124183565746149194e-01 8.290313378340150585e-01 6.343894514847837618e-01 8.876441019498815255e-01
9.515148005539613152e-01 9.724813135694722055e-01 1.000000000000000000e+00 1.000000000000000000e+00 1.000000000000000000e+00 9.779444015043715632e-01 9.693645338940277689e-01 9.762985309644064413e-01 9.299428182762442541e-01 8.246191411379752978e-01 8.024877230037007481e-01 9.753948411401474061e-01 9.796651873283526157e-01 1.000000000000000000e+00 9.782666725594542090e-01 8.206177955985382022e-01 9.640218226784637023e-01 1.000000000000000000e+00 9.833383963582906784e-01 9.734690934066141388e-01 9.755602236378210224e-01 1.000000000000000000e+00 1.000000000000000000e+00 9.724148403953893904e-01 9.809084557175826724e-01 1.000000000000000000e+00 1.000000000000000000e+00 8.900744652222795095e-01 7.023505587287088847e-01 8.601005260624801085e-01 6.445717328107722910e-01 6.989999010021648029e-01 6.023111796526043893e-01 4.646662765624298697e-01 4.992871122450153187e-01 0.000000000000000000e+00 9.748741147027788490e-01 7.002834136746000082e-01 9.466233665446043277e-01 9.370893241486489833e-01 6.627096833087809946e-01 9.062425162611713603e-01
9.291397054868071326e-01 9.417184472892479175e-01 9.518383372519467756e-01 9.186619452542341691e-01 8.925879573857593563e-01 9.441692783873649741e-01 9.451642372886448484e-01 1.000000000000000000e+00 8.559281860726006830e-01 9.383607236196013224e-01 1.000000000000000000e+00 1.000000000000000000e+00 9.674444853242436526e-01 9.515675421921031552e-01 1.000000000000000000e+00 9.498550936623869623e-01 9.592705496076149307e-01 9.639404453426896335e-01 1.000000000000000000e+00 9.003865859384473369e-01 9.804362717552720374e-01 9.747551352211805131e-01 9.595727177307018518e-01 1.000000000000000000e+00 9.283185480682738522e-01 1.000000000000000000e+00 9.711876714735150351e-01 9.592667004887899251e-01 8.258087579914397125e-01 9.239193132029582811e-01 8.525294807514858242e-01 8.770569399990152393e-01 8.859712672174278048e-01 9.166680062047407596e-01 9.397799238141367750e-01 9.748741147027788490e-01 0.000000000000000000e+00 7.996028360640110577e-01 8.089176514327318657e-01 5.882319446677178876e-01 5.297026174038601543e-01 9.249483339948038063e-01
9.044040541348727924e-01 8.764908670217010922e-01 1.000000000000000000e+00 1.000000000000000000e+00 1.000000000000000000e+00 9.721862818320881061e-01 9.684558328535785021e-01 1.000000000000000000e+00 9.677401582042137740e-01 9.656680598549431949e-01 1.000000000000000000e+00 1.000000000000000000e+00 1.000000000000000000e+00 9.802995254434454520e-01 1.000000000000000000e+00 9.711542389702593203e-01 9.786118557966410059e-01 9.672021375630189821e-01 9.579770054294549642e-01 9.568066719341222770e-01 9.564134567078890203e-01 9.770386071008214657e-01 9.787705325115974020e-01 9.652131020152737717e-01 9.721996265489758482e-01 1.000000000000000000e+00 1.000000000000000000e+00 8.664184593886459229e-01 9.715442098115808500e-01 8.213290378585325069e-01 7.867446985454020769e-01 9.523187255680251040e-01 9.334475514301694421e-01 1.000000000000000000e+00 6.205215653070588200e-01 7.002834136746000082e-01 7.996028360640110577e-01 0.000000000000000000e+00 8.116070333818259375e-01 8.217589061921239946e-01 6.224506040965871456e-01 9.517307533684145060e-01
