1.808099168873649246e-04 2.120720260328663037e-02 1.641242823788210403e-01 8.417904847981106942e-01 3.526890291164206936e-01 6.405945804294959078e-01 5.431104404588933399e-01 4.471076313284304965e-02 4.487039993135518712e-01 5.323949020542234623e-01 5.261533984444367595e-01 8.293557926437393757e-01 7.687429092229682848e-01 8.184943335695124000e-01 8.029091185591197277e-01 3.567232277566902976e-01 4.204730396607343490e-01 8.746025547522643384e-01 7.707521288084452360e-01 3.301128532610385080e-01 8.611040277052575131e-01 8.266649216897478114e-01 8.743346186183860169e-01 8.077937366083826065e-01 7.371779912250142619e-01 7.226158987144101209e-01 8.516258201067978817e-01 4.420073644497573562e-01 1.916682244825067549e-01 5.379526601501671834e-01 7.718757341972434238e-01 8.663686358343544169e-01 8.540914062095505965e-01 5.259097292592157524e-01 8.252199207281420978e-01 6.352438735093478561e-01 7.721907759551116524e-01 8.639219618316665850e-01 6.698087362176157189e-01 8.327298723103114808e-01 9.101773565691192447e-01 6.013630233955495896e-01
2.120720260328663037e-02 3.380092565124578549e-03 5.267865923610933754e-01 8.298647723456550329e-01 6.840369160892905143e-01 7.210563993494517598e-01 7.555800445405471688e-01 3.110398652956311571e-01 6.478961147948101296e-01 1.071772027599033200e-01 3.394863053604648684e-01 8.274808819154197970e-01 7.272776458153449308e-01 5.560978008500744307e-01 7.912286840469219262e-01 6.695427609774956546e-02 3.251831816137563114e-01 7.705919661812894450e-01 7.260217820852289394e-01 7.090690381934313669e-01 6.877566285108389632e-01 8.016379879374645467e-01 7.994295445232942887e-01 6.606305207816429714e-01 7.762061170513691044e-01 6.276379898017966363e-01 8.574940884200443758e-01 7.429736276052506527e-01 4.543676594334444818e-01 7.873696903329379104e-01 8.591357189749871948e-01 7.267306988345221264e-01 9.270168486265002450e-01 7.815496963405057507e-01 2.814709591480550888e-01 8.103672041469661691e-01 7.158777169143929475e-01 3.365270661917637018e-01 7.438460253429751701e-01 7.019745769377325750e-01 6.665160699880805506e-01 9.149209090728055438e-01
1.641242823788210403e-01 5.267865923610933754e-01 1.525713736767975940e-04 1.059364746359198473e-01 1.618163876766365028e-01 7.774991252590499613e-01 5.440122313838325896e-01 3.713908325275133704e-02 8.535156991882240085e-01 2.579113156726420275e-01 5.026546824048669926e-01 2.554854138700127231e-01 1.313430719872382690e-01 7.275280278463621686e-01 7.206525113336958999e-01 2.970090462411767440e-01 3.774666498923657798e-01 7.904192622046832817e-01 8.467219201156503949e-01 8.557342550702777828e-01 9.270138420671261148e-01 7.753384278311734601e-01 8.383450559480812858e-01 8.747623970332065735e-01 9.274273444004276223e-01 7.550584375467842557e-01 9.369447624559811283e-01 9.057970830241600657e-01 8.860935371563009033e-01 7.202866714256993541e-01 9.048929719930266513e-01 1.000000000000000000e+00 9.898934976507512973e-01 9.445687739155118612e-01 9.269326231989587495e-01 9.770656249486150413e-01 9.281399157509936382e-01 9.932908236506872157e-01 5.895472257517501147e-01 9.565456445635562854e-01 9.802237399057728284e-01 4.961831473673739001e-01
8.417904847981106942e-01 8.298647723456550329e-01 1.059364746359198473e-01 1.620374497439750622e-02 3.810023568673043814e-01 5.166605818662104443e-01 4.257725028702092351e-01 1.824071438125260403e-01 8.731322677851990344e-01 5.529892512265170978e-01 6.600668294034499617e-01 2.634652106451951248e-02 1.559687893286791638e-01 4.882640309907169129e-01 3.432105541805177129e-01 7.224656332743527587e-01 6.850279713459065389e-01 6.713452375272160877e-01 7.071494743645931891e-01 8.659647428760912646e-01 7.889443501866144626e-01 1.706669640675405331e-01 6.901818792260564495e-01 6.929391928516135390e-01 5.360480545879906522e-01 5.696254078460853965e-01 4.786041207955964438e-01 9.604226446437570397e-01 9.504352590287056257e-01 9.459454690360046270e-01 9.774637584743818275e-01 9.876722957018885252e-01 9.888097612667272607e-01 9.877244274731784568e-01 1.000000000000000000e+00 9.643307530305813557e-01 7.743735920421064289e-01 9.002904950339376544e-01 9.357803840234704129e-01 8.766595443689816358e-01 9.281593750919968633e-01 8.131163305398855234e-01
3.526890291164206936e-01 6.840369160892905143e-01 1.618163876766365028e-01 3.810023568673043814e-01 5.972440115372692847e-05 3.397836660249593521e-01 2.941914865556605196e-02 5.035993366944784277e-01 2.200817500579853314e-01 7.031034373040840890e-01 7.217406840899585063e-01 5.462075755549251621e-01 2.697997314951411374e-01 7.788896192362391169e-01 5.877751151131782592e-01 7.220586188238103942e-01 1.396064973763302131e-01 9.067504561149521969e-01 9.486183726900327962e-01 8.613352476740682162e-01 9.408928327627069654e-01 9.235920349009820729e-01 8.711319869528852955e-01 8.992217454425123213e-01 5.020182144691476278e-01 6.951073740923927602e-01 7.656603899341157815e-01 9.558210219678979769e-01 8.052219914866386441e-01 7.213421322740747321e-01 7.234397351119844499e-01 9.067119596354960009e-01 8.039017147560130194e-01 1.442475876282408309e-01 9.960143842104562939e-01 9.041418114653975158e-01 1.100857032454657936e-01 6.950382509020512911e-01 9.299522241869979666e-01 5.078470418698071143e-01 5.341436710128988352e-01 6.524680275625273085e-01
6.405945804294959078e-01 7.210563993494517598e-01 7.774991252590499613e-01 5.166605818662104443e-01 3.397836660249593521e-01 1.428300832455495772e-01 1.046257774930431927e-01 2.321367511602344391e-01 9.046757318002610626e-01 7.897860128786434730e-01 8.344329610287964938e-01 7.608681668678707322e-01 7.941610610423904815e-01 3.624772837024310412e-01 3.054003584052196740e-01 6.019195208459431345e-01 7.329672103296699381e-01 3.635677046730823037e-01 5.065761206607644063e-01 6.237591428422443185e-01 6.962966877419833889e-01 4.453443600013186066e-01 3.922052247633137090e-01 4.461981777543931327e-01 1.875558201656773449e-01 1.274404656298412375e-01 2.385903361066352424e-01 8.410240516925852061e-01 8.853518529139868809e-01 8.810188752649831256e-01 9.267471292679914097e-01 9.475387403133360698e-01 9.895910183199311261e-01 9.180259019273904197e-01 8.368135521391006915e-01 9.660020475448444222e-01 9.016803903373837858e-01 9.887435198176371953e-01 9.200269264950780013e-01 9.128255325436377410e-01 9.747962184742701153e-01 7.148301281397904106e-01
5.431104404588933399e-01 7.555800445405471688e-01 5.440122313838325896e-01 4.257725028702092351e-01 2.941914865556605196e-02 1.046257774930431927e-01 3.169203740025645921e-02 2.529006869623317555e-01 5.115614157434749121e-01 6.827491227457479495e-01 8.159705006463704446e-01 5.446913980458382154e-01 7.177931824516061710e-01 6.019473579698764176e-01 2.625515831799799527e-01 6.757390514218776234e-01 3.570037607039402427e-01 8.903833034205770325e-01 8.514990344120683119e-01 6.952447586625110088e-01 9.182246928858317503e-01 7.400653529140478470e-01 8.810790371288800271e-01 8.933712622192133690e-01 8.942613666973818487e-02 2.771723038356739277e-01 3.681312712557585631e-01 9.701493386446357059e-01 4.333711076965460762e-01 7.366791134723004175e-01 7.600205041444239029e-01 8.380845729771456698e-01 8.252974063111095937e-01 2.149308242340358388e-01 6.883117999807577547e-01 7.618989068564275824e-01 5.610691244571273106e-01 8.706917420643087713e-01 9.476272196530909353e-01 5.357868061596311460e-01 8.557840759024861743e-01 6.553273379174631152e-01
4.471076313284304965e-02 3.110398652956311571e-01 3.713908325275133704e-02 1.824071438125260403e-01 5.035993366944784277e-01 2.321367511602344391e-01 2.529006869623317555e-01 9.335094698733820140e-02 8.014418243773142603e-01 4.977256278598271022e-01 5.203016922332650562e-01 4.377471995195303944e-01 5.888794143981492812e-01 3.339149870975249290e-01 3.741615773882000506e-01 3.395103366393341093e-01 5.942793163058507355e-01 6.784250831551243976e-01 6.519819713484293899e-01 8.875452499075462409e-01 8.307848152381580586e-01 6.665834518164953648e-01 6.821802598758217595e-01 8.009053177107582355e-01 6.746410529987959537e-01 3.442231197177937907e-01 7.407818482542167793e-01 8.178108438598900021e-01 8.899781253151394234e-01 6.290854801075655978e-01 8.471457263468085142e-01 9.694547432016644706e-01 9.192068883556339109e-01 7.547140096853065527e-01 9.586999665044246832e-01 8.097740965272252067e-01 9.761903325485317140e-01 9.969665146460651162e-01 5.435663273149718977e-01 8.367212776630634785e-01 9.612608977515084696e-01 9.711573356173824889e-01
4.487039993135518712e-01 6.478961147948101296e-01 8.535156991882240085e-01 8.731322677851990344e-01 2.200817500579853314e-01 9.046757318002610626e-01 5.115614157434749121e-01 8.014418243773142603e-01 5.363151746026569217e-05 4.636050859861353679e-01 2.433396254344018794e-01 7.585110891437009117e-01 1.680116200994886677e-01 8.547787134918352070e-01 7.607447024031850358e-01 5.014028544335765725e-01 1.474452659854998127e-01 9.562476724738264711e-01 9.630868025327878890e-01 7.360940328527170173e-01 8.552634706533243092e-01 9.897339725908125274e-01 9.396209834570860009e-01 9.572965780304110162e-01 5.983608011066275933e-01 9.061915974970424781e-01 6.209649854577412587e-01 8.539951451419420803e-01 2.078933802395876995e-01 8.885364439238105927e-01 5.183591979234816183e-01 8.712327153992548423e-01 7.928389937025982492e-01 6.487030844538040075e-02 6.262474331223867319e-01 4.658941727977907593e-02 4.622794265466542707e-01 9.547624283353791652e-01 8.604291682323326196e-01 4.924369981745386864e-03 4.309907569896088697e-01 4.429604767456885549e-03
5.323949020542234623e-01 1.071772027599033200e-01 2.579113156726420275e-01 5.529892512265170978e-01 7.031034373040840890e-01 7.897860128786434730e-01 6.827491227457479495e-01 4.977256278598271022e-01 4.636050859861353679e-01 7.139902252545621622e-03 2.169406926147603859e-02 5.673073293271674311e-01 4.248505855518754371e-01 5.279742666212364766e-01 6.833979361688861109e-01 3.640344224802807838e-02 1.915214718165932639e-01 7.698432391437391997e-01 8.236951808449366474e-01 9.170431631685581619e-01 7.757385301750503448e-01 6.589048438372668848e-01 8.003209545670397773e-01 6.972216279939608130e-01 8.174991405105069830e-01 5.864510746838671462e-01 8.506504677531598890e-01 7.258060097547098799e-01 6.470959944227738792e-01 8.504165491285426981e-01 8.597740474377124631e-01 8.042384554519209638e-01 9.092028084562097101e-01 7.142793438570775866e-01 5.191455376961405799e-01 8.672166187672066817e-01 9.573231245920148513e-01 8.940410766203972237e-01 9.383927494264822089e-01 7.220885732647602806e-01 8.989164670384788280e-01 9.954544622150552913e-01
5.261533984444367595e-01 3.394863053604648684e-01 5.026546824048669926e-01 6.600668294034499617e-01 7.217406840899585063e-01 8.344329610287964938e-01 8.159705006463704446e-01 5.203016922332650562e-01 2.433396254344018794e-01 2.169406926147603859e-02 9.085484195933201746e-04 3.291113622723400023e-01 9.231116150318330327e-02 6.599285310380775815e-01 6.715470658035397333e-01 2.612249083616037248e-01 8.268954861900483511e-03 8.105007473493768266e-01 8.935196992239622382e-01 9.470617088170679709e-01 7.324100504212203155e-01 8.713046223395917167e-01 7.552547374267568614e-01 7.722858960178642374e-01 8.467324838751701943e-01 6.542760805572822580e-01 9.053471676404769575e-01 9.338550508884073675e-01 6.995468830226327928e-01 9.246278123059706866e-01 9.129852186080147369e-01 9.761367284181061699e-01 9.562146142818794825e-01 7.852778388241575813e-01 9.134218355704870618e-01 6.705996574298140889e-01 9.875953382270319381e-01 9.840305424073644280e-01 9.786057710520390529e-01 8.689436477815999371e-01 9.572505952155953013e-01 9.559326128973221204e-01
8.293557926437393757e-01 8.274808819154197970e-01 2.554854138700127231e-01 2.634652106451951248e-02 5.462075755549251621e-01 7.608681668678707322e-01 5.446913980458382154e-01 4.377471995195303944e-01 7.585110891437009117e-01 5.673073293271674311e-01 3.291113622723400023e-01 5.015298466786188597e-05 8.919802473914172081e-02 4.535558209190114209e-01 3.743137635369474941e-02 7.758600647837559094e-01 4.288071052551907791e-01 8.486915160064986141e-01 9.356017399038560889e-01 9.119616625298335721e-01 9.003382334841112389e-01 5.069940577772918955e-01 8.000621668358675054e-01 8.992846388233427524e-01 6.463352200079693910e-01 8.722252738072376888e-01 9.335178084039222890e-01 9.688125005126818623e-01 8.941124434674532218e-01 9.748638593671204999e-01 9.769314732177408755e-01 9.519981639518902972e-01 9.700353068911345966e-01 9.075228036978391088e-01 1.000000000000000000e+00 1.000000000000000000e+00 9.478336628302109768e-01 9.670505246396263743e-01 9.803782073234192929e-01 9.890193537998297479e-01 9.905112764683904336e-01 1.000000000000000000e+00
7.687429092229682848e-01 7.272776458153449308e-01 1.313430719872382690e-01 1.559687893286791638e-01 2.697997314951411374e-01 7.941610610423904815e-01 7.177931824516061710e-01 5.888794143981492812e-01 1.680116200994886677e-01 4.248505855518754371e-01 9.231116150318330327e-02 8.919802473914172081e-02 8.093222934672396731e-04 3.864148127538082900e-01 3.421771292630030881e-01 6.209456966406216027e-01 3.273851244828471230e-01 7.504784630809704371e-01 8.790789014512407906e-01 8.502422375789325804e-01 8.227436680185945539e-01 7.492256541350014176e-01 6.679006664392080905e-01 7.354611799601128430e-01 7.009748558710465760e-01 8.463162922104803254e-01 9.630346569312498994e-01 9.729568574287683624e-01 9.078201780019393707e-01 9.802062033345696479e-01 9.824167975755595528e-01 9.812714966547474438e-01 9.749962735143122838e-01 9.879888648144091734e-01 9.942113741917919523e-01 9.016078194137353563e-01 8.523029917078855933e-01 9.494136155655130693e-01 9.323775469749903122e-01 8.619638417330114377e-01 9.932448370468031085e-01 5.077532237761525069e-01
8.184943335695124000e-01 5.560978008500744307e-01 7.275280278463621686e-01 4.882640309907169129e-01 7.788896192362391169e-01 3.624772837024310412e-01 6.019473579698764176e-01 3.339149870975249290e-01 8.547787134918352070e-01 5.279742666212364766e-01 6.599285310380775815e-01 4.535558209190114209e-01 3.864148127538082900e-01 1.381848888986848302e-02 5.862985077563310360e-02 2.963768970810561898e-01 7.847589724300902958e-01 4.228568110929429857e-01 5.740624302901284892e-01 7.325023998052317964e-01 4.149338584773751837e-01 4.815466070561889023e-01 3.927815207026368882e-01 5.788919186970806763e-01 3.020681744354904441e-01 6.288423129275744206e-01 8.378713029515065802e-01 8.248770355086477712e-01 9.470399751252996934e-01 8.867689408963899123e-01 9.830959833081094335e-01 9.731403358909033185e-01 9.938550784223553203e-01 9.767290825263752474e-01 9.762322875798884469e-01 9.818216144021528757e-01 9.865979490058881529e-01 9.751594332578483737e-01 9.451486803060941133e-01 9.185005459419295359e-01 9.872645223102836098e-01 4.785539313615875812e-01
8.029091185591197277e-01 7.912286840469219262e-01 7.206525113336958999e-01 3.432105541805177129e-01 5.877751151131782592e-01 3.054003584052196740e-01 2.625515831799799527e-01 3.741615773882000506e-01 7.607447024031850358e-01 6.833979361688861109e-01 6.715470658035397333e-01 3.743137635369474941e-02 3.421771292630030881e-01 5.862985077563310360e-02 6.674674014091379337e-03 3.928378001797099284e-01 5.808010052776554355e-01 7.051374124010583166e-01 7.944670390641542790e-01 8.585285521872892955e-01 7.387053165952518485e-01 6.794740159904516519e-01 6.941605120643868920e-01 6.141413956076697822e-01 8.119674326091395888e-02 4.135805751297311206e-01 3.879509816640126507e-01 9.425710614372797558e-01 7.226033918632912556e-01 9.483540950609564701e-01 9.860297801729601685e-01 9.437955797067903996e-01 9.708308478259558560e-01 9.462840789002683328e-01 9.843118835336119865e-01 9.784233555770176505e-01 9.989586839933157769e-01 9.721901555032171904e-01 9.735069182803856025e-01 9.148194564419741548e-01 9.959325715034399451e-01 9.969567756536646952e-01
3.567232277566902976e-01 6.695427609774956546e-02 2.970090462411767440e-01 7.224656332743527587e-01 7.220586188238103942e-01 6.019195208459431345e-01 6.757390514218776234e-01 3.395103366393341093e-01 5.014028544335765725e-01 3.640344224802807838e-02 2.612249083616037248e-01 7.758600647837559094e-01 6.209456966406216027e-01 2.963768970810561898e-01 3.928378001797099284e-01 5.330145978118581984e-02 2.878119967053359152e-01 6.212165310879017577e-01 6.702834349382001955e-01 7.112725006621676282e-01 6.734509822626142395e-01 7.146359811759152025e-01 6.637875362401911561e-01 6.213737685537408240e-01 4.385867788994435301e-01 4.193931664487742794e-01 7.821467558600831982e-01 7.288637935649739941e-01 5.534529432443215935e-01 8.201545456830758862e-01 8.170295337179807049e-01 8.866348107126974520e-01 9.871843990656696821e-01 4.542604793031931321e-01 9.377536663162231445e-01 6.465598945848302082e-01 8.407041169467039943e-01 9.413930456061663232e-01 9.508896961001358505e-01 8.216794116273592463e-01 9.560882652194487852e-01 1.832433007410866066e-01
4.204730396607343490e-01 3.251831816137563114e-01 3.774666498923657798e-01 6.850279713459065389e-01 1.396064973763302131e-01 7.329672103296699381e-01 3.570037607039402427e-01 5.942793163058507355e-01 1.474452659854998127e-01 1.915214718165932639e-01 8.268954861900483511e-03 4.288071052551907791e-01 3.273851244828471230e-01 7.847589724300902958e-01 5.808010052776554355e-01 2.878119967053359152e-01 1.031113265633578670e-04 8.886498022166903210e-01 8.277464432674699335e-01 8.583923622410045695e-01 8.622165653043610822e-01 8.518428064869254523e-01 8.570165449513414968e-01 8.419817174864460130e-01 7.682476842682474105e-01 6.542364442036538996e-01 7.126467306306017990e-01 8.647242723987900170e-01 6.980767908633439545e-01 8.226323060835946110e-01 8.170170997565586735e-01 7.904048902090391460e-01 8.460020525523477275e-01 4.321940667122631252e-01 9.072309394318373021e-01 4.116668100463791724e-01 6.191709203631748926e-01 9.150219579028625594e-01 8.364360467787196329e-01 6.272487087560556507e-01 6.871263867846579831e-01 5.356987057295669041e-01
8.746025547522643384e-01 7.705919661812894450e-01 7.904192622046832817e-01 6.713452375272160877e-01 9.067504561149521969e-01 3.635677046730823037e-01 8.903833034205770325e-01 6.784250831551243976e-01 9.562476724738264711e-01 7.698432391437391997e-01 8.105007473493768266e-01 8.486915160064986141e-01 7.504784630809704371e-01 4.228568110929429857e-01 7.051374124010583166e-01 6.212165310879017577e-01 8.886498022166903210e-01 2.861732582705094341e-01 1.539099957660222673e-01 3.938703883505448866e-01 2.336489470966564286e-01 2.897097624894214296e-01 1.020290547722316893e-01 1.986357035169843965e-01 8.898061250726569948e-01 6.018607849375957608e-01 6.805564023619815606e-01 5.105359723337141720e-01 9.675909806983672423e-01 7.229513911467733145e-01 9.171022997938400589e-01 9.748780357394517537e-01 9.916567487189179575e-01 9.821396586576757182e-01 9.727858177072681301e-01 9.831926755185825817e-01 9.887637280181970079e-01 9.632466995044398628e-01 9.570405338522131045e-01 9.795795695860719521e-01 9.925596666715085226e-01 3.325165995091977633e-01
7.707521288084452360e-01 7.260217820852289394e-01 8.467219201156503949e-01 7.071494743645931891e-01 9.486183726900327962e-01 5.065761206607644063e-01 8.514990344120683119e-01 6.519819713484293899e-01 9.630868025327878890e-01 8.236951808449366474e-01 8.935196992239622382e-01 9.356017399038560889e-01 8.790789014512407906e-01 5.740624302901284892e-01 7.944670390641542790e-01 6.702834349382001955e-01 8.277464432674699335e-01 1.539099957660222673e-01 7.152233609842467699e-02 2.469768310691716762e-01 2.620958615456640550e-01 3.179834840198709767e-01 2.107010424943134563e-01 5.061063688123346865e-02 9.179470489829536506e-01 4.665957425941255066e-01 6.323444302150439400e-01 6.789896357942227789e-01 9.401142922226325416e-01 8.087102008561170008e-01 7.827124221375350022e-01 8.567595732577738543e-01 8.163231510097813670e-01 9.505953679940515322e-01 9.527424073165222662e-01 8.696981170002671124e-01 9.682773567403424320e-01 8.998232783222706033e-01 9.235657649430645266e-01 9.627228760896839876e-01 9.670280637202032237e-01 3.329304276689415976e-01
3.301128532610385080e-01 7.090690381934313669e-01 8.557342550702777828e-01 8.659647428760912646e-01 8.613352476740682162e-01 6.237591428422443185e-01 6.952447586625110088e-01 8.875452499075462409e-01 7.360940328527170173e-01 9.170431631685581619e-01 9.470617088170679709e-01 9.119616625298335721e-01 8.502422375789325804e-01 7.325023998052317964e-01 8.585285521872892955e-01 7.112725006621676282e-01 8.583923622410045695e-01 3.938703883505448866e-01 2.469768310691716762e-01 3.172464182216931487e-03 2.238882716955169216e-01 5.503644728635863625e-01 4.005777991391462622e-01 3.296131597782186451e-01 8.404543772145064429e-01 8.957757141416416991e-01 9.244957388406241927e-01 1.784885397375352567e-01 6.865706274850914559e-01 3.206914196744652390e-01 1.499393104539964161e-01 4.951885329302368466e-01 7.517232066434288429e-01 7.101766126756563491e-01 7.939292721509275674e-01 5.637555047678929343e-01 8.460757319641155627e-01 7.518894533397062485e-01 4.863849235674030935e-01 7.751261669405531407e-01 9.024861217348941755e-01 7.625135018470888815e-01
8.611040277052575131e-01 6.877566285108389632e-01 9.270138420671261148e-01 7.889443501866144626e-01 9.408928327627069654e-01 6.962966877419833889e-01 9.182246928858317503e-01 8.307848152381580586e-01 8.552634706533243092e-01 7.757385301750503448e-01 7.324100504212203155e-01 9.003382334841112389e-01 8.227436680185945539e-01 4.149338584773751837e-01 7.387053165952518485e-01 6.734509822626142395e-01 8.622165653043610822e-01 2.336489470966564286e-01 2.620958615456640550e-01 2.238882716955169216e-01 3.816049470522982906e-02 6.067677701437456106e-01 2.282101755887869787e-01 1.776131389167086017e-01 6.566267528413484156e-01 8.056171448002812374e-01 7.301508712291167047e-01 2.970074019647324093e-01 9.186312713596521684e-01 5.483421008178517714e-02 9.069893323009510233e-01 9.717781226673125605e-01 9.597019353367485239e-01 9.285841522071688336e-01 9.113196369123962581e-01 9.195730218057220906e-01 9.829620559877876307e-01 9.327046066935893442e-01 9.607925895679458872e-01 8.877120860450399276e-01 9.266999750810075431e-01 5.782370883461380728e-01
8.266649216897478114e-01 8.016379879374645467e-01 7.753384278311734601e-01 1.706669640675405331e-01 9.235920349009820729e-01 4.453443600013186066e-01 7.400653529140478470e-01 6.665834518164953648e-01 9.897339725908125274e-01 6.589048438372668848e-01 8.713046223395917167e-01 5.069940577772918955e-01 7.492256541350014176e-01 4.815466070561889023e-01 6.794740159904516519e-01 7.146359811759152025e-01 8.518428064869254523e-01 2.897097624894214296e-01 3.179834840198709767e-01 5.503644728635863625e-01 6.067677701437456106e-01 1.404623612089946072e-02 2.943226999674404265e-01 3.663024158283294529e-01 7.782439066282990092e-01 3.366667149003259030e-01 5.415919816991929814e-01 6.852720128699760771e-01 9.861686015410189299e-01 9.570763830596816790e-01 9.940096960532193160e-01 7.823363324736016811e-01 9.929542289629957885e-01 9.968173121554601002e-01 1.000000000000000000e+00 9.939593200409189144e-01 9.937414912841003867e-01 9.979385015469616205e-01 9.453906000256857567e-01 9.838550385352494709e-01 9.962023076657652298e-01 7.355610513084832602e-01
8.743346186183860169e-01 7.994295445232942887e-01 8.383450559480812858e-01 6.901818792260564495e-01 8.711319869528852955e-01 3.922052247633137090e-01 8.810790371288800271e-01 6.821802598758217595e-01 9.396209834570860009e-01 8.003209545670397773e-01 7.552547374267568614e-01 8.000621668358675054e-01 6.679006664392080905e-01 3.927815207026368882e-01 6.941605120643868920e-01 6.637875362401911561e-01 8.570165449513414968e-01 1.020290547722316893e-01 2.107010424943134563e-01 4.005777991391462622e-01 2.282101755887869787e-01 2.943226999674404265e-01 2.966358345846419331e-01 1.983523254583955675e-01 8.848037735803938597e-01 7.061929540459178645e-01 7.559857483477505635e-01 5.533166178695371196e-01 9.728334827701914378e-01 7.437598176110479242e-01 9.328734071463834487e-01 9.866648025063180505e-01 9.909725278707015583e-01 9.875899777228085430e-01 9.748661309256123619e-01 9.808858967439407772e-01 9.936984165823117277e-01 9.788120230152342893e-01 9.614405961151467617e-01 9.885140069566287213e-01 9.950323186713800894e-01 6.058237593913771146e-01
8.077937366083826065e-01 6.606305207816429714e-01 8.747623970332065735e-01 6.929391928516135390e-01 8.992217454425123213e-01 4.461981777543931327e-01 8.933712622192133690e-01 8.009053177107582355e-01 9.572965780304110162e-01 6.972216279939608130e-01 7.722858960178642374e-01 8.992846388233427524e-01 7.354611799601128430e-01 5.788919186970806763e-01 6.141413956076697822e-01 6.213737685537408240e-01 8.419817174864460130e-01 1.986357035169843965e-01 5.061063688123346865e-02 3.296131597782186451e-01 1.776131389167086017e-01 3.663024158283294529e-01 1.983523254583955675e-01 1.653905843909784790e-01 8.289603607346456293e-01 3.116131381065802008e-01 6.705192670806642274e-01 8.315862648147918090e-01 9.567854322828819313e-01 7.704889494006608164e-01 8.654680751339278721e-01 9.547376986580100588e-01 9.780077127587122332e-01 9.297602833729715632e-01 9.021304651248169826e-01 9.913911964487971407e-01 9.916647149236273995e-01 9.713840577271326548e-01 9.811154377384676550e-01 9.987004647186823458e-01 9.825144117963435786e-01 7.149794058728882185e-01
7.371779912250142619e-01 7.762061170513691044e-01 9.274273444004276223e-01 5.360480545879906522e-01 5.020182144691476278e-01 1.875558201656773449e-01 8.942613666973818487e-02 6.746410529987959537e-01 5.983608011066275933e-01 8.174991405105069830e-01 8.467324838751701943e-01 6.463352200079693910e-01 7.009748558710465760e-01 3.020681744354904441e-01 8.119674326091395888e-02 4.385867788994435301e-01 7.682476842682474105e-01 8.898061250726569948e-01 9.179470489829536506e-01 8.404543772145064429e-01 6.566267528413484156e-01 7.782439066282990092e-01 8.848037735803938597e-01 8.289603607346456293e-01 4.423317365964211587e-03 7.051188392505042257e-02 2.803913503090284601e-03 9.790241622866333593e-01 4.191381160281208995e-01 7.872161995715983851e-01 8.854041930347549272e-01 9.670428578407985754e-01 8.751468266805918494e-01 5.642047806032874924e-01 8.663956372863269584e-01 6.760581400165276422e-01 8.754999195901876918e-01 9.765930889144578408e-01 9.621294735944444509e-01 8.479668482557466413e-01 9.786132268734279993e-01 9.752807942645415062e-01
7.226158987144101209e-01 6.276379898017966363e-01 7.550584375467842557e-01 5.696254078460853965e-01 6.951073740923927602e-01 1.274404656298412375e-01 2.771723038356739277e-01 3.442231197177937907e-01 9.061915974970424781e-01 5.864510746838671462e-01 6.542760805572822580e-01 8.722252738072376888e-01 8.463162922104803254e-01 6.288423129275744206e-01 4.135805751297311206e-01 4.193931664487742794e-01 6.542364442036538996e-01 6.018607849375957608e-01 4.665957425941255066e-01 8.957757141416416991e-01 8.056171448002812374e-01 3.366667149003259030e-01 7.061929540459178645e-01 3.116131381065802008e-01 7.051188392505042257e-02 8.730237297347428810e-05 1.001695773048113225e-05 9.856108871032862595e-01 8.895688761351381313e-01 8.394923586324185560e-01 9.757275451034000957e-01 9.957824896356431976e-01 9.946560212593720252e-01 9.947997694742742869e-01 9.630864427704006747e-01 9.907282723509123201e-01 9.987467565959079474e-01 9.975946576573221369e-01 9.955882885024384121e-01 9.755952588226738387e-01 9.963504057226468813e-01 8.829771440466105403e-01
8.516258201067978817e-01 8.574940884200443758e-01 9.369447624559811283e-01 4.786041207955964438e-01 7.656603899341157815e-01 2.385903361066352424e-01 3.681312712557585631e-01 7.407818482542167793e-01 6.209649854577412587e-01 8.506504677531598890e-01 9.053471676404769575e-01 9.335178084039222890e-01 9.630346569312498994e-01 8.378713029515065802e-01 3.879509816640126507e-01 7.821467558600831982e-01 7.126467306306017990e-01 6.805564023619815606e-01 6.323444302150439400e-01 9.244957388406241927e-01 7.301508712291167047e-01 5.415919816991929814e-01 7.559857483477505635e-01 6.705192670806642274e-01 2.803913503090284601e-03 1.001695773048113225e-05 2.143377091986088580e-03 9.869369393447334771e-01 7.128449585271481315e-01 9.526115531211395426e-01 9.915182632241973382e-01 1.000000000000000000e+00 9.955013981431922732e-01 1.000000000000000000e+00 1.000000000000000000e+00 1.000000000000000000e+00 1.000000000000000000e+00 9.896011138563325371e-01 1.000000000000000000e+00 9.967602803392989763e-01 1.000000000000000000e+00 1.000000000000000000e+00
4.420073644497573562e-01 7.429736276052506527e-01 9.057970830241600657e-01 9.604226446437570397e-01 9.558210219678979769e-01 8.410240516925852061e-01 9.701493386446357059e-01 8.178108438598900021e-01 8.539951451419420803e-01 7.258060097547098799e-01 9.338550508884073675e-01 9.688125005126818623e-01 9.729568574287683624e-01 8.248770355086477712e-01 9.425710614372797558e-01 7.288637935649739941e-01 8.647242723987900170e-01 5.105359723337141720e-01 6.789896357942227789e-01 1.784885397375352567e-01 2.970074019647324093e-01 6.852720128699760771e-01 5.533166178695371196e-01 8.315862648147918090e-01 9.790241622866333593e-01 9.856108871032862595e-01 9.869369393447334771e-01 1.939562175176716375e-03 5.349708841679520210e-01 2.359741775742971864e-02 3.296494111761385515e-01 6.876121205618457299e-01 4.546896878525509833e-01 8.016904541547340557e-01 3.999316926950711171e-01 5.758197052370077618e-01 8.685182340741696150e-01 4.972985626357276923e-01 5.472153350606158151e-01 6.713091856526174350e-01 8.013710437341218240e-01 5.582020433309226037e-01
1.916682244825067549e-01 4.543676594334444818e-01 8.860935371563009033e-01 9.504352590287056257e-01 8.052219914866386441e-01 8.853518529139868809e-01 4.333711076965460762e-01 8.899781253151394234e-01 2.078933802395876995e-01 6.470959944227738792e-01 6.995468830226327928e-01 8.941124434674532218e-01 9.078201780019393707e-01 9.470399751252996934e-01 7.226033918632912556e-01 5.534529432443215935e-01 6.980767908633439545e-01 9.675909806983672423e-01 9.401142922226325416e-01 6.865706274850914559e-01 9.186312713596521684e-01 9.861686015410189299e-01 9.728334827701914378e-01 9.567854322828819313e-01 4.191381160281208995e-01 8.895688761351381313e-01 7.128449585271481315e-01 5.349708841679520210e-01 1.654770494394025787e-04 5.607583002246846471e-01 2.167221304565789264e-01 3.008390609881797517e-01 2.837201570909214654e-01 7.337872393134352821e-03 3.309496099416439074e-01 5.673061612004926674e-02 6.299848332579517374e-01 9.136366346218866008e-01 6.570680608921193322e-01 6.984144471805451282e-01 5.069824733901253655e-01 3.419377346491235259e-01
5.379526601501671834e-01 7.873696903329379104e-01 7.202866714256993541e-01 9.459454690360046270e-01 7.213421322740747321e-01 8.810188752649831256e-01 7.366791134723004175e-01 6.290854801075655978e-01 8.885364439238105927e-01 8.504165491285426981e-01 9.246278123059706866e-01 9.748638593671204999e-01 9.802062033345696479e-01 8.867689408963899123e-01 9.483540950609564701e-01 8.201545456830758862e-01 8.226323060835946110e-01 7.229513911467733145e-01 8.087102008561170008e-01 3.206914196744652390e-01 5.483421008178517714e-02 9.570763830596816790e-01 7.437598176110479242e-01 7.704889494006608164e-01 7.872161995715983851e-01 8.394923586324185560e-01 9.526115531211395426e-01 2.359741775742971864e-02 5.607583002246846471e-01 9.796962177584106479e-04 1.391424082648747007e-01 3.376029667707933779e-01 2.045096393051155648e-01 5.213983358537147561e-01 5.427766560465996371e-01 2.885623654395385040e-01 7.179341240671182067e-01 3.655223218075638880e-01 3.614415404174063928e-01 6.372135950965253093e-01 7.176649083413523256e-01 5.606175675715465712e-01
7.718757341972434238e-01 8.591357189749871948e-01 9.048929719930266513e-01 9.774637584743818275e-01 7.234397351119844499e-01 9.267471292679914097e-01 7.600205041444239029e-01 8.471457263468085142e-01 5.183591979234816183e-01 8.597740474377124631e-01 9.129852186080147369e-01 9.769314732177408755e-01 9.824167975755595528e-01 9.830959833081094335e-01 9.860297801729601685e-01 8.170295337179807049e-01 8.170170997565586735e-01 9.171022997938400589e-01 7.827124221375350022e-01 1.499393104539964161e-01 9.069893323009510233e-01 9.940096960532193160e-01 9.328734071463834487e-01 8.654680751339278721e-01 8.854041930347549272e-01 9.757275451034000957e-01 9.915182632241973382e-01 3.296494111761385515e-01 2.167221304565789264e-01 1.391424082648747007e-01 4.368096856125705399e-04 1.242689357105451198e-01 3.541546497637104718e-03 4.120395484586208273e-02 3.311161021070465477e-02 2.306201309997153032e-02 3.041977295722291808e-01 4.852374194804880414e-01 2.920968752983387207e-01 3.630534104592265110e-01 3.148503427390025866e-01 5.022180794003432425e-01
8.663686358343544169e-01 7.267306988345221264e-01 1.000000000000000000e+00 9.876722957018885252e-01 9.067119596354960009e-01 9.475387403133360698e-01 8.380845729771456698e-01 9.694547432016644706e-01 8.712327153992548423e-01 8.042384554519209638e-01 9.761367284181061699e-01 9.519981639518902972e-01 9.812714966547474438e-01 9.731403358909033185e-01 9.437955797067903996e-01 8.866348107126974520e-01 7.904048902090391460e-01 9.748780357394517537e-01 8.567595732577738543e-01 4.951885329302368466e-01 9.717781226673125605e-01 7.823363324736016811e-01 9.866648025063180505e-01 9.547376986580100588e-01 9.670428578407985754e-01 9.957824896356431976e-01 1.000000000000000000e+00 6.876121205618457299e-01 3.008390609881797517e-01 3.376029667707933779e-01 1.242689357105451198e-01 2.088614642113428885e-08 1.405645459300359189e-02 3.392952025714154329e-01 4.052846991917258279e-01 1.223165306459660442e-02 4.428652327533198485e-01 5.794095094139113389e-01 2.905472075485378558e-01 6.089099332610958815e-01 7.115137883891842208e-01 8.465663904958503627e-01
8.540914062095505965e-01 9.270168486265002450e-01 9.898934976507512973e-01 9.888097612667272607e-01 8.039017147560130194e-01 9.895910183199311261e-01 8.252974063111095937e-01 9.192068883556339109e-01 7.928389937025982492e-01 9.092028084562097101e-01 9.562146142818794825e-01 9.700353068911345966e-01 9.749962735143122838e-01 9.938550784223553203e-01 9.708308478259558560e-01 9.871843990656696821e-01 8.460020525523477275e-01 9.916567487189179575e-01 8.163231510097813670e-01 7.517232066434288429e-01 9.597019353367485239e-01 9.929542289629957885e-01 9.909725278707015583e-01 9.780077127587122332e-01 8.751468266805918494e-01 9.946560212593720252e-01 9.955013981431922732e-01 4.546896878525509833e-01 2.837201570909214654e-01 2.045096393051155648e-01 3.541546497637104718e-03 1.405645459300359189e-02 6.496451766487279717e-05 3.828710369944334641e-02 7.242797190898679627e-02 1.619067574430235398e-02 1.828257918156827588e-01 3.157184370748687963e-01 1.149819651908950968e-01 2.613063333408774391e-01 3.365303937222548503e-01 8.509125838977744660e-01
5.259097292592157524e-01 7.815496963405057507e-01 9.445687739155118612e-01 9.877244274731784568e-01 1.442475876282408309e-01 9.180259019273904197e-01 2.149308242340358388e-01 7.547140096853065527e-01 6.487030844538040075e-02 7.142793438570775866e-01 7.852778388241575813e-01 9.075228036978391088e-01 9.879888648144091734e-01 9.767290825263752474e-01 9.462840789002683328e-01 4.542604793031931321e-01 4.321940667122631252e-01 9.821396586576757182e-01 9.505953679940515322e-01 7.101766126756563491e-01 9.285841522071688336e-01 9.968173121554601002e-01 9.875899777228085430e-01 9.297602833729715632e-01 5.642047806032874924e-01 9.947997694742742869e-01 1.000000000000000000e+00 8.016904541547340557e-01 7.337872393134352821e-03 5.213983358537147561e-01 4.120395484586208273e-02 3.392952025714154329e-01 3.828710369944334641e-02 1.362591495356074050e-04 2.519410883384426980e-01 1.196951239323029541e-02 2.129755724402028760e-01 8.263645914182625729e-01 5.315994809818614941e-01 2.372666369094950656e-01 2.590642238996855307e-01 3.423721413374328781e-01
8.252199207281420978e-01 2.814709591480550888e-01 9.269326231989587495e-01 1.000000000000000000e+00 9.960143842104562939e-01 8.368135521391006915e-01 6.883117999807577547e-01 9.586999665044246832e-01 6.262474331223867319e-01 5.191455376961405799e-01 9.134218355704870618e-01 1.000000000000000000e+00 9.942113741917919523e-01 9.762322875798884469e-01 9.843118835336119865e-01 9.377536663162231445e-01 9.072309394318373021e-01 9.727858177072681301e-01 9.527424073165222662e-01 7.939292721509275674e-01 9.113196369123962581e-01 1.000000000000000000e+00 9.748661309256123619e-01 9.021304651248169826e-01 8.663956372863269584e-01 9.630864427704006747e-01 1.000000000000000000e+00 3.999316926950711171e-01 3.309496099416439074e-01 5.427766560465996371e-01 3.311161021070465477e-02 4.052846991917258279e-01 7.242797190898679627e-02 2.519410883384426980e-01 2.557074585189655823e-12 7.693762299491944956e-02 5.014610939788520794e-01 4.256339134277530023e-02 2.954787660480509559e-01 2.350814634763042366e-01 6.690214350275665300e-02 1.564248452239727083e-01
6.352438735093478561e-01 8.103672041469661691e-01 9.770656249486150413e-01 9.643307530305813557e-01 9.041418114653975158e-01 9.660020475448444222e-01 7.618989068564275824e-01 8.097740965272252067e-01 4.658941727977907593e-02 8.672166187672066817e-01 6.705996574298140889e-01 1.000000000000000000e+00 9.016078194137353563e-01 9.818216144021528757e-01 9.784233555770176505e-01 6.465598945848302082e-01 4.116668100463791724e-01 9.831926755185825817e-01 8.696981170002671124e-01 5.637555047678929343e-01 9.195730218057220906e-01 9.939593200409189144e-01 9.808858967439407772e-01 9.913911964487971407e-01 6.760581400165276422e-01 9.907282723509123201e-01 1.000000000000000000e+00 5.758197052370077618e-01 5.673061612004926674e-02 2.885623654395385040e-01 2.306201309997153032e-02 1.223165306459660442e-02 1.619067574430235398e-02 1.196951239323029541e-02 7.693762299491944956e-02 4.146573602247561469e-03 3.873764586696196166e-01 2.295315152902647482e-01 5.598115241640494455e-01 3.545756188452211521e-01 2.388964493341539375e-01 8.454535220231170975e-03
7.721907759551116524e-01 7.158777169143929475e-01 9.281399157509936382e-01 7.743735920421064289e-01 1.100857032454657936e-01 9.016803903373837858e-01 5.610691244571273106e-01 9.761903325485317140e-01 4.622794265466542707e-01 9.573231245920148513e-01 9.875953382270319381e-01 9.478336628302109768e-01 8.523029917078855933e-01 9.865979490058881529e-01 9.989586839933157769e-01 8.407041169467039943e-01 6.191709203631748926e-01 9.887637280181970079e-01 9.682773567403424320e-01 8.460757319641155627e-01 9.829620559877876307e-01 9.937414912841003867e-01 9.936984165823117277e-01 9.916647149236273995e-01 8.754999195901876918e-01 9.987467565959079474e-01 1.000000000000000000e+00 8.685182340741696150e-01 6.299848332579517374e-01 7.179341240671182067e-01 3.041977295722291808e-01 4.428652327533198485e-01 1.828257918156827588e-01 2.129755724402028760e-01 5.014610939788520794e-01 3.873764586696196166e-01 9.258069046920624947e-05 2.470245034975981566e-02 1.287270212267053737e-01 1.961728954301882565e-03 7.841152722161218462e-05 2.813796720041601418e-01
8.639219618316665850e-01 3.365270661917637018e-01 9.932908236506872157e-01 9.002904950339376544e-01 6.950382509020512911e-01 9.887435198176371953e-01 8.706917420643087713e-01 9.969665146460651162e-01 9.547624283353791652e-01 8.940410766203972237e-01 9.840305424073644280e-01 9.670505246396263743e-01 9.494136155655130693e-01 9.751594332578483737e-01 9.721901555032171904e-01 9.413930456061663232e-01 9.150219579028625594e-01 9.632466995044398628e-01 8.998232783222706033e-01 7.518894533397062485e-01 9.327046066935893442e-01 9.979385015469616205e-01 9.788120230152342893e-01 9.713840577271326548e-01 9.765930889144578408e-01 9.975946576573221369e-01 9.896011138563325371e-01 4.972985626357276923e-01 9.136366346218866008e-01 3.655223218075638880e-01 4.852374194804880414e-01 5.794095094139113389e-01 3.157184370748687963e-01 8.263645914182625729e-01 4.256339134277530023e-02 2.295315152902647482e-01 2.470245034975981566e-02 1.166787613217916435e-06 8.531195958146002567e-02 6.507368674080422910e-02 7.999948502648271745e-03 8.433553162174871609e-01
