-0.000000000000000000e+00 5.648892068806414812e-01 7.901280706914393104e-01 1.359029268786780875e+00 1.020130673667677845e+00 1.077521468409312622e+00 1.112150997089722537e+00 1.086191997870740611e+00 1.039567197364685169e+00 1.041328787105106457e+00 1.073682648786628224e+00 1.408981560055486915e+00 1.291556593644113127e+00 1.362268786650028929e+00 1.374018990873308921e+00 1.024463224966228658e+00 1.043608360597240603e+00 1.377934348160158029e+00 1.270036556554993368e+00 9.593517036005325682e-01 1.430038919892719917e+00 1.349175005085629264e+00 1.386126008894642991e+00 1.523692885195328861e+00 1.212713436143102452e+00 1.353867695357166001e+00 1.667684161768119733e+00 9.615903403254245640e-01 7.842269771074198426e-01 1.097595705018549639e+00 1.309437952431597996e+00 1.461579669590332919e+00 1.451736854632997842e+00 1.293020746303459312e+00 1.506742895967484897e+00 1.415445362596912782e+00 1.309222396458766813e+00 1.443038612314408775e+00 1.226747953632786325e+00 1.415602733162833582e+00 1.688436106819088289e+00 1.445265167424499841e+00
5.648892068806414812e-01 -0.000000000000000000e+00 9.796166800354344506e-01 1.241806889473031861e+00 1.224722122425868198e+00 1.036605464321443293e+00 1.244660274545460910e+00 1.321221897375658649e+00 1.129071974315585702e+00 6.111787691348128382e-01 8.578458809798272799e-01 1.348729364455372837e+00 1.164152488992168388e+00 1.009628625193879969e+00 1.299788511152401682e+00 7.127283981792332801e-01 9.117968145725501294e-01 1.072308905916209865e+00 1.125921306619463547e+00 1.194800294022838383e+00 1.122716680686355106e+00 1.222698085342626140e+00 1.129587571605820573e+00 1.372120278077627820e+00 1.160906591394054832e+00 1.228413551475656673e+00 1.734472491167232455e+00 1.128304230378247563e+00 8.838006743814890154e-01 1.271483664308560080e+00 1.373297890079785866e+00 1.201617609623829797e+00 1.571472007910885926e+00 1.502165355442068861e+00 1.027934647914633626e+00 1.583430634802664771e+00 1.171713037067427132e+00 8.555044069360798753e-01 1.240903999298264893e+00 1.192544461424591473e+00 1.452512867271305241e+00 1.780441413579400667e+00
7.901280706914393104e-01 9.796166800354344506e-01 -0.000000000000000000e+00 6.207674274540365689e-01 8.353936274647316695e-01 1.150022063550708795e+00 1.067484813145459732e+00 1.063652007658690390e+00 1.405209116398864033e+00 7.776897245145544257e-01 1.004276639723595377e+00 8.607092209920935710e-01 7.048608459830875139e-01 1.196575518981922492e+00 1.235767374720662781e+00 9.439361475137951762e-01 9.709652876890808582e-01 1.147788914086847356e+00 1.326136955062972911e+00 1.413636142107511651e+00 1.545592927986404463e+00 1.217968718571889264e+00 1.237486212639733685e+00 1.618013381208190493e+00 1.502721202958272606e+00 1.365700908366560551e+00 1.808399859652206398e+00 1.442613962982997489e+00 1.402631043490522922e+00 1.214220220635908953e+00 1.496108792912165475e+00 2.036550155458934253e+00 1.904663925625895482e+00 1.758860446346425688e+00 1.682065693732415657e+00 1.856773488901757307e+00 1.562568567038605361e+00 1.948939223528176168e+00 1.113716013493265100e+00 1.691775720701115704e+00 1.866678531927008722e+00 1.377599991044003991e+00
1.359029268786780875e+00 1.241806889473031861e+00 6.207674274540365689e-01 -0.000000000000000000e+00 9.665044522036791985e-01 8.076283619668120917e-01 9.339226969424377911e-01 1.226762249846129471e+00 1.405993886637181722e+00 9.338029223392333433e-01 1.085656489943022551e+00 5.548741938994209422e-01 6.728427980082121174e-01 9.317241802175747489e-01 8.853856959929318204e-01 1.251543275653385523e+00 1.178152512662895113e+00 9.127880936808486778e-01 1.075861887439275133e+00 1.396966710904701925e+00 1.216786105892877723e+00 6.440801897906631712e-01 9.525633308547576394e-01 1.398203791265431928e+00 8.903128677027787319e-01 1.168303688883621128e+00 1.426006557575473899e+00 1.602930815737165338e+00 1.559938602708446309e+00 1.608569432309373104e+00 1.786205164902031628e+00 1.898727333813355900e+00 1.919601067246536008e+00 1.965951389134487748e+00 2.053213497340931504e+00 1.886214840774559143e+00 1.218582068284462361e+00 1.437660897337861066e+00 1.589880727293780271e+00 1.424320380941886732e+00 1.796455701337264177e+00 1.653136621195617328e+00
1.020130673667677845e+00 1.224722122425868198e+00 8.353936274647316695e-01 9.665044522036791985e-01 -0.000000000000000000e+00 9.054403672031251515e-01 6.937753899346925657e-01 1.428724624740317140e+00 9.146896661627551550e-01 1.241691278044417812e+00 1.288503147801695725e+00 1.157020058514456995e+00 9.230968958907541655e-01 1.349016824019244831e+00 1.192400043523062614e+00 1.341938863906548374e+00 8.672748082213480592e-01 1.521427275230481602e+00 1.682984310274627582e+00 1.489453774795052698e+00 1.659026091293605232e+00 1.597912269980327649e+00 1.439846342060409290e+00 1.629331890171008990e+00 1.054262396354958664e+00 1.348800955511913591e+00 1.577112877035113270e+00 1.712716976998196250e+00 1.361664792314378092e+00 1.299006906330997468e+00 1.294020955529478378e+00 1.573834509793069714e+00 1.407827001686864365e+00 1.038716557283224207e+00 1.819414234091365046e+00 1.651052941555877895e+00 7.987977286434252422e-01 1.261239623940397125e+00 1.636056738898896246e+00 1.129665599315593960e+00 1.360479388000782608e+00 1.473036702613323090e+00
1.077521468409312622e+00 1.036605464321443293e+00 1.150022063550708795e+00 8.076283619668120917e-01 9.054403672031251515e-01 -0.000000000000000000e+00 6.341106697074181398e-01 1.263836727410020178e+00 1.449299060808306949e+00 1.117010084907123613e+00 1.257439167387929713e+00 1.200883582307814113e+00 1.175137770736738085e+00 7.894785352163931069e-01 8.184916004841138459e-01 1.107280409482799488e+00 1.196182073302112236e+00 5.580097172548575957e-01 8.368211611914939674e-01 1.053484104801404975e+00 1.056951346578366868e+00 7.913130493319117109e-01 6.091349315465778291e-01 1.188884817677083872e+00 5.576178290634578039e-01 8.026670648839827615e-01 1.260497878955293638e+00 1.174392306465930957e+00 1.284952370490106466e+00 1.375632825207278698e+00 1.488733259453614011e+00 1.594915884981229270e+00 1.960970722967871227e+00 1.749194675322073511e+00 1.505618566130240144e+00 1.960820439518467850e+00 1.409579916429848812e+00 1.912444875012022205e+00 1.511614015953168577e+00 1.485994597923401495e+00 2.011416690390770423e+00 1.560559610573141187e+00
1.112150997089722537e+00 1.244660274545460910e+00 1.067484813145459732e+00 9.339226969424377911e-01 6.937753899346925657e-01 6.341106697074181398e-01 -0.000000000000000000e+00 1.283305658147954054e+00 1.078431090947294946e+00 1.162490066228142549e+00 1.356973258771309920e+00 1.110317036129486290e+00 1.225023774717365121e+00 1.119608251995198644e+00 9.086073976792936602e-01 1.263618272129453990e+00 9.919134050018213467e-01 1.402597423886164263e+00 1.382053677601830399e+00 1.238762114815500137e+00 1.552656169081569004e+00 1.224205456968919359e+00 1.389476203801066845e+00 1.636366406191015921e+00 6.570799819983540457e-01 1.008064317372474150e+00 1.349659352899569953e+00 1.750364202212461917e+00 9.545432345665358920e-01 1.270078451726458724e+00 1.287654244313254370e+00 1.406777991438354913e+00 1.400312106915204913e+00 1.076125969194178023e+00 1.360402685429660918e+00 1.519699423189522891e+00 1.097404531178491016e+00 1.449151253831560071e+00 1.670703332385682804e+00 1.105286314326827668e+00 1.624852417668777527e+00 1.483528055196743134e+00
1.086191997870740611e+00 1.321221897375658649e+00 1.063652007658690390e+00 1.226762249846129471e+00 1.428724624740317140e+00 1.263836727410020178e+00 1.283305658147954054e+00 -0.000000000000000000e+00 1.636947657542099144e+00 1.443727923302060345e+00 1.451925065205765142e+00 1.397309234203274242e+00 1.498844516249316028e+00 1.335882631610510130e+00 1.359324299714021134e+00 1.337349898826265093e+00 1.485908826214504375e+00 1.601034561857175298e+00 1.552147113181387983e+00 1.707205670993931390e+00 1.688498971150098615e+00 1.563219043207125347e+00 1.600329760638297127e+00 1.511887987277835910e+00 1.576955578071995046e+00 1.338595312924602210e+00 1.417102378778535732e+00 1.707475800515121600e+00 1.785620896047122041e+00 1.517811425921204771e+00 1.690957839820834030e+00 1.807121502140625058e+00 1.730588876173972279e+00 1.490649166816001570e+00 1.618846368954252490e+00 1.483685606135411339e+00 1.839018279969616199e+00 1.879300035384445122e+00 1.459291728610820460e+00 1.659177736196945308e+00 1.518316261154694091e+00 1.487751788521741947e+00
1.039567197364685169e+00 1.129071974315585702e+00 1.405209116398864033e+00 1.405993886637181722e+00 9.146896661627551550e-01 1.449299060808306949e+00 1.078431090947294946e+00 1.636947657542099144e+00 -0.000000000000000000e+00 9.765646160556865629e-01 8.560276331619351975e-01 1.306801459062979065e+00 7.830687327318150981e-01 1.411670100874402589e+00 1.312664809658797171e+00 1.119595301605186721e+00 8.271461997649064424e-01 1.639649360957933677e+00 1.709333810794435360e+00 1.279260130649799265e+00 1.409649637478077588e+00 1.916602744656509927e+00 1.564704510233158929e+00 1.757088397515601530e+00 1.063572339305567827e+00 1.603241363500670369e+00 1.504414573326913640e+00 1.373104822370614819e+00 7.845702469109422372e-01 1.495625650374561300e+00 1.062259036594632500e+00 1.462900684636502913e+00 1.353019990359546343e+00 9.270162827973071895e-01 1.306632250223900504e+00 9.509927878685227043e-01 1.019721765742185315e+00 1.683164552226212862e+00 1.455471196317017712e+00 5.390192912153698446e-01 1.287311869633714467e+00 8.738919061188211712e-01
1.041328787105106457e+00 6.111787691348128382e-01 7.776897245145544257e-01 9.338029223392333433e-01 1.241691278044417812e+00 1.117010084907123613e+00 1.162490066228142549e+00 1.443727923302060345e+00 9.765646160556865629e-01 -0.000000000000000000e+00 5.175434098978419772e-01 1.065079943858159739e+00 9.010276306955317116e-01 9.837387165852453652e-01 1.173073569387902193e+00 6.561943927536738608e-01 8.069180045151633784e-01 1.064865143721684726e+00 1.251990616751996965e+00 1.532627987656395296e+00 1.219782586626442233e+00 1.052851391005096726e+00 1.124896405472316951e+00 1.404983569964606049e+00 1.215977607442952024e+00 1.192090798330845303e+00 1.729214640497067856e+00 1.103987220837823413e+00 1.036611271506142407e+00 1.366563334378270156e+00 1.371597737678680318e+00 1.296226420435080851e+00 1.517438249546328999e+00 1.430501895243252442e+00 1.196584994160138526e+00 1.661464226653230680e+00 1.661675324371867379e+00 1.438942079299166288e+00 1.608689366675147836e+00 1.211169232449295308e+00 1.723296353507711487e+00 1.964334704484799632e+00
1.073682648786628224e+00 8.578458809798272799e-01 1.004276639723595377e+00 1.085656489943022551e+00 1.288503147801695725e+00 1.257439167387929713e+00 1.356973258771309920e+00 1.451925065205765142e+00 8.560276331619351975e-01 5.175434098978419772e-01 -0.000000000000000000e+00 9.268816475384018538e-01 6.769551278389666082e-01 1.141214928976540532e+00 1.197091667042464280e+00 9.274713201004204377e-01 5.604566857665883584e-01 1.200437183210242509e+00 1.438137097548462418e+00 1.654584940314719477e+00 1.211688905664420002e+00 1.388750415650019443e+00 1.136948531741102775e+00 1.484561568743895110e+00 1.321517353534283012e+00 1.271625709398369608e+00 1.753440664054087827e+00 1.546548238684697818e+00 1.141823826715961276e+00 1.569259243740055432e+00 1.527574837299396471e+00 1.793146833848667354e+00 1.695379919768168930e+00 1.506081962713986089e+00 1.648685343692354532e+00 1.442232576372098229e+00 1.881245339954254137e+00 1.849021750219127513e+00 1.812848005818075148e+00 1.451511107925773203e+00 1.797169523946980263e+00 1.806456646479549955e+00
1.408981560055486915e+00 1.348729364455372837e+00 8.607092209920935710e-01 5.548741938994209422e-01 1.157020058514456995e+00 1.200883582307814113e+00 1.110317036129486290e+00 1.397309234203274242e+00 1.306801459062979065e+00 1.065079943858159739e+00 9.268816475384018538e-01 -0.000000000000000000e+00 7.104026097781606097e-01 1.009231843263737716e+00 6.754191893755726595e-01 1.371393172095749957e+00 1.046687788711186284e+00 1.320059356100908410e+00 1.594866875043630339e+00 1.563584586565090584e+00 1.509676843312561134e+00 1.018363499421738316e+00 1.249639472549623376e+00 1.644179547903195981e+00 1.115366969965387867e+00 1.541383287683600667e+00 1.748479141655722824e+00 1.745295449657420450e+00 1.472607591457128828e+00 1.788879013269199403e+00 1.801144773324327542e+00 1.682430100818110397e+00 1.764867830241844349e+00 1.661227121655291405e+00 1.885108467087453832e+00 1.849012102087870479e+00 1.660871366945961380e+00 1.744515602406491839e+00 1.820452486016817639e+00 1.877961606654909410e+00 1.825370057703765925e+00 1.835653505779941463e+00
1.291556593644113127e+00 1.164152488992168388e+00 7.048608459830875139e-01 6.728427980082121174e-01 9.230968958907541655e-01 1.175137770736738085e+00 1.225023774717365121e+00 1.498844516249316028e+00 7.830687327318150981e-01 9.010276306955317116e-01 6.769551278389666082e-01 7.104026097781606097e-01 -0.000000000000000000e+00 9.120157575302006991e-01 9.295505198349888198e-01 1.186947007767418460e+00 9.361974406790030123e-01 1.097250762624748521e+00 1.391634346687224077e+00 1.404771398685915385e+00 1.318194641253651600e+00 1.186791606629313600e+00 1.021218806008621582e+00 1.445700173726190751e+00 1.109695189274151339e+00 1.487135257750154427e+00 1.844802829030048219e+00 1.737694588460040768e+00 1.459059909592018256e+00 1.820115876285256951e+00 1.835370286665777950e+00 1.829107831328514067e+00 1.790352466829529199e+00 1.886005847794532508e+00 1.918192034009839508e+00 1.699983096583140396e+00 1.383810249235954304e+00 1.638438522187463331e+00 1.602080033527078395e+00 1.430070057987432586e+00 1.900987899804300163e+00 1.385321608806478588e+00
1.362268786650028929e+00 1.009628625193879969e+00 1.196575518981922492e+00 9.317241802175747489e-01 1.349016824019244831e+00 7.894785352163931069e-01 1.119608251995198644e+00 1.335882631610510130e+00 1.411670100874402589e+00 9.837387165852453652e-01 1.141214928976540532e+00 1.009231843263737716e+00 9.120157575302006991e-01 -0.000000000000000000e+00 6.761277870624343711e-01 9.476200070407053699e-01 1.331084211335600065e+00 8.130056481066776364e-01 1.021051923822906549e+00 1.246889856538089258e+00 9.330881024963587622e-01 9.490241890617634457e-01 8.053472998616582057e-01 1.312003750553068393e+00 7.946814897593228455e-01 1.245576416408030962e+00 1.688442445426667993e+00 1.281733904144428449e+00 1.599401541987647946e+00 1.466733371387098694e+00 1.841280994086868850e+00 1.773067773450034190e+00 1.941113175267921598e+00 1.842100982801971432e+00 1.830217902202677660e+00 1.861988116365721035e+00 1.872596029369026693e+00 1.779182070250296954e+00 1.648409424888755526e+00 1.560799000654744750e+00 1.877114475515466507e+00 1.365949143969626078e+00
1.374018990873308921e+00 1.299788511152401682e+00 1.235767374720662781e+00 8.853856959929318204e-01 1.192400043523062614e+00 8.184916004841138459e-01 9.086073976792936602e-01 1.359324299714021134e+00 1.312664809658797171e+00 1.173073569387902193e+00 1.197091667042464280e+00 6.754191893755726595e-01 9.295505198349888198e-01 6.761277870624343711e-01 -0.000000000000000000e+00 1.050198426161860876e+00 1.163619289094343312e+00 1.127582122120224239e+00 1.301906514493134548e+00 1.455038058861161554e+00 1.257013935101648938e+00 1.169799603372987384e+00 1.126236921169427641e+00 1.349339867330262788e+00 6.577835202105697388e-01 1.109191945936794488e+00 1.361297655240444993e+00 1.618286118822484854e+00 1.211183077546659881e+00 1.669052265137219715e+00 1.864223975257650601e+00 1.653980222735474515e+00 1.769042379509320417e+00 1.727870078681680521e+00 1.820488801812166324e+00 1.796860447557305562e+00 1.988298906048812986e+00 1.773755173091380977e+00 1.782415659043168121e+00 1.575369477663249640e+00 1.831448386473893741e+00 1.824629074143948593e+00
1.024463224966228658e+00 7.127283981792332801e-01 9.439361475137951762e-01 1.251543275653385523e+00 1.341938863906548374e+00 1.107280409482799488e+00 1.263618272129453990e+00 1.337349898826265093e+00 1.119595301605186721e+00 6.561943927536738608e-01 9.274713201004204377e-01 1.371393172095749957e+00 1.186947007767418460e+00 9.476200070407053699e-01 1.050198426161860876e+00 -0.000000000000000000e+00 9.882065485524242909e-01 1.112816969224589281e+00 1.211299562419010822e+00 1.299359946410785893e+00 1.234558388571489695e+00 1.255969947842149326e+00 1.160176285704744403e+00 1.364841389658728810e+00 1.009322589628623978e+00 1.140858542631965067e+00 1.586964667649712224e+00 1.262438073503532765e+00 1.108073671531405902e+00 1.419482820964418579e+00 1.408948866135014688e+00 1.532189016559853956e+00 1.850703439056060828e+00 1.258007487625729892e+00 1.678934036642514505e+00 1.425163619130642711e+00 1.443961748912758525e+00 1.663373614737919004e+00 1.698218742442853646e+00 1.431815739550242883e+00 1.716570025035178082e+00 1.179902322692158778e+00
1.043608360597240603e+00 9.117968145725501294e-01 9.709652876890808582e-01 1.178152512662895113e+00 8.672748082213480592e-01 1.196182073302112236e+00 9.919134050018213467e-01 1.485908826214504375e+00 8.271461997649064424e-01 8.069180045151633784e-01 5.604566857665883584e-01 1.046687788711186284e+00 9.361974406790030123e-01 1.331084211335600065e+00 1.163619289094343312e+00 9.882065485524242909e-01 -0.000000000000000000e+00 1.435387684906817896e+00 1.368546815460293109e+00 1.465997690563517031e+00 1.446927453394906360e+00 1.409206299732110201e+00 1.374161637253953350e+00 1.561915778503465857e+00 1.270310237783883967e+00 1.299150186398045248e+00 1.554957082791103895e+00 1.424339108356829531e+00 1.203802547162520886e+00 1.400128217328761249e+00 1.384489228311614140e+00 1.358147590309450425e+00 1.449647871881530437e+00 1.234554128318436028e+00 1.628801362640804440e+00 1.267042600332413560e+00 1.169504587995508826e+00 1.568219969065604680e+00 1.434558794756855882e+00 1.200731570056265518e+00 1.464882299023661849e+00 1.401858634796444125e+00
1.377934348160158029e+00 1.072308905916209865e+00 1.147788914086847356e+00 9.127880936808486778e-01 1.521427275230481602e+00 5.580097172548575957e-01 1.402597423886164263e+00 1.601034561857175298e+00 1.639649360957933677e+00 1.064865143721684726e+00 1.200437183210242509e+00 1.320059356100908410e+00 1.097250762624748521e+00 8.130056481066776364e-01 1.127582122120224239e+00 1.112816969224589281e+00 1.435387684906817896e+00 -0.000000000000000000e+00 5.410729173423497462e-01 8.571216978103896045e-01 6.663339639991731067e-01 6.520316917016690805e-01 3.258964157354128366e-01 1.000914361537996067e+00 1.236195312422450066e+00 1.164660339620034346e+00 1.595147002706640116e+00 7.865004920922048504e-01 1.597511680985613580e+00 1.114111753743375344e+00 1.441399082787651276e+00 1.766082834795474232e+00 2.016602354611003456e+00 2.058831132778996764e+00 1.932270728555377515e+00 2.099613309342361678e+00 1.923673458186565099e+00 1.642996466620183282e+00 1.660863042948671930e+00 1.833846331101571359e+00 2.186187278522795818e+00 1.260511202663428643e+00
1.270036556554993368e+00 1.125921306619463547e+00 1.326136955062972911e+00 1.075861887439275133e+00 1.682984310274627582e+00 8.368211611914939674e-01 1.382053677601830399e+00 1.552147113181387983e+00 1.709333810794435360e+00 1.251990616751996965e+00 1.438137097548462418e+00 1.594866875043630339e+00 1.391634346687224077e+00 1.021051923822906549e+00 1.301906514493134548e+00 1.211299562419010822e+00 1.368546815460293109e+00 5.410729173423497462e-01 -0.000000000000000000e+00 8.245656976921863501e-01 7.834018496476669036e-01 7.859451174593763412e-01 6.082403656178708706e-01 8.669141989536103265e-01 1.435291456685342082e+00 1.100485801040916867e+00 1.530867959403465095e+00 1.054769351843556136e+00 1.534676600694005133e+00 1.298965272447916819e+00 1.249698499408995911e+00 1.382436490795245332e+00 1.334046891139253344e+00 1.797217509328681073e+00 1.767386498853052545e+00 1.665118865930921954e+00 1.724265886637582623e+00 1.453675533136778331e+00 1.558930072921035359e+00 1.714185840400585636e+00 1.871999369418494430e+00 1.267605560152105459e+00
9.593517036005325682e-01 1.194800294022838383e+00 1.413636142107511651e+00 1.396966710904701925e+00 1.489453774795052698e+00 1.053484104801404975e+00 1.238762114815500137e+00 1.707205670993931390e+00 1.279260130649799265e+00 1.532627987656395296e+00 1.654584940314719477e+00 1.563584586565090584e+00 1.404771398685915385e+00 1.246889856538089258e+00 1.455038058861161554e+00 1.299359946410785893e+00 1.465997690563517031e+00 8.571216978103896045e-01 8.245656976921863501e-01 -0.000000000000000000e+00 8.352120385375078060e-01 1.049182322136384293e+00 8.732199726312157573e-01 1.150158669484170559e+00 1.348981661078253236e+00 1.583086571682216448e+00 1.741651622503354480e+00 7.563723001261314360e-01 1.166050224097609833e+00 9.339488009316539996e-01 7.885617014314607598e-01 1.062823908991001653e+00 1.306397088614176472e+00 1.433953823531264993e+00 1.467829986314748147e+00 1.363812801112487483e+00 1.410165856480684932e+00 1.275152400255947116e+00 1.072092279364910361e+00 1.332246503519301850e+00 1.681753591137715942e+00 1.565103983279608757e+00
1.430038919892719917e+00 1.122716680686355106e+00 1.545592927986404463e+00 1.216786105892877723e+00 1.659026091293605232e+00 1.056951346578366868e+00 1.552656169081569004e+00 1.688498971150098615e+00 1.409649637478077588e+00 1.219782586626442233e+00 1.211688905664420002e+00 1.509676843312561134e+00 1.318194641253651600e+00 9.330881024963587622e-01 1.257013935101648938e+00 1.234558388571489695e+00 1.446927453394906360e+00 6.663339639991731067e-01 7.834018496476669036e-01 8.352120385375078060e-01 -0.000000000000000000e+00 1.044385421719403073e+00 6.767598423399864283e-01 1.021496452031514846e+00 1.066083840917953385e+00 1.428305564122692717e+00 1.595574455295381888e+00 7.938917055845366999e-01 1.491271545800571641e+00 6.436789443181141213e-01 1.502892258854763297e+00 1.763980380641618995e+00 1.708013168660723391e+00 1.721620812188956018e+00 1.646085236599756474e+00 1.730210084549705929e+00 1.839885020800492876e+00 1.574921238417580804e+00 1.713083791576190507e+00 1.482366712948988585e+00 1.749562279705015211e+00 1.433593782529693161e+00
1.349175005085629264e+00 1.222698085342626140e+00 1.217968718571889264e+00 6.440801897906631712e-01 1.597912269980327649e+00 7.913130493319117109e-01 1.224205456968919359e+00 1.563219043207125347e+00 1.916602744656509927e+00 1.052851391005096726e+00 1.388750415650019443e+00 1.018363499421738316e+00 1.186791606629313600e+00 9.490241890617634457e-01 1.169799603372987384e+00 1.255969947842149326e+00 1.409206299732110201e+00 6.520316917016690805e-01 7.859451174593763412e-01 1.049182322136384293e+00 1.044385421719403073e+00 -0.000000000000000000e+00 6.734593158005699465e-01 1.150702531400073170e+00 1.160022214840753296e+00 1.007926469082170540e+00 1.466176408453209401e+00 1.061636036702440444e+00 1.852102088122318913e+00 1.670626110796831876e+00 1.972924245298205870e+00 1.266552808422067189e+00 1.956586965823904567e+00 1.975519583260243461e+00 2.007225212948189785e+00 1.959400501765436120e+00 1.968807404590545040e+00 2.045668442895503425e+00 1.635900371654624763e+00 1.859269334391848716e+00 1.967776810532497311e+00 1.564173793440049254e+00
1.386126008894642991e+00 1.129587571605820573e+00 1.237486212639733685e+00 9.525633308547576394e-01 1.439846342060409290e+00 6.091349315465778291e-01 1.389476203801066845e+00 1.600329760638297127e+00 1.564704510233158929e+00 1.124896405472316951e+00 1.136948531741102775e+00 1.249639472549623376e+00 1.021218806008621582e+00 8.053472998616582057e-01 1.126236921169427641e+00 1.160176285704744403e+00 1.374161637253953350e+00 3.258964157354128366e-01 6.082403656178708706e-01 8.732199726312157573e-01 6.767598423399864283e-01 6.734593158005699465e-01 -0.000000000000000000e+00 1.004413953634012202e+00 1.243772389845356763e+00 1.269272066226416085e+00 1.666450303895272045e+00 8.402977419381273405e-01 1.655067607168974941e+00 1.149881535149896994e+00 1.507304572034901424e+00 1.902531375151962134e+00 1.989535202139214309e+00 2.074077511237441662e+00 1.931804806161316224e+00 2.050397165068655880e+00 2.021062992922781465e+00 1.780295623178639541e+00 1.691027504033374651e+00 1.945715779647037014e+00 2.158934252840732704e+00 1.462722904488168219e+00
1.523692885195328861e+00 1.372120278077627820e+00 1.618013381208190493e+00 1.398203791265431928e+00 1.629331890171008990e+00 1.188884817677083872e+00 1.636366406191015921e+00 1.511887987277835910e+00 1.757088397515601530e+00 1.404983569964606049e+00 1.484561568743895110e+00 1.644179547903195981e+00 1.445700173726190751e+00 1.312003750553068393e+00 1.349339867330262788e+00 1.364841389658728810e+00 1.561915778503465857e+00 1.000914361537996067e+00 8.669141989536103265e-01 1.150158669484170559e+00 1.021496452031514846e+00 1.150702531400073170e+00 1.004413953634012202e+00 -0.000000000000000000e+00 1.555657952058117521e+00 1.177704337868338502e+00 1.462708074676269066e+00 1.558877975261004689e+00 1.814533203179074627e+00 1.483394118626152336e+00 1.599929260907117845e+00 1.755567999220263298e+00 1.797149431445702383e+00 1.607487148703332425e+00 1.602795514596054849e+00 1.633987094672695761e+00 1.876200015947300903e+00 1.816465236118311566e+00 1.805300908490083733e+00 1.858293517883721435e+00 1.621541196818024666e+00 1.473524756043079975e+00
1.212713436143102452e+00 1.160906591394054832e+00 1.502721202958272606e+00 8.903128677027787319e-01 1.054262396354958664e+00 5.576178290634578039e-01 6.570799819983540457e-01 1.576955578071995046e+00 1.063572339305567827e+00 1.215977607442952024e+00 1.321517353534283012e+00 1.115366969965387867e+00 1.109695189274151339e+00 7.946814897593228455e-01 6.577835202105697388e-01 1.009322589628623978e+00 1.270310237783883967e+00 1.236195312422450066e+00 1.435291456685342082e+00 1.348981661078253236e+00 1.066083840917953385e+00 1.160022214840753296e+00 1.243772389845356763e+00 1.555657952058117521e+00 -0.000000000000000000e+00 7.604486531491517765e-01 8.966291631688411146e-01 1.748193134674912885e+00 8.260106916898106721e-01 1.249980089956009843e+00 1.407474028478024941e+00 1.721462072915329378e+00 1.423220913884711170e+00 1.297784638706019900e+00 1.560152718137790107e+00 1.447094637176746801e+00 1.384432372212044848e+00 1.773814647710149739e+00 1.707735337977686063e+00 1.367601944390351543e+00 1.942414092915055512e+00 1.945552821608082850e+00
1.353867695357166001e+00 1.228413551475656673e+00 1.365700908366560551e+00 1.168303688883621128e+00 1.348800955511913591e+00 8.026670648839827615e-01 1.008064317372474150e+00 1.338595312924602210e+00 1.603241363500670369e+00 1.192090798330845303e+00 1.271625709398369608e+00 1.541383287683600667e+00 1.487135257750154427e+00 1.245576416408030962e+00 1.109191945936794488e+00 1.140858542631965067e+00 1.299150186398045248e+00 1.164660339620034346e+00 1.100485801040916867e+00 1.583086571682216448e+00 1.428305564122692717e+00 1.007926469082170540e+00 1.269272066226416085e+00 1.177704337868338502e+00 7.604486531491517765e-01 -0.000000000000000000e+00 7.682353017498251280e-01 1.915262134067992505e+00 1.558009147846486364e+00 1.485461416161010684e+00 1.810162139575377749e+00 1.899038146743747824e+00 1.875032206125894163e+00 1.743727617986448264e+00 1.708797921507839490e+00 1.719811218895868299e+00 1.936322304884517953e+00 1.935190861461065781e+00 1.879912803410513700e+00 1.793321746338609968e+00 1.722403526509965310e+00 1.613107336068830833e+00
1.667684161768119733e+00 1.734472491167232455e+00 1.808399859652206398e+00 1.426006557575473899e+00 1.577112877035113270e+00 1.260497878955293638e+00 1.349659352899569953e+00 1.417102378778535732e+00 1.504414573326913640e+00 1.729214640497067856e+00 1.753440664054087827e+00 1.748479141655722824e+00 1.844802829030048219e+00 1.688442445426667993e+00 1.361297655240444993e+00 1.586964667649712224e+00 1.554957082791103895e+00 1.595147002706640116e+00 1.530867959403465095e+00 1.741651622503354480e+00 1.595574455295381888e+00 1.466176408453209401e+00 1.666450303895272045e+00 1.462708074676269066e+00 8.966291631688411146e-01 7.682353017498251280e-01 -0.000000000000000000e+00 1.972253273669765994e+00 1.595828961166669835e+00 1.790282106082482727e+00 1.860585845065635624e+00 1.848519245545860112e+00 1.814328457615288492e+00 1.582183051940315943e+00 1.642105903369089903e+00 1.541661574272536139e+00 1.875500804332262517e+00 1.867745474573776709e+00 1.820277369875235696e+00 1.819595605859690712e+00 1.531640722986676639e+00 1.497035734072432067e+00
9.615903403254245640e-01 1.128304230378247563e+00 1.442613962982997489e+00 1.602930815737165338e+00 1.712716976998196250e+00 1.174392306465930957e+00 1.750364202212461917e+00 1.707475800515121600e+00 1.373104822370614819e+00 1.103987220837823413e+00 1.546548238684697818e+00 1.745295449657420450e+00 1.737694588460040768e+00 1.281733904144428449e+00 1.618286118822484854e+00 1.262438073503532765e+00 1.424339108356829531e+00 7.865004920922048504e-01 1.054769351843556136e+00 7.563723001261314360e-01 7.938917055845366999e-01 1.061636036702440444e+00 8.402977419381273405e-01 1.558877975261004689e+00 1.748193134674912885e+00 1.915262134067992505e+00 1.972253273669765994e+00 -0.000000000000000000e+00 9.231101720151116963e-01 5.311376777611109823e-01 8.404707689839127083e-01 1.145082550412689804e+00 9.721973618014063678e-01 1.527071151828444107e+00 1.104921718282398269e+00 1.364488705254596201e+00 1.376142828716677036e+00 9.551971137468061590e-01 1.042453530695272468e+00 1.147737977318113334e+00 1.589252280663738359e+00 1.421928642247189289e+00
7.842269771074198426e-01 8.838006743814890154e-01 1.402631043490522922e+00 1.559938602708446309e+00 1.361664792314378092e+00 1.284952370490106466e+00 9.545432345665358920e-01 1.785620896047122041e+00 7.845702469109422372e-01 1.036611271506142407e+00 1.141823826715961276e+00 1.472607591457128828e+00 1.459059909592018256e+00 1.599401541987647946e+00 1.211183077546659881e+00 1.108073671531405902e+00 1.203802547162520886e+00 1.597511680985613580e+00 1.534676600694005133e+00 1.166050224097609833e+00 1.491271545800571641e+00 1.852102088122318913e+00 1.655067607168974941e+00 1.814533203179074627e+00 8.260106916898106721e-01 1.558009147846486364e+00 1.595828961166669835e+00 9.231101720151116963e-01 -0.000000000000000000e+00 1.036668919077873063e+00 7.659719275393727100e-01 8.483763825093494360e-01 8.573512446515587637e-01 7.439471536784272310e-01 1.060553004925151699e+00 9.457727713172021655e-01 1.080938666181393781e+00 1.488352285024372224e+00 1.145441044853150681e+00 1.183384807069292499e+00 1.329561964333040969e+00 1.273404639706297470e+00
1.097595705018549639e+00 1.271483664308560080e+00 1.214220220635908953e+00 1.608569432309373104e+00 1.299006906330997468e+00 1.375632825207278698e+00 1.270078451726458724e+00 1.517811425921204771e+00 1.495625650374561300e+00 1.366563334378270156e+00 1.569259243740055432e+00 1.788879013269199403e+00 1.820115876285256951e+00 1.466733371387098694e+00 1.669052265137219715e+00 1.419482820964418579e+00 1.400128217328761249e+00 1.114111753743375344e+00 1.298965272447916819e+00 9.339488009316539996e-01 6.436789443181141213e-01 1.670626110796831876e+00 1.149881535149896994e+00 1.483394118626152336e+00 1.249980089956009843e+00 1.485461416161010684e+00 1.790282106082482727e+00 5.311376777611109823e-01 1.036668919077873063e+00 -0.000000000000000000e+00 7.635914740438843884e-01 9.356425191690049825e-01 8.530354058505859038e-01 1.284654332884423100e+00 1.238356438733007270e+00 1.177405775646025887e+00 1.228195213181702883e+00 9.354161680970618509e-01 9.696675076150449435e-01 1.178135551000011327e+00 1.492423535776448817e+00 1.419668739524614809e+00
1.309437952431597996e+00 1.373297890079785866e+00 1.496108792912165475e+00 1.786205164902031628e+00 1.294020955529478378e+00 1.488733259453614011e+00 1.287654244313254370e+00 1.690957839820834030e+00 1.062259036594632500e+00 1.371597737678680318e+00 1.527574837299396471e+00 1.801144773324327542e+00 1.835370286665777950e+00 1.841280994086868850e+00 1.864223975257650601e+00 1.408948866135014688e+00 1.384489228311614140e+00 1.441399082787651276e+00 1.249698499408995911e+00 7.885617014314607598e-01 1.502892258854763297e+00 1.972924245298205870e+00 1.507304572034901424e+00 1.599929260907117845e+00 1.407474028478024941e+00 1.810162139575377749e+00 1.860585845065635624e+00 8.404707689839127083e-01 7.659719275393727100e-01 7.635914740438843884e-01 -0.000000000000000000e+00 7.525190082794298574e-01 5.060496416092366001e-01 8.784257808908033649e-01 7.911420038002722199e-01 8.903595120633509552e-01 8.849430367974822076e-01 1.010613852309447447e+00 9.097760623075005215e-01 9.585397632117340638e-01 1.206948398438054904e+00 1.381489594644560226e+00
1.461579669590332919e+00 1.201617609623829797e+00 2.036550155458934253e+00 1.898727333813355900e+00 1.573834509793069714e+00 1.594915884981229270e+00 1.406777991438354913e+00 1.807121502140625058e+00 1.462900684636502913e+00 1.296226420435080851e+00 1.793146833848667354e+00 1.682430100818110397e+00 1.829107831328514067e+00 1.773067773450034190e+00 1.653980222735474515e+00 1.532189016559853956e+00 1.358147590309450425e+00 1.766082834795474232e+00 1.382436490795245332e+00 1.062823908991001653e+00 1.763980380641618995e+00 1.266552808422067189e+00 1.902531375151962134e+00 1.755567999220263298e+00 1.721462072915329378e+00 1.899038146743747824e+00 1.848519245545860112e+00 1.145082550412689804e+00 8.483763825093494360e-01 9.356425191690049825e-01 7.525190082794298574e-01 -0.000000000000000000e+00 5.943469152798794841e-01 1.161743972717082629e+00 1.142683275804975418e+00 8.547822479718591993e-01 9.996043700075182281e-01 1.098955375545112245e+00 9.219618229756062489e-01 1.156706628695100880e+00 1.486879342987802666e+00 1.647205169945098691e+00
1.451736854632997842e+00 1.571472007910885926e+00 1.904663925625895482e+00 1.919601067246536008e+00 1.407827001686864365e+00 1.960970722967871227e+00 1.400312106915204913e+00 1.730588876173972279e+00 1.353019990359546343e+00 1.517438249546328999e+00 1.695379919768168930e+00 1.764867830241844349e+00 1.790352466829529199e+00 1.941113175267921598e+00 1.769042379509320417e+00 1.850703439056060828e+00 1.449647871881530437e+00 2.016602354611003456e+00 1.334046891139253344e+00 1.306397088614176472e+00 1.708013168660723391e+00 1.956586965823904567e+00 1.989535202139214309e+00 1.797149431445702383e+00 1.423220913884711170e+00 1.875032206125894163e+00 1.814328457615288492e+00 9.721973618014063678e-01 8.573512446515587637e-01 8.530354058505859038e-01 5.060496416092366001e-01 5.943469152798794841e-01 -0.000000000000000000e+00 8.861589851352859037e-01 8.773010147693558469e-01 8.782501346309717905e-01 8.241523511646425826e-01 9.216956698051598229e-01 7.906560653388629012e-01 9.142913891832182838e-01 1.228110545800986886e+00 1.641473046089742649e+00
1.293020746303459312e+00 1.502165355442068861e+00 1.758860446346425688e+00 1.965951389134487748e+00 1.038716557283224207e+00 1.749194675322073511e+00 1.076125969194178023e+00 1.490649166816001570e+00 9.270162827973071895e-01 1.430501895243252442e+00 1.506081962713986089e+00 1.661227121655291405e+00 1.886005847794532508e+00 1.842100982801971432e+00 1.727870078681680521e+00 1.258007487625729892e+00 1.234554128318436028e+00 2.058831132778996764e+00 1.797217509328681073e+00 1.433953823531264993e+00 1.721620812188956018e+00 1.975519583260243461e+00 2.074077511237441662e+00 1.607487148703332425e+00 1.297784638706019900e+00 1.743727617986448264e+00 1.582183051940315943e+00 1.527071151828444107e+00 7.439471536784272310e-01 1.284654332884423100e+00 8.784257808908033649e-01 1.161743972717082629e+00 8.861589851352859037e-01 -0.000000000000000000e+00 1.167606181038129520e+00 9.562240771906093117e-01 1.065701510110796502e+00 1.554342590908781796e+00 1.297223636689346371e+00 1.095470182669041614e+00 1.236325613569169590e+00 1.306098603001550007e+00
1.506742895967484897e+00 1.027934647914633626e+00 1.682065693732415657e+00 2.053213497340931504e+00 1.819414234091365046e+00 1.505618566130240144e+00 1.360402685429660918e+00 1.618846368954252490e+00 1.306632250223900504e+00 1.196584994160138526e+00 1.648685343692354532e+00 1.885108467087453832e+00 1.918192034009839508e+00 1.830217902202677660e+00 1.820488801812166324e+00 1.678934036642514505e+00 1.628801362640804440e+00 1.932270728555377515e+00 1.767386498853052545e+00 1.467829986314748147e+00 1.646085236599756474e+00 2.007225212948189785e+00 1.931804806161316224e+00 1.602795514596054849e+00 1.560152718137790107e+00 1.708797921507839490e+00 1.642105903369089903e+00 1.104921718282398269e+00 1.060553004925151699e+00 1.238356438733007270e+00 7.911420038002722199e-01 1.142683275804975418e+00 8.773010147693558469e-01 1.167606181038129520e+00 -0.000000000000000000e+00 1.056748358749651118e+00 1.203170050891676945e+00 8.081351168702455290e-01 1.075248121585419936e+00 1.030182251506344793e+00 1.054554531604750656e+00 1.181937382345410459e+00
1.415445362596912782e+00 1.583430634802664771e+00 1.856773488901757307e+00 1.886214840774559143e+00 1.651052941555877895e+00 1.960820439518467850e+00 1.519699423189522891e+00 1.483685606135411339e+00 9.509927878685227043e-01 1.661464226653230680e+00 1.442232576372098229e+00 1.849012102087870479e+00 1.699983096583140396e+00 1.861988116365721035e+00 1.796860447557305562e+00 1.425163619130642711e+00 1.267042600332413560e+00 2.099613309342361678e+00 1.665118865930921954e+00 1.363812801112487483e+00 1.730210084549705929e+00 1.959400501765436120e+00 2.050397165068655880e+00 1.633987094672695761e+00 1.447094637176746801e+00 1.719811218895868299e+00 1.541661574272536139e+00 1.364488705254596201e+00 9.457727713172021655e-01 1.177405775646025887e+00 8.903595120633509552e-01 8.547822479718591993e-01 8.782501346309717905e-01 9.562240771906093117e-01 1.056748358749651118e+00 -0.000000000000000000e+00 1.241254501167818880e+00 1.130749724876917384e+00 1.361802642697991006e+00 1.226214187360298968e+00 1.242285588939918251e+00 1.009237552255603632e+00
1.309222396458766813e+00 1.171713037067427132e+00 1.562568567038605361e+00 1.218582068284462361e+00 7.987977286434252422e-01 1.409579916429848812e+00 1.097404531178491016e+00 1.839018279969616199e+00 1.019721765742185315e+00 1.661675324371867379e+00 1.881245339954254137e+00 1.660871366945961380e+00 1.383810249235954304e+00 1.872596029369026693e+00 1.988298906048812986e+00 1.443961748912758525e+00 1.169504587995508826e+00 1.923673458186565099e+00 1.724265886637582623e+00 1.410165856480684932e+00 1.839885020800492876e+00 1.968807404590545040e+00 2.021062992922781465e+00 1.876200015947300903e+00 1.384432372212044848e+00 1.936322304884517953e+00 1.875500804332262517e+00 1.376142828716677036e+00 1.080938666181393781e+00 1.228195213181702883e+00 8.849430367974822076e-01 9.996043700075182281e-01 8.241523511646425826e-01 1.065701510110796502e+00 1.203170050891676945e+00 1.241254501167818880e+00 -0.000000000000000000e+00 5.776752956096151692e-01 7.743606205987174640e-01 4.762912259576980167e-01 6.633119147482751110e-01 1.237653164726006727e+00
1.443038612314408775e+00 8.555044069360798753e-01 1.948939223528176168e+00 1.437660897337861066e+00 1.261239623940397125e+00 1.912444875012022205e+00 1.449151253831560071e+00 1.879300035384445122e+00 1.683164552226212862e+00 1.438942079299166288e+00 1.849021750219127513e+00 1.744515602406491839e+00 1.638438522187463331e+00 1.779182070250296954e+00 1.773755173091380977e+00 1.663373614737919004e+00 1.568219969065604680e+00 1.642996466620183282e+00 1.453675533136778331e+00 1.275152400255947116e+00 1.574921238417580804e+00 2.045668442895503425e+00 1.780295623178639541e+00 1.816465236118311566e+00 1.773814647710149739e+00 1.935190861461065781e+00 1.867745474573776709e+00 9.551971137468061590e-01 1.488352285024372224e+00 9.354161680970618509e-01 1.010613852309447447e+00 1.098955375545112245e+00 9.216956698051598229e-01 1.554342590908781796e+00 8.081351168702455290e-01 1.130749724876917384e+00 5.776752956096151692e-01 -0.000000000000000000e+00 7.211071360890444204e-01 6.910153246526344883e-01 8.388032117521483366e-01 1.655569994270301715e+00
