2337.0 783.0 490.0 97.0 120.0 109.0 91.0 7.0 45.0 339.0 178.0 43.0 114.0 152.0 15.0 257.0 108.0 113.0 84.0 60.0 22.0 6.0 108.0 2.0 28.0 4.0 1.0 127.0 125.0 69.0 18.0 10.0 11.0 10.0 19.0 4.0 43.0 9.0 27.0 18.0 5.0 0.0
783.0 1539.0 49.0 23.0 30.0 354.0 33.0 3.0 27.0 234.0 129.0 34.0 84.0 186.0 72.0 526.0 26.0 373.0 244.0 319.0 23.0 13.0 350.0 5.0 30.0 8.0 1.0 202.0 65.0 10.0 7.0 9.0 3.0 5.0 78.0 3.0 11.0 30.0 14.0 17.0 3.0 0.0
490.0 49.0 1596.0 244.0 46.0 50.0 20.0 7.0 11.0 160.0 77.0 60.0 162.0 49.0 6.0 39.0 38.0 87.0 64.0 1.0 14.0 62.0 74.0 0.0 4.0 1.0 0.0 9.0 4.0 46.0 3.0 0.0 0.0 0.0 4.0 2.0 4.0 0.0 5.0 4.0 2.0 0.0
97.0 23.0 244.0 2668.0 95.0 480.0 160.0 1.0 17.0 88.0 105.0 319.0 312.0 156.0 113.0 20.0 43.0 399.0 236.0 52.0 399.0 406.0 381.0 5.0 474.0 45.0 15.0 9.0 22.0 10.0 3.0 2.0 2.0 1.0 1.0 7.0 37.0 0.0 2.0 12.0 0.0 0.0
120.0 30.0 46.0 95.0 942.0 339.0 511.0 3.0 84.0 96.0 21.0 15.0 11.0 12.0 11.0 17.0 202.0 53.0 49.0 12.0 10.0 21.0 51.0 0.0 136.0 22.0 0.0 3.0 5.0 7.0 9.0 2.0 1.0 13.0 0.0 1.0 59.0 1.0 1.0 38.0 1.0 0.0
109.0 354.0 50.0 480.0 339.0 6380.0 655.0 354.0 62.0 121.0 53.0 129.0 390.0 405.0 430.0 347.0 79.0 3203.0 1804.0 538.0 352.0 221.0 3023.0 83.0 688.0 610.0 246.0 216.0 32.0 18.0 12.0 5.0 1.0 4.0 6.0 11.0 45.0 4.0 14.0 38.0 3.0 0.0
91.0 33.0 20.0 160.0 511.0 655.0 1254.0 3.0 73.0 50.0 7.0 45.0 22.0 17.0 31.0 20.0 145.0 84.0 74.0 25.0 8.0 45.0 82.0 0.0 296.0 40.0 2.0 3.0 24.0 8.0 12.0 2.0 2.0 8.0 0.0 4.0 23.0 1.0 1.0 42.0 1.0 0.0
7.0 3.0 7.0 1.0 3.0 354.0 3.0 359.0 1.0 6.0 4.0 0.0 5.0 1.0 6.0 2.0 2.0 9.0 7.0 2.0 1.0 3.0 10.0 0.0 0.0 0.0 0.0 2.0 2.0 3.0 0.0 1.0 0.0 0.0 0.0 0.0 3.0 2.0 2.0 0.0 3.0 0.0
45.0 27.0 11.0 17.0 84.0 62.0 73.0 1.0 1129.0 74.0 141.0 36.0 88.0 16.0 21.0 14.0 64.0 16.0 15.0 12.0 1.0 0.0 16.0 1.0 58.0 0.0 0.0 4.0 69.0 9.0 40.0 9.0 13.0 44.0 5.0 6.0 33.0 1.0 7.0 330.0 9.0 0.0
339.0 234.0 160.0 88.0 96.0 121.0 50.0 6.0 74.0 2092.0 824.0 35.0 119.0 461.0 23.0 628.0 139.0 175.0 99.0 16.0 56.0 25.0 140.0 5.0 76.0 6.0 1.0 53.0 18.0 4.0 1.0 3.0 0.0 1.0 5.0 42.0 6.0 4.0 3.0 55.0 3.0 0.0
178.0 129.0 77.0 105.0 21.0 53.0 7.0 4.0 141.0 824.0 1570.0 93.0 188.0 134.0 23.0 317.0 91.0 76.0 42.0 4.0 22.0 8.0 71.0 1.0 36.0 7.0 1.0 15.0 35.0 1.0 4.0 2.0 1.0 7.0 1.0 138.0 2.0 1.0 0.0 12.0 1.0 0.0
43.0 34.0 60.0 319.0 15.0 129.0 45.0 0.0 36.0 35.0 93.0 1020.0 329.0 175.0 106.0 9.0 20.0 161.0 114.0 24.0 10.0 88.0 144.0 2.0 71.0 4.0 7.0 7.0 25.0 4.0 12.0 1.0 2.0 0.0 0.0 13.0 0.0 0.0 0.0 1.0 0.0 0.0
114.0 84.0 162.0 312.0 11.0 390.0 22.0 5.0 88.0 119.0 188.0 329.0 1849.0 547.0 519.0 86.0 54.0 375.0 173.0 68.0 72.0 58.0 359.0 4.0 152.0 14.0 4.0 15.0 23.0 2.0 3.0 1.0 1.0 0.0 0.0 27.0 1.0 0.0 2.0 3.0 2.0 0.0
152.0 186.0 49.0 156.0 12.0 405.0 17.0 1.0 16.0 461.0 134.0 175.0 547.0 1345.0 519.0 447.0 30.0 555.0 255.0 83.0 177.0 99.0 513.0 8.0 153.0 19.0 4.0 56.0 13.0 3.0 0.0 0.0 0.0 0.0 0.0 9.0 3.0 2.0 0.0 6.0 0.0 0.0
15.0 72.0 6.0 113.0 11.0 430.0 31.0 6.0 21.0 23.0 23.0 106.0 519.0 519.0 737.0 70.0 11.0 348.0 155.0 70.0 66.0 35.0 337.0 3.0 180.0 20.0 4.0 13.0 12.0 1.0 2.0 0.0 1.0 0.0 0.0 6.0 0.0 0.0 1.0 0.0 0.0 0.0
257.0 526.0 39.0 20.0 17.0 347.0 20.0 2.0 14.0 628.0 317.0 9.0 86.0 447.0 70.0 1255.0 26.0 420.0 287.0 313.0 58.0 25.0 416.0 7.0 31.0 13.0 4.0 66.0 8.0 9.0 2.0 1.0 0.0 1.0 3.0 34.0 5.0 3.0 0.0 12.0 1.0 0.0
108.0 26.0 38.0 43.0 202.0 79.0 145.0 2.0 64.0 139.0 91.0 20.0 54.0 30.0 11.0 26.0 760.0 27.0 14.0 5.0 6.0 9.0 29.0 2.0 52.0 2.0 1.0 10.0 11.0 6.0 7.0 2.0 1.0 19.0 1.0 3.0 16.0 0.0 7.0 43.0 4.0 0.0
113.0 373.0 87.0 399.0 53.0 3203.0 84.0 9.0 16.0 175.0 76.0 161.0 375.0 555.0 348.0 420.0 27.0 8453.0 3950.0 1539.0 2223.0 476.0 7384.0 1041.0 241.0 309.0 115.0 1037.0 27.0 81.0 15.0 12.0 0.0 1.0 4.0 11.0 8.0 17.0 11.0 6.0 0.0 0.0
84.0 244.0 64.0 236.0 49.0 1804.0 74.0 7.0 15.0 99.0 42.0 114.0 173.0 255.0 155.0 287.0 14.0 3950.0 4181.0 669.0 976.0 266.0 3886.0 326.0 140.0 298.0 113.0 542.0 17.0 52.0 8.0 10.0 0.0 0.0 3.0 9.0 7.0 14.0 6.0 6.0 0.0 0.0
60.0 319.0 1.0 52.0 12.0 538.0 25.0 2.0 12.0 16.0 4.0 24.0 68.0 83.0 70.0 313.0 5.0 1539.0 669.0 2185.0 1127.0 60.0 1512.0 1041.0 50.0 38.0 18.0 97.0 33.0 81.0 66.0 10.0 4.0 1.0 8.0 5.0 15.0 7.0 16.0 6.0 2.0 0.0
22.0 23.0 14.0 399.0 10.0 352.0 8.0 1.0 1.0 56.0 22.0 10.0 72.0 177.0 66.0 58.0 6.0 2223.0 976.0 1127.0 2615.0 81.0 2199.0 1038.0 394.0 68.0 28.0 334.0 21.0 54.0 10.0 13.0 1.0 0.0 2.0 7.0 0.0 9.0 4.0 2.0 0.0 0.0
6.0 13.0 62.0 406.0 21.0 221.0 45.0 3.0 0.0 25.0 8.0 88.0 58.0 99.0 35.0 25.0 9.0 476.0 266.0 60.0 81.0 1262.0 425.0 8.0 68.0 36.0 19.0 33.0 1.0 6.0 0.0 1.0 0.0 0.0 0.0 3.0 18.0 0.0 1.0 7.0 0.0 0.0
108.0 350.0 74.0 381.0 51.0 3023.0 82.0 10.0 16.0 140.0 71.0 144.0 359.0 513.0 337.0 416.0 29.0 7384.0 3886.0 1512.0 2199.0 425.0 7615.0 1042.0 235.0 301.0 115.0 1022.0 23.0 79.0 16.0 13.0 0.0 1.0 3.0 12.0 7.0 18.0 8.0 6.0 0.0 0.0
2.0 5.0 0.0 5.0 0.0 83.0 0.0 0.0 1.0 5.0 1.0 2.0 4.0 8.0 3.0 7.0 2.0 1041.0 326.0 1041.0 1038.0 8.0 1042.0 1063.0 4.0 8.0 7.0 18.0 1.0 4.0 2.0 0.0 0.0 0.0 0.0 0.0 0.0 0.0 0.0 0.0 0.0 0.0
28.0 30.0 4.0 474.0 136.0 688.0 296.0 0.0 58.0 76.0 36.0 71.0 152.0 153.0 180.0 31.0 52.0 241.0 140.0 50.0 394.0 68.0 235.0 4.0 1824.0 108.0 25.0 8.0 124.0 8.0 12.0 1.0 3.0 7.0 3.0 10.0 17.0 2.0 3.0 39.0 0.0 0.0
4.0 8.0 1.0 45.0 22.0 610.0 40.0 0.0 0.0 6.0 7.0 4.0 14.0 19.0 20.0 13.0 2.0 309.0 298.0 38.0 68.0 36.0 301.0 8.0 108.0 711.0 239.0 27.0 2.0 1.0 2.0 0.0 0.0 0.0 0.0 1.0 0.0 0.0 0.0 0.0 0.0 0.0
1.0 1.0 0.0 15.0 0.0 246.0 2.0 0.0 0.0 1.0 1.0 7.0 4.0 4.0 4.0 4.0 1.0 115.0 113.0 18.0 28.0 19.0 115.0 7.0 25.0 239.0 283.0 9.0 1.0 0.0 0.0 0.0 0.0 0.0 0.0 0.0 0.0 0.0 0.0 0.0 1.0 0.0
127.0 202.0 9.0 9.0 3.0 216.0 3.0 2.0 4.0 53.0 15.0 7.0 15.0 56.0 13.0 66.0 10.0 1037.0 542.0 97.0 334.0 33.0 1022.0 18.0 8.0 27.0 9.0 2233.0 134.0 143.0 107.0 20.0 60.0 3.0 38.0 12.0 8.0 57.0 29.0 12.0 5.0 0.0
125.0 65.0 4.0 22.0 5.0 32.0 24.0 2.0 69.0 18.0 35.0 25.0 23.0 13.0 12.0 8.0 11.0 27.0 17.0 33.0 21.0 1.0 23.0 1.0 124.0 2.0 1.0 134.0 2556.0 88.0 251.0 93.0 438.0 46.0 45.0 34.0 203.0 12.0 20.0 17.0 16.0 0.0
69.0 10.0 46.0 10.0 7.0 18.0 8.0 3.0 9.0 4.0 1.0 4.0 2.0 3.0 1.0 9.0 6.0 81.0 52.0 81.0 54.0 6.0 79.0 4.0 8.0 1.0 0.0 143.0 88.0 1226.0 132.0 23.0 61.0 8.0 67.0 8.0 12.0 62.0 63.0 12.0 2.0 0.0
18.0 7.0 3.0 3.0 9.0 12.0 12.0 0.0 40.0 1.0 4.0 12.0 3.0 0.0 2.0 2.0 7.0 15.0 8.0 66.0 10.0 0.0 16.0 2.0 12.0 2.0 0.0 107.0 251.0 132.0 1395.0 60.0 160.0 31.0 45.0 20.0 51.0 31.0 36.0 26.0 10.0 0.0
10.0 9.0 0.0 2.0 2.0 5.0 2.0 1.0 9.0 3.0 2.0 1.0 1.0 0.0 0.0 1.0 2.0 12.0 10.0 10.0 13.0 1.0 13.0 0.0 1.0 0.0 0.0 20.0 93.0 23.0 60.0 1200.0 39.0 4.0 8.0 8.0 31.0 19.0 28.0 8.0 5.0 0.0
11.0 3.0 0.0 2.0 1.0 1.0 2.0 0.0 13.0 0.0 1.0 2.0 1.0 0.0 1.0 0.0 1.0 0.0 0.0 4.0 1.0 0.0 0.0 0.0 3.0 0.0 0.0 60.0 438.0 61.0 160.0 39.0 572.0 9.0 34.0 13.0 15.0 5.0 7.0 7.0 1.0 0.0
10.0 5.0 0.0 1.0 13.0 4.0 8.0 0.0 44.0 1.0 7.0 0.0 0.0 0.0 0.0 1.0 19.0 1.0 0.0 1.0 0.0 0.0 1.0 0.0 7.0 0.0 0.0 3.0 46.0 8.0 31.0 4.0 9.0 150.0 2.0 2.0 14.0 1.0 2.0 7.0 4.0 0.0
19.0 78.0 4.0 1.0 0.0 6.0 0.0 0.0 5.0 5.0 1.0 0.0 0.0 0.0 0.0 3.0 1.0 4.0 3.0 8.0 2.0 0.0 3.0 0.0 3.0 0.0 0.0 38.0 45.0 67.0 45.0 8.0 34.0 2.0 496.0 4.0 23.0 28.0 62.0 22.0 9.0 0.0
4.0 3.0 2.0 7.0 1.0 11.0 4.0 0.0 6.0 42.0 138.0 13.0 27.0 9.0 6.0 34.0 3.0 11.0 9.0 5.0 7.0 3.0 12.0 0.0 10.0 1.0 0.0 12.0 34.0 8.0 20.0 8.0 13.0 2.0 4.0 268.0 14.0 3.0 3.0 3.0 3.0 0.0
43.0 11.0 4.0 37.0 59.0 45.0 23.0 3.0 33.0 6.0 2.0 0.0 1.0 3.0 0.0 5.0 16.0 8.0 7.0 15.0 0.0 18.0 7.0 0.0 17.0 0.0 0.0 8.0 203.0 12.0 51.0 31.0 15.0 14.0 23.0 14.0 1056.0 110.0 104.0 192.0 142.0 0.0
9.0 30.0 0.0 0.0 1.0 4.0 1.0 2.0 1.0 4.0 1.0 0.0 0.0 2.0 0.0 3.0 0.0 17.0 14.0 7.0 9.0 0.0 18.0 0.0 2.0 0.0 0.0 57.0 12.0 62.0 31.0 19.0 5.0 1.0 28.0 3.0 110.0 1240.0 94.0 51.0 22.0 0.0
27.0 14.0 5.0 2.0 1.0 14.0 1.0 2.0 7.0 3.0 0.0 0.0 2.0 0.0 1.0 0.0 7.0 11.0 6.0 16.0 4.0 1.0 8.0 0.0 3.0 0.0 0.0 29.0 20.0 63.0 36.0 28.0 7.0 2.0 62.0 3.0 104.0 94.0 953.0 36.0 57.0 0.0
18.0 17.0 4.0 12.0 38.0 38.0 42.0 0.0 330.0 55.0 12.0 1.0 3.0 6.0 0.0 12.0 43.0 6.0 6.0 6.0 2.0 7.0 6.0 0.0 39.0 0.0 0.0 12.0 17.0 12.0 26.0 8.0 7.0 7.0 22.0 3.0 192.0 51.0 36.0 844.0 107.0 0.0
5.0 3.0 2.0 0.0 1.0 3.0 1.0 3.0 9.0 3.0 1.0 0.0 2.0 0.0 0.0 1.0 4.0 0.0 0.0 2.0 0.0 0.0 0.0 0.0 0.0 0.0 1.0 5.0 16.0 2.0 10.0 5.0 1.0 4.0 9.0 3.0 142.0 22.0 57.0 107.0 201.0 0.0
0.0 0.0 0.0 0.0 0.0 0.0 0.0 0.0 0.0 0.0 0.0 0.0 0.0 0.0 0.0 0.0 0.0 0.0 0.0 0.0 0.0 0.0 0.0 0.0 0.0 0.0 0.0 0.0 0.0 0.0 0.0 0.0 0.0 0.0 0.0 0.0 0.0 0.0 0.0 0.0 0.0 2.0
