952.2125983140741 276.8536106371717 134.44952065051675 1.1586123729596127 54.43200091413029 53.61851047303027 26.95997072286988 11.831622851185202 30.587171510157958 21.948976655728476 18.523630235496025 1.8216666666666679 1.238000714212836 3.512601446039825 0.41944515306122465 30.910173447641547 25.269933086794598 10.034492326670442 6.487621844170853 42.75525256202343 0.37094301450944855 6.377454525531445 11.542671129552541 2.4134128808254705 1.049696447336552 4.284444444444441 0.0 53.64733812043351 67.79901050696117 12.225255495716759 11.231405287184106 0.5700000000000003 5.400510204081626 1.7615512465373975 2.477906824193431 6.609205332409976 1.442248132863488 1.653333333333336 1.2747370151216304 2.320555555555557 0.0027700831024930765 3.2874489795918374
276.8536106371717 1652.1307485471064 63.28687224188832 4.472610516126017 24.445018234761246 45.89139685053692 13.266369947488798 3.558435374149656 13.619787674711183 245.9858795149284 54.520496604513184 0.46520569011918517 9.84960134227496 64.00339935649039 3.4884118279343856 177.8621282066563 37.7834637838913 44.22552963819836 13.21339538381342 11.549480674561506 1.1658057962772017 1.6412670101730713 19.03290661375047 0.013458453694157792 10.151068459417276 0.24000000000000005 0.0 38.53751560117377 41.50202628889347 7.595966849593237 0.20548630347799327 0.7200000000000001 0.055555555555555566 0.3468759618344107 22.44001402815925 0.0 1.2641674361341957 49.794305555555525 1.3294798985008776 1.6476473922902506 0.6142798603484733 4.724274376417232
134.44952065051675 63.28687224188832 1647.195345825735 225.68247785476683 62.11059310018904 4.389942100696489 24.315084342560617 34.39840674496468 6.6941995733204465 120.06479374384129 24.03658040331168 31.192175151430476 86.56279916449255 3.817690552023792 0.8566184221622533 11.167878701595459 28.606030228689324 45.509690833339185 7.966465959075469 2.051481481481475 0.951143931632723 20.06365601728752 26.615851500274147 0.12244897959183677 0.16326530612244902 0.0 0.0 0.9996145124716538 0.7908742654736802 23.625 0.0 0.0 0.0 0.0 0.08000000000000002 0.0 1.463683390022676 0.0 0.455 0.29752218934911245 0.0 0.040816326530612256
1.1586123729596127 4.472610516126017 225.68247785476683 1967.5729085850983 11.32680987137855 128.19526956315178 74.42518881626711 30.444269159108106 1.4205478608802706 46.03103087335265 17.36425453514739 176.29378649027188 147.03666530536114 63.05506575497904 22.69506810322187 2.535991810138887 8.36012217165296 64.39672862370672 12.465220366147824 7.7540106602798735 39.338409511928845 237.0226555037455 67.5508875378092 0.11268196801867288 121.77546774045761 9.355863355203995 2.4581284621981987 0.4159851354453622 0.19304016620498618 2.3140495867768602 0.0027700831024930765 0.5 0.0 0.013850415512465384 0.0 0.0 8.312542917443992 0.0 0.2448979591836735 10.5501700680272 0.0027700831024930765 1.057688953293349
54.43200091413029 24.445018234761246 62.11059310018904 11.32680987137855 530.2726336320138 91.42933011543631 199.8905166171429 0.5728837404190231 38.41837601199273 5.1676399240217314 5.518697675148477 0.29135837341472587 3.685185185185185 0.027213840989898895 5.0079381851359885 5.586597497499629 75.03585416660357 4.800845671821394 0.09196144292208912 0.21555785123966947 0.09196144292208912 0.0 4.644595671821394 0.07305785123966944 26.600461738437286 5.78125 0.0 0.75 4.41645996554803 8.243767313019447 8.283327562326924 0.0 0.0 20.650969529085867 0.0 0.0 12.240067476826953 0.0 0.0 9.957549357208327 3.5620292575719468 0.6824489795918371
53.61851047303027 45.89139685053692 4.389942100696489 128.19526956315178 91.42933011543631 3209.037554974017 374.8773325466798 99.61047688776208 10.208512952841 13.189038969551607 6.136581759558467 7.1534713668432675 12.126835745334704 95.72124618108491 137.9926334855853 33.28221800794663 11.257559074423831 687.3939155610025 155.03682146046197 53.03675527607575 45.39626586516342 83.88846255961978 493.2028619658155 1.7512766912994522 473.5996809853135 202.1222575500938 18.623334751227834 11.102692409371198 4.632823930126071 14.892494331065738 4.193761738305668 0.6632653061224492 1.346938775510205 0.08261254640360301 0.34943310657596366 0.0 3.835015774084334 0.15106490233144304 20.407974015062834 9.418004535147283 0.011080332409972306 2.593758067329496
26.95997072286988 13.266369947488798 24.315084342560617 74.42518881626711 199.8905166171429 374.8773325466798 452.2914031257198 0.989771737343854 21.76195820331615 12.576876948153956 4.869844982698961 34.389057882063476 10.248888888888866 0.8506071833648385 15.46034361259912 7.94799476762086 37.42907078933648 13.597861527994883 3.5012712988470573 4.479708219720394 0.625403530252015 2.4048794615885587 7.17983039397268 0.14226200348880438 228.96421116522174 30.896342592592525 0.34089477000630136 0.0 34.260828695957635 8.35487842413056 10.56202348585897 0.0 0.44499999999999984 21.517550998597823 0.0 0.0 1.7367862654321007 0.24691358024691357 0.345679012345679 18.918765432098525 0.10666666666666667 1.4171428571428577
11.831622851185202 3.558435374149656 34.39840674496468 30.444269159108106 0.5728837404190231 99.61047688776208 0.989771737343854 29.226912812259332 0.0 0.07531665286792075 0.375 0.39669421487603307 0.1640625 1.6650494808934027 0.20353741885670168 1.572361641569038 12.005289213092443 0.3446040448004709 0.2253444502126734 0.0078125 0.018903591682419663 0.30034126397107197 0.1223818225782486 0.02491770478793264 0.015570934256055362 0.06719764132593516 0.0017301038062283738 0.0 0.16692041522491352 11.55555555555553 0.0 0.0 0.0 0.0 0.0 0.0 0.1015625 0.0 0.25 0.0 0.0 0.42233727810650884
30.587171510157958 13.619787674711183 6.6941995733204465 1.4205478608802706 38.41837601199273 10.208512952841 21.76195820331615 0.0 1028.718680320109 39.273413537069004 46.161084064743605 4.351657748099236 81.59469814356741 0.8777700831024933 1.9234494188171143 11.697872943671413 43.4762203823972 0.7772145275469377 0.1111111111111111 8.300625472411184 0.5802469135802469 0.0 0.03827304168237474 0.0 5.295533162124986 0.0 0.0 2.9894444444444463 70.2439922642085 5.713296398892006 14.066720005996734 1.1428571428571432 1.7059750566893443 51.46552788787594 2.917006802721089 35.752911677067495 15.984413069885736 0.9876543209876543 0.49382716049382713 245.82251089145467 1.478550323176362 0.32000000000000006
21.948976655728476 245.9858795149284 120.06479374384129 46.03103087335265 5.1676399240217314 13.189038969551607 12.576876948153956 0.07531665286792075 39.273413537069004 1495.0206177097923 389.22452835670606 3.6650005809103434 30.150538869915316 69.76842236808288 5.203196740128551 182.85113268757007 179.74780275182871 28.693750228535787 1.6790049200811747 0.0 0.09336273892039484 50.964358620209644 7.9988722634177964 0.0 6.921655223935621 2.0127551020408174 0.6938775510204086 7.948853118382373 16.042382540010923 0.0 3.4407866120281034 0.125 3.56301652892561 0.013850415512465384 14.75206611570244 1.6326530612244912 0.5008762507773195 4.40625 0.0 12.932849278593382 0.08440273616371761 1.0
18.523630235496025 54.520496604513184 24.03658040331168 17.36425453514739 5.518697675148477 6.136581759558467 4.869844982698961 0.375 46.161084064743605 389.22452835670606 1038.010707076924 15.390291665568663 82.4642567255617 23.384838278966825 11.810337458352146 46.549876525473245 90.63371368911959 3.11700331234422 0.5094324506662172 0.040816326530612256 0.0 0.04081632653061224 1.8234595911081926 0.0 4.794347840437947 0.04081632653061224 0.0 0.0 13.821422892098457 1.242603550295858 0.09917355371900825 0.0 0.0 0.0 0.0 6.674781207248746 0.5 0.0 0.0 0.4620256879872265 0.6111111111111112 0.375
1.8216666666666679 0.46520569011918517 31.192175151430476 176.29378649027188 0.29135837341472587 7.1534713668432675 34.389057882063476 0.39669421487603307 4.351657748099236 3.6650005809103434 15.390291665568663 1032.368296567277 62.00267685729044 8.715916624524072 110.78741620179673 2.0677083333333335 28.87091814610764 18.431895944671357 1.3561575349454122 0.0 0.04320987654320985 6.928225372772633 6.49577620687177 0.0 19.37329216216481 0.0 0.0 0.0 5.468299319727892 0.330578512396694 0.5204166666666667 0.0 0.5074999999999997 0.3199999999999999 0.0 0.0 0.0 0.0 0.0 0.0 0.10666666666666667 0.0
1.238000714212836 9.84960134227496 86.56279916449255 147.03666530536114 3.685185185185185 12.126835745334704 10.248888888888866 0.1640625 81.59469814356741 30.150538869915316 82.4642567255617 62.00267685729044 1165.385637272157 73.63172637534643 54.51839490295441 16.131073117557985 8.64127595528569 14.14226288581375 2.7750988155943666 2.8359631152833167 2.203703703703698 1.5085299012855824 11.57279089315995 0.0 24.004545095356804 0.0 0.0 0.35185185185185186 2.188137755102042 0.330578512396694 0.0 0.0 0.0 0.0 0.0 0.0 0.8645833333333336 0.0 0.0 0.6575255102040816 0.0 0.2222222222222222
3.512601446039825 64.00339935649039 3.817690552023792 63.05506575497904 0.027213840989898895 95.72124618108491 0.8506071833648385 1.6650494808934027 0.8777700831024933 69.76842236808288 23.384838278966825 8.715916624524072 73.63172637534643 719.0316088665458 244.5101206185442 71.37734278800721 22.63694148843738 143.23573045216966 19.990231509259328 10.596414668412425 39.024747972842476 20.800383903249916 104.15138128951584 1.7412782700813592 169.20417151622317 3.521132914145822 2.1908082557828563 2.9795114018977698 4.774061708155094 0.0 0.0027700831024930765 0.0 0.0 0.013850415512465384 0.0 0.0 0.011080332409972306 0.010081915563957154 0.2166939718546525 0.0 0.0027700831024930765 11.581451589490493
0.41944515306122465 3.4884118279343856 0.8566184221622533 22.69506810322187 5.0079381851359885 137.9926334855853 15.46034361259912 0.20353741885670168 1.9234494188171143 5.203196740128551 11.810337458352146 110.78741620179673 54.51839490295441 244.5101206185442 629.0194034389295 3.2739446729249337 14.07436363701364 35.715122858825694 6.083868856081644 6.215501802597273 6.639648566521375 2.0422282651000385 31.05148174820653 0.0 108.44694608987976 2.1234567901234573 6.126862126561197 1.2430555555555551 2.7529326530612255 0.0 0.5204166666666667 0.0 0.5074999999999997 0.3199999999999999 0.0 0.8264462809917352 0.0 0.0 0.3875114784205693 0.0 0.10666666666666667 0.0
30.910173447641547 177.8621282066563 11.167878701595459 2.535991810138887 5.586597497499629 33.28221800794663 7.94799476762086 1.572361641569038 11.697872943671413 182.85113268757007 46.549876525473245 2.0677083333333335 16.131073117557985 71.37734278800721 3.2739446729249337 330.42691105233 20.61460201274175 44.975679144982834 4.543671469974172 10.25615525704379 1.15392523297966 0.12274849165455626 10.492242912178044 0.013458453694157792 24.031958008272547 2.0927551020408175 0.6938775510204086 2.189280568409506 9.131979791306204 3.25877056390585 2.8323251738368254 0.24326530612244893 0.0 6.910867394048978 0.06887755102040814 1.6326530612244912 0.011080332409972306 0.375 0.15834515135214436 0.012755102040816322 0.0027700831024930765 0.040816326530612256
25.269933086794598 37.7834637838913 28.606030228689324 8.36012217165296 75.03585416660357 11.257559074423831 37.42907078933648 12.005289213092443 43.4762203823972 179.74780275182871 90.63371368911959 28.87091814610764 8.64127595528569 22.63694148843738 14.07436363701364 20.61460201274175 663.2630748938864 14.638389269581033 0.36346609477944314 1.8502915022322501 4.5100983902801906 0.12209503988900458 24.902551376838918 0.6372793886652239 15.068670887613024 0.0015684736790510735 1.085912285626354 1.4222222222222232 5.930930735522388 3.3144044321329424 8.31993474504112 0.8163265306122446 0.01890359168241966 8.410304960395901 1.5111772951146447 3.449954086317721 3.890524563820023 0.0 0.6611570247933884 12.635008232950561 9.549425252270861 0.6836102511842308
10.034492326670442 44.22552963819836 45.509690833339185 64.39672862370672 4.800845671821394 687.3939155610025 13.597861527994883 0.3446040448004709 0.7772145275469377 28.693750228535787 3.11700331234422 18.431895944671357 14.14226288581375 143.23573045216966 35.715122858825694 44.975679144982834 14.638389269581033 2907.70896940771 613.5904485560695 132.10923699165232 356.8781482773925 284.34062268873475 2579.5580303796387 77.4397555835596 20.414466404584264 50.493290407620066 0.9721099970779468 226.25009289283355 3.6037245480569013 13.009941096232549 5.169222464403843 0.0 1.346938775510205 0.013850415512465384 0.08333333333333334 0.0 0.011080332409972306 3.3448897290485213 2.20990655367377 0.2448979591836735 0.0027700831024930765 2.3003897159364817
6.487621844170853 13.21339538381342 7.966465959075469 12.465220366147824 0.09196144292208912 155.03682146046197 3.5012712988470573 0.2253444502126734 0.1111111111111111 1.6790049200811747 0.5094324506662172 1.3561575349454122 2.7750988155943666 19.990231509259328 6.083868856081644 4.543671469974172 0.36346609477944314 613.5904485560695 1058.3794262921351 65.73497431698983 166.61125856479933 50.017952375121574 506.0276675682549 39.568332386310765 2.893359953193518 13.611577790074705 0.8316247795414469 40.03492728135594 0.9043068308315079 2.28094444646405 9.774025934721903 0.0 0.0 0.02366863905325444 0.5800000000000001 0.0 0.0 1.1308205701940512 1.8657610517426886 0.509795918367347 0.0 2.141790123456791
42.75525256202343 11.549480674561506 2.051481481481475 7.7540106602798735 0.21555785123966947 53.03675527607575 4.479708219720394 0.0078125 8.300625472411184 0.0 0.040816326530612256 0.0 2.8359631152833167 10.596414668412425 6.215501802597273 10.25615525704379 1.8502915022322501 132.10923699165232 65.73497431698983 773.5405007165921 105.73269986630912 20.88391445206576 116.62152299926173 20.538143532625615 12.26656878861977 2.045916809777789 0.1284722222222222 81.85373139119625 20.84396136597884 70.34827662874854 36.63293259564151 1.0909750566893426 0.5957024793388429 1.1007028962823173 0.3858450928580801 0.025711662075298437 7.1197541099773 1.9000000000000001 35.49109579204233 6.913827160493832 0.0 0.11111111111111113
0.37094301450944855 1.1658057962772017 0.951143931632723 39.338409511928845 0.09196144292208912 45.39626586516342 0.625403530252015 0.018903591682419663 0.5802469135802469 0.09336273892039484 0.0 0.04320987654320985 2.203703703703698 39.024747972842476 6.639648566521375 1.15392523297966 4.5100983902801906 356.8781482773925 166.61125856479933 105.73269986630912 647.1270987124346 12.588577383165118 349.538533636984 36.48484993606417 75.24756608806355 2.9322072399658228 2.3225575279421418 51.17097956146703 3.017897824941186 8.188652259135266 0.7824691358024691 0.75 0.0 0.0 0.0 0.0 0.0 1.829861111111111 0.0 0.6200000000000001 0.0 0.055555555555555566
6.377454525531445 1.6412670101730713 20.06365601728752 237.0226555037455 0.0 83.88846255961978 2.4048794615885587 0.30034126397107197 0.0 50.964358620209644 0.04081632653061224 6.928225372772633 1.5085299012855824 20.800383903249916 2.0422282651000385 0.12274849165455626 0.12209503988900458 284.34062268873475 50.017952375121574 20.88391445206576 12.588577383165118 1243.5662642352077 202.2242501404805 24.907808115019673 9.225937895494408 15.525239040060512 0.9869135802469118 13.043071714373667 0.0 1.9883503319233216 1.560000000000001 0.0 1.560000000000001 0.0 0.0 0.0 0.0 0.020163831127914308 0.5400546103759715 1.469387755102042 0.0 1.0111111111111115
11.542671129552541 19.03290661375047 26.615851500274147 67.5508875378092 4.644595671821394 493.2028619658155 7.17983039397268 0.1223818225782486 0.03827304168237474 7.9988722634177964 1.8234595911081926 6.49577620687177 11.57279089315995 104.15138128951584 31.05148174820653 10.492242912178044 24.902551376838918 2579.5580303796387 506.0276675682549 116.62152299926173 349.538533636984 202.2242501404805 1716.9253873491004 77.81566548833996 15.492527629074145 21.113547716110208 1.8575420958433801 206.98676023484325 1.3915558727761381 6.858727971792551 1.5833696047414554 0.0 0.0 0.013850415512465384 0.0 0.0 0.011080332409972306 0.15122873345935733 0.6361918907449551 0.24895785533148176 0.0027700831024930765 1.751006999887099
2.4134128808254705 0.013458453694157792 0.12244897959183677 0.11268196801867288 0.07305785123966944 1.7512766912994522 0.14226200348880438 0.02491770478793264 0.0 0.0 0.0 0.0 0.0 1.7412782700813592 0.0 0.013458453694157792 0.6372793886652239 77.4397555835596 39.568332386310765 20.538143532625615 36.48484993606417 24.907808115019673 77.81566548833996 150.70910216275323 0.011985140345717741 0.8212254517530964 0.010416666666666668 0.8547177901739379 0.38452451790633585 4.206591695516234 0.33909270216962534 0.0 0.1666666666666667 0.02366863905325444 0.0 0.1652892561983471 0.0 0.40489795918367355 0.0 0.0 0.1652892561983471 0.16029031789809844
1.049696447336552 10.151068459417276 0.16326530612244902 121.77546774045761 26.600461738437286 473.5996809853135 228.96421116522174 0.015570934256055362 5.295533162124986 6.921655223935621 4.794347840437947 19.37329216216481 24.004545095356804 169.20417151622317 108.44694608987976 24.031958008272547 15.068670887613024 20.414466404584264 2.893359953193518 12.26656878861977 75.24756608806355 9.225937895494408 15.492527629074145 0.011985140345717741 1583.4202071877694 60.643020240776266 22.87912493187258 0.6465104560342644 93.63572348013592 13.924288233812058 6.020852723566091 0.0 2.2228993449231593 0.6573689340309838 0.08000000000000002 0.0 1.0128641570509413 0.24691358024691357 1.0123456790123462 9.6785185185184 0.0027700831024930765 0.0
4.284444444444441 0.24000000000000005 0.0 9.355863355203995 5.78125 202.1222575500938 30.896342592592525 0.06719764132593516 0.0 2.0127551020408174 0.04081632653061224 0.0 0.0 3.521132914145822 2.1234567901234573 2.0927551020408175 0.0015684736790510735 50.493290407620066 13.611577790074705 2.045916809777789 2.9322072399658228 15.525239040060512 21.113547716110208 0.8212254517530964 60.643020240776266 317.4189900049568 61.647923697859426 0.035502958579881665 1.2650000000000003 0.0 0.34467120181405897 0.08000000000000003 0.0 0.0 0.0 0.0 0.0 0.0 0.0 0.0 0.0 0.2777777777777778
0.0 0.0 0.0 2.4581284621981987 0.0 18.623334751227834 0.34089477000630136 0.0017301038062283738 0.0 0.6938775510204086 0.0 0.0 0.0 2.1908082557828563 6.126862126561197 0.6938775510204086 1.085912285626354 0.9721099970779468 0.8316247795414469 0.1284722222222222 2.3225575279421418 0.9869135802469118 1.8575420958433801 0.010416666666666668 22.87912493187258 61.647923697859426 73.28306642691402 0.0 0.6496000000000002 0.0 0.0 0.0 0.0 0.0 0.0 0.0 0.0 0.0 0.0 0.0 0.0 0.0
53.64733812043351 38.53751560117377 0.9996145124716538 0.4159851354453622 0.75 11.102692409371198 0.0 0.0 2.9894444444444463 7.948853118382373 0.0 0.0 0.35185185185185186 2.9795114018977698 1.2430555555555551 2.189280568409506 1.4222222222222232 226.25009289283355 40.03492728135594 81.85373139119625 51.17097956146703 13.043071714373667 206.98676023484325 0.8547177901739379 0.6465104560342644 0.035502958579881665 0.0 2151.1470259730822 63.45041063136688 127.36138909302132 52.35173331245711 2.305555555555556 10.972291207269523 0.3357709750566891 21.62132568729971 7.072566115203485 0.21379848783694938 38.45907619921979 1.5037208260468333 10.698788014627144 0.0052596975673898745 0.2155555555555556
67.79901050696117 41.50202628889347 0.7908742654736802 0.19304016620498618 4.41645996554803 4.632823930126071 34.260828695957635 0.16692041522491352 70.2439922642085 16.042382540010923 13.821422892098457 5.468299319727892 2.188137755102042 4.774061708155094 2.7529326530612255 9.131979791306204 5.930930735522388 3.6037245480569013 0.9043068308315079 20.84396136597884 3.017897824941186 0.0 1.3915558727761381 0.38452451790633585 93.63572348013592 1.2650000000000003 0.6496000000000002 63.45041063136688 2462.723670963904 26.756558403911615 113.81708112680849 29.47286382166616 97.30902856854134 109.27470630635857 15.138416645355134 35.35527787637162 44.14569537282088 0.30666666666666675 14.719080909052058 2.3806026438319177 0.005540166204986153 1.8972222222222226
12.225255495716759 7.595966849593237 23.625 2.3140495867768602 8.243767313019447 14.892494331065738 8.35487842413056 11.55555555555553 5.713296398892006 0.0 1.242603550295858 0.330578512396694 0.330578512396694 0.0 0.0 3.25877056390585 3.3144044321329424 13.009941096232549 2.28094444646405 70.34827662874854 8.188652259135266 1.9883503319233216 6.858727971792551 4.206591695516234 13.924288233812058 0.0 0.0 127.36138909302132 26.756558403911615 1058.9478079672047 55.17017156225173 1.3338888888888891 13.161977387251211 14.06624974846457 5.677505668934227 11.475420075054826 1.765625 56.92620202405533 22.962709750566837 2.0091948228968413 0.3864819944598339 3.4012672176308545
11.231405287184106 0.20548630347799327 0.0 0.0027700831024930765 8.283327562326924 4.193761738305668 10.56202348585897 0.0 14.066720005996734 3.4407866120281034 0.09917355371900825 0.5204166666666667 0.0 0.0027700831024930765 0.5204166666666667 2.8323251738368254 8.31993474504112 5.169222464403843 9.774025934721903 36.63293259564151 0.7824691358024691 1.560000000000001 1.5833696047414554 0.33909270216962534 6.020852723566091 0.34467120181405897 0.0 52.35173331245711 113.81708112680849 55.17017156225173 1299.2180889594517 43.31416116427649 186.37124338875077 72.54794131774088 51.483345044462 16.713344965242023 24.43969902631401 20.570448942360777 10.555634835349329 7.7873345902238995 6.756542738507373 3.177589531680441
0.5700000000000003 0.7200000000000001 0.0 0.5 0.0 0.6632653061224492 0.0 0.0 1.1428571428571432 0.125 0.0 0.0 0.0 0.0 0.0 0.24326530612244893 0.8163265306122446 0.0 0.0 1.0909750566893426 0.75 0.0 0.0 0.0 0.0 0.08000000000000003 0.0 2.305555555555556 29.47286382166616 1.3338888888888891 43.31416116427649 1691.0546744310373 38.250762008173844 3.5399319727891156 1.462154195011338 39.24845523884482 11.887830758636786 0.5800000000000001 11.960809304113807 3.9470314487223965 0.045785639958376693 0.54
5.400510204081626 0.055555555555555566 0.0 0.0 0.0 1.346938775510205 0.44499999999999984 0.0 1.7059750566893443 3.56301652892561 0.0 0.5074999999999997 0.0 0.0 0.5074999999999997 0.0 0.01890359168241966 1.346938775510205 0.0 0.5957024793388429 0.0 1.560000000000001 0.0 0.1666666666666667 2.2228993449231593 0.0 0.0 10.972291207269523 97.30902856854134 13.161977387251211 186.37124338875077 38.250762008173844 655.1791543451833 41.540470209893115 42.919171405454 21.71677762289842 4.24965816263468 3.276623834719077 7.918253299949325 3.9793213928742013 1.5691927607009482 0.6030578512396696
1.7615512465373975 0.3468759618344107 0.0 0.013850415512465384 20.650969529085867 0.08261254640360301 21.517550998597823 0.0 51.46552788787594 0.013850415512465384 0.0 0.3199999999999999 0.0 0.013850415512465384 0.3199999999999999 6.910867394048978 8.410304960395901 0.013850415512465384 0.02366863905325444 1.1007028962823173 0.0 0.0 0.013850415512465384 0.02366863905325444 0.6573689340309838 0.0 0.0 0.3357709750566891 109.27470630635857 14.06624974846457 72.54794131774088 3.5399319727891156 41.540470209893115 107.63911170996789 10.052929637305548 27.13410493047338 0.8648152422967744 0.016326530612244896 0.9577500000000005 2.059413580246914 0.3338504155124653 0.018365472910927456
2.477906824193431 22.44001402815925 0.08000000000000002 0.0 0.0 0.34943310657596366 0.0 0.0 2.917006802721089 14.75206611570244 0.0 0.0 0.0 0.0 0.0 0.06887755102040814 1.5111772951146447 0.08333333333333334 0.5800000000000001 0.3858450928580801 0.0 0.0 0.0 0.0 0.08000000000000002 0.0 0.0 21.62132568729971 15.138416645355134 5.677505668934227 51.483345044462 1.462154195011338 42.919171405454 10.052929637305548 458.66209094014255 20.94135931647764 0.4743209167225254 67.87339726631332 21.006374158128175 29.393301736632555 24.576921430570287 1.7874361425010779
6.609205332409976 0.0 0.0 0.0 0.0 0.0 0.0 0.0 35.752911677067495 1.6326530612244912 6.674781207248746 0.0 0.0 0.0 0.8264462809917352 1.6326530612244912 3.449954086317721 0.0 0.0 0.025711662075298437 0.0 0.0 0.0 0.1652892561983471 0.0 0.0 0.0 7.072566115203485 35.35527787637162 11.475420075054826 16.713344965242023 39.24845523884482 21.71677762289842 27.13410493047338 20.94135931647764 81.8824431541509 0.125 25.58480221718307 3.6464462809917375 4.1788612307668185 9.272941218836129 0.5773461891643712
1.442248132863488 1.2641674361341957 1.463683390022676 8.312542917443992 12.240067476826953 3.835015774084334 1.7367862654321007 0.1015625 15.984413069885736 0.5008762507773195 0.5 0.0 0.8645833333333336 0.011080332409972306 0.0 0.011080332409972306 3.890524563820023 0.011080332409972306 0.0 7.1197541099773 0.0 0.0 0.011080332409972306 0.0 1.0128641570509413 0.0 0.0 0.21379848783694938 44.14569537282088 1.765625 24.43969902631401 11.887830758636786 4.24965816263468 0.8648152422967744 0.4743209167225254 0.125 926.8585704434329 30.847684282753203 49.30884177916679 136.1035257569937 120.89555524536948 1.2789115646258504
1.653333333333336 49.794305555555525 0.0 0.0 0.0 0.15106490233144304 0.24691358024691357 0.0 0.9876543209876543 4.40625 0.0 0.0 0.0 0.010081915563957154 0.0 0.375 0.0 3.3448897290485213 1.1308205701940512 1.9000000000000001 1.829861111111111 0.020163831127914308 0.15122873345935733 0.40489795918367355 0.24691358024691357 0.0 0.0 38.45907619921979 0.30666666666666675 56.92620202405533 20.570448942360777 0.5800000000000001 3.276623834719077 0.016326530612244896 67.87339726631332 25.58480221718307 30.847684282753203 1681.596850022304 56.56270741021913 39.31383266239061 34.68662123875485 0.0
1.2747370151216304 1.3294798985008776 0.455 0.2448979591836735 0.0 20.407974015062834 0.345679012345679 0.25 0.49382716049382713 0.0 0.0 0.0 0.0 0.2166939718546525 0.3875114784205693 0.15834515135214436 0.6611570247933884 2.20990655367377 1.8657610517426886 35.49109579204233 0.0 0.5400546103759715 0.6361918907449551 0.0 1.0123456790123462 0.0 0.0 1.5037208260468333 14.719080909052058 22.962709750566837 10.555634835349329 11.960809304113807 7.918253299949325 0.9577500000000005 21.006374158128175 3.6464462809917375 49.30884177916679 56.56270741021913 1347.3520356405634 10.453240421802409 55.44774117349476 0.0
2.320555555555557 1.6476473922902506 0.29752218934911245 10.5501700680272 9.957549357208327 9.418004535147283 18.918765432098525 0.0 245.82251089145467 12.932849278593382 0.4620256879872265 0.0 0.6575255102040816 0.0 0.0 0.012755102040816322 12.635008232950561 0.2448979591836735 0.509795918367347 6.913827160493832 0.6200000000000001 1.469387755102042 0.24895785533148176 0.0 9.6785185185184 0.0 0.0 10.698788014627144 2.3806026438319177 2.0091948228968413 7.7873345902238995 3.9470314487223965 3.9793213928742013 2.059413580246914 29.393301736632555 4.1788612307668185 136.1035257569937 39.31383266239061 10.453240421802409 745.1371272258132 80.70873875145676 0.8022222222222224
0.0027700831024930765 0.6142798603484733 0.0 0.0027700831024930765 3.5620292575719468 0.011080332409972306 0.10666666666666667 0.0 1.478550323176362 0.08440273616371761 0.6111111111111112 0.10666666666666667 0.0 0.0027700831024930765 0.10666666666666667 0.0027700831024930765 9.549425252270861 0.0027700831024930765 0.0 0.0 0.0 0.0 0.0027700831024930765 0.1652892561983471 0.0027700831024930765 0.0 0.0 0.0052596975673898745 0.005540166204986153 0.3864819944598339 6.756542738507373 0.045785639958376693 1.5691927607009482 0.3338504155124653 24.576921430570287 9.272941218836129 120.89555524536948 34.68662123875485 55.44774117349476 80.70873875145676 86.36407454414177 0.6122448979591836
3.2874489795918374 4.724274376417232 0.040816326530612256 1.057688953293349 0.6824489795918371 2.593758067329496 1.4171428571428577 0.42233727810650884 0.32000000000000006 1.0 0.375 0.0 0.2222222222222222 11.581451589490493 0.0 0.040816326530612256 0.6836102511842308 2.3003897159364817 2.141790123456791 0.11111111111111113 0.055555555555555566 1.0111111111111115 1.751006999887099 0.16029031789809844 0.0 0.2777777777777778 0.0 0.2155555555555556 1.8972222222222226 3.4012672176308545 3.177589531680441 0.54 0.6030578512396696 0.018365472910927456 1.7874361425010779 0.5773461891643712 1.2789115646258504 0.0 0.0 0.8022222222222224 0.6122448979591836 87.4248612962793
