1.000000000000000000e+00 8.237820963999999968e-01 3.955586729000000190e-01 2.148689199000000105e-01 3.506879142000000060e-01 2.767282244000000002e-01 3.158996946000000028e-01 6.010047439999999241e-01 2.716367108999999669e-01 4.470532069999999525e-01 3.122934790000000405e-01 1.486938143999999573e-01 2.181096808000000387e-01 2.626148048999999984e-01 2.348569174000000315e-01 6.012910858000000136e-01 3.678136362999999687e-01 1.953260597000000542e-01 1.890641977999999446e-01 3.362519052000000341e-01 2.122005783999999506e-01 1.874442655000000402e-01 1.780977695000000027e-01 1.996883868000000062e-01 2.174251502999999808e-01 2.600981652999999616e-01 1.666541991000000111e-01 2.787882690999999857e-01 4.119088177999999933e-01 2.641289769000000343e-01 1.979778586999999535e-01 9.268751099999994469e-02 1.348003990999999679e-01 3.491901665000000099e-01 2.241648215000000555e-01 2.820574081000000177e-01 1.233911446000000023e-01 1.175930903999999888e-01 1.166820987000000143e-01 1.480818061999999991e-01 1.168690896999999840e-01 2.782780744999999722e-01
8.237820963999999968e-01 1.000000000000000000e+00 2.989292375000000002e-01 2.132116720000000187e-01 2.657180805000000090e-01 2.838960141999999909e-01 2.508402121999999679e-01 5.052212454000000186e-01 2.394505458000000253e-01 6.991935350000000327e-01 4.865132479999999537e-01 1.577446532999999818e-01 2.421242268000000086e-01 3.471078882999999449e-01 2.485917855999999482e-01 8.266077687999999757e-01 4.512915574000000429e-01 2.432859678000000025e-01 2.455865022000000009e-01 2.814483917000000224e-01 2.596249484000000551e-01 2.353624693000000434e-01 2.349110196000000483e-01 2.669197102000000488e-01 1.859447264000000377e-01 2.716248512000000170e-01 1.544411905999999446e-01 1.984228918999999536e-01 2.646131657000000414e-01 1.867155472999999510e-01 1.384882538999999690e-01 9.432433770000003825e-02 1.021961661000000410e-01 2.251439053999999551e-01 2.961977864999999488e-01 2.086409836000000517e-01 1.500842122000000112e-01 2.267629849000000197e-01 1.061841886000000068e-01 1.721312657000000357e-01 1.592570921000000528e-01 2.517145136999999755e-01
3.955586729000000190e-01 2.989292375000000002e-01 1.000000000000000000e+00 6.475242266999999829e-01 4.726754269999999813e-01 2.373439940999999553e-01 2.626858854000000409e-01 7.194708678999999218e-01 1.480861928000000161e-01 4.387249671999999823e-01 3.463678395999999493e-01 4.903246288999999480e-01 5.759482042999999329e-01 2.799261445999999820e-01 2.850269443999999819e-01 4.452634707000000525e-01 3.481286524000000160e-01 1.885331336000000135e-01 1.770292500000000269e-01 1.668946128999999612e-01 1.645608396000000084e-01 2.746643488000000133e-01 1.849620258999999933e-01 1.854547284999999990e-01 1.326943221999999922e-01 2.001676506999999772e-01 1.161714114999999881e-01 9.515107759999996695e-02 7.201635740000000840e-02 1.116087772999999617e-01 5.729808359999999379e-02 2.005148479999996347e-02 3.115524650000001117e-02 7.868869249999999038e-02 6.101229330000002005e-02 5.860058450000005248e-02 6.237048509999998380e-02 3.145904190000003986e-02 8.844879819999995618e-02 5.886231279999998289e-02 3.907554930000001203e-02 2.387631151000000340e-01
2.148689199000000105e-01 2.132116720000000187e-01 6.475242266999999829e-01 1.000000000000000000e+00 4.879233406999999856e-01 5.152625881999999269e-01 4.711113542000000542e-01 7.244674913999999966e-01 1.488175015999999573e-01 3.518873447000000487e-01 3.073568129000000537e-01 8.459391009000000183e-01 6.652957419000000705e-01 5.422935313000000201e-01 6.054154295000000463e-01 4.008548516000000062e-01 2.934176591999999584e-01 4.007186820999999455e-01 3.732102059999999888e-01 2.919929481999999910e-01 3.273733963999999608e-01 6.543733740999999604e-01 3.888325754000000467e-01 3.889548740999999588e-01 3.547485634999999471e-01 4.464580242000000254e-01 3.385208178999999928e-01 1.297043735999999781e-01 6.186941970000003899e-02 1.086761970999999827e-01 4.959943889999995914e-02 2.340451700000001356e-02 2.571029960000004166e-02 7.158167319999997336e-02 4.766937339999999246e-02 5.472514220000002094e-02 9.049847050000003890e-02 4.132679049999998799e-02 4.467146810000000023e-02 7.911511240000002054e-02 4.964136320000001046e-02 3.069934448000000149e-01
3.506879142000000060e-01 2.657180805000000090e-01 4.726754269999999813e-01 4.879233406999999856e-01 1.000000000000000000e+00 5.322842957000000208e-01 7.359832662999999942e-01 6.257153132999999645e-01 3.655371208000000038e-01 2.850303181000000130e-01 2.806645046000000310e-01 3.516217646000000530e-01 4.468568743999999926e-01 3.824401524999999635e-01 4.833735622000000509e-01 3.751022236000000065e-01 4.548046726000000151e-01 2.407584726999999480e-01 1.923943788999999960e-01 2.187199503000000211e-01 1.748362382000000492e-01 2.693938194999999647e-01 2.149288749000000109e-01 2.183273468999999967e-01 4.533643593999999721e-01 4.788762646999999983e-01 3.533975007999999862e-01 9.882850099999995752e-02 1.514655732999999893e-01 1.404122164000000117e-01 1.543677280999999901e-01 6.001062030000003933e-02 1.272134005999999706e-01 3.160037593000000200e-01 1.251764456999999719e-01 1.992514517000000263e-01 3.810778317999999887e-01 1.433661541999999844e-01 9.544552189999999658e-02 3.396053440999999840e-01 2.881434737000000412e-01 3.325124590000000380e-01
2.767282244000000002e-01 2.838960141999999909e-01 2.373439940999999553e-01 5.152625881999999269e-01 5.322842957000000208e-01 1.000000000000000000e+00 8.112538831000000172e-01 7.413666870999999770e-01 1.307788983000000016e-01 2.732198221999999621e-01 2.149624213999999922e-01 2.881480658999999722e-01 3.098667280000000357e-01 8.355517970000000405e-01 7.519454580000000110e-01 5.325630640999999832e-01 2.508511829999999776e-01 7.760919130000000221e-01 7.434818912999999752e-01 6.021761093999999925e-01 6.718886958999999992e-01 7.337193291999999367e-01 7.696080268000000668e-01 7.643123243000000677e-01 6.885165308999999789e-01 8.684759888999999955e-01 6.694839558999999829e-01 2.806089121999999492e-01 1.124645011999999555e-01 2.159853731999999971e-01 9.481497729999999180e-02 3.490151919999995300e-02 4.049253639999994547e-02 1.285021511999999699e-01 9.052944490000003341e-02 8.691394019999998388e-02 7.060188000000000574e-02 3.176890549999999980e-02 4.637485910000005429e-02 7.610982840000002358e-02 3.508248800000002277e-02 5.360393126000000397e-01
3.158996946000000028e-01 2.508402121999999679e-01 2.626858854000000409e-01 4.711113542000000542e-01 7.359832662999999942e-01 8.112538831000000172e-01 1.000000000000000000e+00 7.138953379999999349e-01 2.488115866000000231e-01 2.460377874000000409e-01 2.039997630000000006e-01 3.091965665000000474e-01 2.808060230000000157e-01 5.729115058000000538e-01 7.653424098000000120e-01 4.347607484000000078e-01 3.177448581999999799e-01 3.385918888000000182e-01 2.617784547999999489e-01 2.802161297999999912e-01 2.303353307000000072e-01 3.640942346000000107e-01 2.999489229999999784e-01 3.065024538999999715e-01 8.473602311000000276e-01 8.506293723000000195e-01 7.310824975999999920e-01 1.090814880999999570e-01 2.504199013000000251e-01 1.400300519999999604e-01 1.400595393000000355e-01 6.455322109999994673e-02 1.015890850999999762e-01 3.029142861000000408e-01 1.383620959000000372e-01 2.026434783999999656e-01 1.707732953999999692e-01 6.013151159999996498e-02 6.070555929999998934e-02 1.751501625000000395e-01 1.114410606000000303e-01 2.761441379000000307e-01
6.010047439999999241e-01 5.052212454000000186e-01 7.194708678999999218e-01 7.244674913999999966e-01 6.257153132999999645e-01 7.413666870999999770e-01 7.138953379999999349e-01 1.000000000000000000e+00 1.817360174000000050e-01 4.754614138999999629e-01 3.610527457000000107e-01 5.039280863999999749e-01 4.937013941000000239e-01 6.660498969999999463e-01 6.446374268999999213e-01 6.360428501999999540e-01 3.979580919999999855e-01 5.128319876000000388e-01 4.598358446000000432e-01 4.217640826999999870e-01 4.126869885999999710e-01 5.604443936999999876e-01 4.825180699000000129e-01 4.907207489999999561e-01 4.855265816999999595e-01 6.674107938000000129e-01 4.242269853000000257e-01 2.211204808000000188e-01 1.356096386999999792e-01 2.109944728000000547e-01 1.104782211999999486e-01 4.431464200000001519e-02 6.377111020000003627e-02 1.385887458000000239e-01 1.264081379999999477e-01 1.085892987000000032e-01 9.300510900000003023e-02 5.748779439999995855e-02 1.189117980999999657e-01 1.024791267000000339e-01 6.123437080000004862e-02 4.048344713999999511e-01
2.716367108999999669e-01 2.394505458000000253e-01 1.480861928000000161e-01 1.488175015999999573e-01 3.655371208000000038e-01 1.307788983000000016e-01 2.488115866000000231e-01 1.817360174000000050e-01 1.000000000000000000e+00 3.119832513000000418e-01 3.847244923000000538e-01 1.536383526000000277e-01 3.865800196999999994e-01 1.523646105000000528e-01 1.928723580000000215e-01 3.111328624000000431e-01 4.486990490000000165e-01 7.258793439999999819e-02 6.531478140000002153e-02 1.432611945999999747e-01 9.270771850000003589e-02 7.039673040000005155e-02 6.861634620000001128e-02 7.426440140000001300e-02 1.923397601999999873e-01 1.301283476000000272e-01 1.438109503000000178e-01 1.025453654000000325e-01 3.698669999000000486e-01 1.198908029999999902e-01 2.348357348999999816e-01 8.364349339999999078e-02 1.807548195000000524e-01 5.312809545000000133e-01 1.911884206999999725e-01 5.030578400999999866e-01 3.342904822000000165e-01 1.084375391999999882e-01 9.480985679999998084e-02 6.793168085999999883e-01 2.792744314999999755e-01 6.027655456000000633e-01
4.470532069999999525e-01 6.991935350000000327e-01 4.387249671999999823e-01 3.518873447000000487e-01 2.850303181000000130e-01 2.732198221999999621e-01 2.460377874000000409e-01 4.754614138999999629e-01 3.119832513000000418e-01 1.000000000000000000e+00 8.728588870000000277e-01 3.015387263000000040e-01 4.456366911000000375e-01 3.805627724000000267e-01 2.982536928000000254e-01 9.024190635000000071e-01 6.685907323999999985e-01 2.481725022999999863e-01 2.356260832000000027e-01 2.215432749000000312e-01 2.535411346000000510e-01 2.852000904999999475e-01 2.434023121999999706e-01 2.639246763000000495e-01 1.734507078999999452e-01 2.768793153999999923e-01 1.493803452999999948e-01 1.775014311000000511e-01 1.815208101999999935e-01 1.511215261999999671e-01 1.073206792999999992e-01 6.826818219999997162e-02 7.096349099999998966e-02 1.855696304999999713e-01 1.941582152999999922e-01 1.648295699999999808e-01 7.263442760000005105e-02 7.589251539999997132e-02 5.287359260000001893e-02 1.358465432000000028e-01 6.902974589999999466e-02 2.531255073999999494e-01
3.122934790000000405e-01 4.865132479999999537e-01 3.463678395999999493e-01 3.073568129000000537e-01 2.806645046000000310e-01 2.149624213999999922e-01 2.039997630000000006e-01 3.610527457000000107e-01 3.847244923000000538e-01 8.728588870000000277e-01 1.000000000000000000e+00 3.350860451999999601e-01 5.802414384999999841e-01 3.145925972999999987e-01 2.752218699999999796e-01 6.939349819000000252e-01 8.570471785000000065e-01 2.073565347000000392e-01 1.855840880000000359e-01 1.644402415000000284e-01 2.087555213999999770e-01 2.114969863000000228e-01 1.972903876999999584e-01 2.158433142000000249e-01 1.380229911999999448e-01 2.153430926999999606e-01 1.163339339000000194e-01 1.076021729999999677e-01 1.423739760000000132e-01 9.480157160000002303e-02 7.215130179999995619e-02 3.531301180000001594e-02 4.234698339999998229e-02 1.625775633999999581e-01 1.112918419999999742e-01 1.571885535999999473e-01 5.142228810000004646e-02 3.506648000000001097e-02 3.013938510000002680e-02 1.221523210999999609e-01 4.544590459999997556e-02 2.353178937000000026e-01
1.486938143999999573e-01 1.577446532999999818e-01 4.903246288999999480e-01 8.459391009000000183e-01 3.516217646000000530e-01 2.881480658999999722e-01 3.091965665000000474e-01 5.039280863999999749e-01 1.536383526000000277e-01 3.015387263000000040e-01 3.350860451999999601e-01 1.000000000000000000e+00 6.496308787000000251e-01 4.009043048999999526e-01 6.066909791000000274e-01 2.892363421000000434e-01 3.051258690000000495e-01 2.013312910000000233e-01 1.715135802999999681e-01 1.414065201999999966e-01 1.649958199000000070e-01 3.804948429000000187e-01 1.886733894000000022e-01 1.899423357999999729e-01 2.476683897000000467e-01 2.414245135999999459e-01 1.950176791000000076e-01 6.229237600000003816e-02 5.857308390000004472e-02 5.704008900000001603e-02 3.160757619999998713e-02 1.811432260000001015e-02 1.918211940000003057e-02 6.137941110000000311e-02 2.942391629999996372e-02 4.980457329999998795e-02 5.184213630000000794e-02 2.168655149999998422e-02 2.382880970000000875e-02 5.054798329999998785e-02 2.256462569999995171e-02 1.644035873000000425e-01
2.181096808000000387e-01 2.421242268000000086e-01 5.759482042999999329e-01 6.652957419000000705e-01 4.468568743999999926e-01 3.098667280000000357e-01 2.808060230000000157e-01 4.937013941000000239e-01 3.865800196999999994e-01 4.456366911000000375e-01 5.802414384999999841e-01 6.496308787000000251e-01 1.000000000000000000e+00 4.467861087000000175e-01 4.635267374000000551e-01 4.118697835000000307e-01 4.735280724999999524e-01 2.848859534000000027e-01 2.503719054999999916e-01 2.128536367000000151e-01 2.546007584999999684e-01 3.446977251999999714e-01 2.720879013000000457e-01 2.756948257000000346e-01 2.150681885999999876e-01 2.426470582999999959e-01 1.752732793000000289e-01 9.834960059999997561e-02 7.787117789999997708e-02 8.545555859999998116e-02 5.022363409999996975e-02 1.901248219999995825e-02 2.642961290000001018e-02 1.029657918999999922e-01 4.830303219999998454e-02 1.070139007000000531e-01 7.736972429999999790e-02 3.163512830000003717e-02 3.833718109999995072e-02 1.266870932000000449e-01 4.537401289999998255e-02 3.451257344000000504e-01
2.626148048999999984e-01 3.471078882999999449e-01 2.799261445999999820e-01 5.422935313000000201e-01 3.824401524999999635e-01 8.355517970000000405e-01 5.729115058000000538e-01 6.660498969999999463e-01 1.523646105000000528e-01 3.805627724000000267e-01 3.145925972999999987e-01 4.009043048999999526e-01 4.467861087000000175e-01 1.000000000000000000e+00 8.256803807999999467e-01 6.239734026000000044e-01 2.782418020000000380e-01 7.576329689999999895e-01 7.172929706999999766e-01 5.744471299000000197e-01 7.068739398000000174e-01 7.106414189999999964e-01 7.400411242000000112e-01 7.380666245000000458e-01 5.580800172000000003e-01 6.533259770999999549e-01 5.008121158000000683e-01 2.893264429999999887e-01 9.334173430000003435e-02 2.295326810000000162e-01 7.834317390000000714e-02 2.986347769999997404e-02 3.125340960000000390e-02 8.954658620000000013e-02 7.935682330000004558e-02 7.525938610000004747e-02 4.803108850000004093e-02 3.555683740000004089e-02 4.156685000000004404e-02 6.801535670000002920e-02 2.669156809999995161e-02 5.420028688000000372e-01
2.348569174000000315e-01 2.485917855999999482e-01 2.850269443999999819e-01 6.054154295000000463e-01 4.833735622000000509e-01 7.519454580000000110e-01 7.653424098000000120e-01 6.446374268999999213e-01 1.928723580000000215e-01 2.982536928000000254e-01 2.752218699999999796e-01 6.066909791000000274e-01 4.635267374000000551e-01 8.256803807999999467e-01 1.000000000000000000e+00 5.063868644000000252e-01 2.947297751999999882e-01 4.305804565999999944e-01 3.746893319999999861e-01 3.242625477999999672e-01 3.770567353999999538e-01 4.679818730000000482e-01 4.111403622999999508e-01 4.123344531999999507e-01 8.172784416999999690e-01 7.325720185999999856e-01 7.032616183000000021e-01 1.400249587999999878e-01 1.639767035000000428e-01 1.346721993999999700e-01 7.024474640000000214e-02 3.215815659999998744e-02 4.083852860000003471e-02 1.624365503000000377e-01 7.431504270000000023e-02 1.149433624000000265e-01 6.137738650000001961e-02 2.446277969999999247e-02 3.304664940000001661e-02 7.810049460000001442e-02 2.732192769999997051e-02 3.151241782999999463e-01
6.012910858000000136e-01 8.266077687999999757e-01 4.452634707000000525e-01 4.008548516000000062e-01 3.751022236000000065e-01 5.325630640999999832e-01 4.347607484000000078e-01 6.360428501999999540e-01 3.111328624000000431e-01 9.024190635000000071e-01 6.939349819000000252e-01 2.892363421000000434e-01 4.118697835000000307e-01 6.239734026000000044e-01 5.063868644000000252e-01 1.000000000000000000e+00 5.743085261000000497e-01 4.582777262999999657e-01 4.503967563999999868e-01 4.132334960000000335e-01 4.581124291000000515e-01 4.462000632999999494e-01 4.562130547999999619e-01 4.780746702000000514e-01 3.895377392000000105e-01 4.926546875999999742e-01 3.594877992999999661e-01 2.663245402999999678e-01 2.560298798000000264e-01 2.270600463999999929e-01 1.450903934999999700e-01 7.495473230000004872e-02 8.624844109999996178e-02 2.462120367000000254e-01 2.147241409000000267e-01 2.033008324999999727e-01 9.783130299999998059e-02 9.329105439999996197e-02 6.801388159999999239e-02 1.538424840000000016e-01 8.884796579999998389e-02 4.274785497999999961e-01
3.678136362999999687e-01 4.512915574000000429e-01 3.481286524000000160e-01 2.934176591999999584e-01 4.548046726000000151e-01 2.508511829999999776e-01 3.177448581999999799e-01 3.979580919999999855e-01 4.486990490000000165e-01 6.685907323999999985e-01 8.570471785000000065e-01 3.051258690000000495e-01 4.735280724999999524e-01 2.782418020000000380e-01 2.947297751999999882e-01 5.743085261000000497e-01 1.000000000000000000e+00 1.758361148999999513e-01 1.583823261000000260e-01 1.720671234999999744e-01 1.717903518000000185e-01 1.871686570999999688e-01 1.645179687000000168e-01 1.815205236000000388e-01 1.959149772999999595e-01 2.507978065999999506e-01 1.597687154000000387e-01 1.126558126000000160e-01 1.681341738999999613e-01 1.193926536999999621e-01 1.166615613000000495e-01 6.693607390000000379e-02 8.800452869999997318e-02 2.431383608999999613e-01 1.235520929000000212e-01 2.335863653999999956e-01 1.433098127999999916e-01 6.817916339999996467e-02 6.520510229999998408e-02 2.095170680000000285e-01 1.187049785999999552e-01 2.860043111000000193e-01
1.953260597000000542e-01 2.432859678000000025e-01 1.885331336000000135e-01 4.007186820999999455e-01 2.407584726999999480e-01 7.760919130000000221e-01 3.385918888000000182e-01 5.128319876000000388e-01 7.258793439999999819e-02 2.481725022999999863e-01 2.073565347000000392e-01 2.013312910000000233e-01 2.848859534000000027e-01 7.576329689999999895e-01 4.305804565999999944e-01 4.582777262999999657e-01 1.758361148999999513e-01 1.000000000000000000e+00 9.309966976000000338e-01 7.596398345999999524e-01 8.929308490999999792e-01 8.238052875999999358e-01 8.703635747000000311e-01 9.495418310000000028e-01 2.406586245999999818e-01 4.985919663000000224e-01 2.930833925000000395e-01 4.173801507000000077e-01 4.839369400000004262e-02 3.105775444999999690e-01 1.016359162000000094e-01 3.021545640000000699e-02 3.806196679999995780e-02 4.437340440000003827e-02 6.370144379999997941e-02 5.580031850000000126e-02 2.829966080000001494e-02 3.376339750000001416e-02 4.175457780000002561e-02 4.021809840000001302e-02 1.923513769999996015e-02 6.054898266999999557e-01
1.890641977999999446e-01 2.455865022000000009e-01 1.770292500000000269e-01 3.732102059999999888e-01 1.923943788999999960e-01 7.434818912999999752e-01 2.617784547999999489e-01 4.598358446000000432e-01 6.531478140000002153e-02 2.356260832000000027e-01 1.855840880000000359e-01 1.715135802999999681e-01 2.503719054999999916e-01 7.172929706999999766e-01 3.746893319999999861e-01 4.503967563999999868e-01 1.583823261000000260e-01 9.309966976000000338e-01 1.000000000000000000e+00 7.909589799999999782e-01 9.140839949000000297e-01 8.260819737000000273e-01 9.707235309999999728e-01 9.905256853999999667e-01 1.883725898000000454e-01 4.631480903000000371e-01 2.721413484000000382e-01 3.996950527000000530e-01 5.027524859999998874e-02 2.909088316000000285e-01 1.196357407999999456e-01 4.414272460000001619e-02 5.511686729999998313e-02 5.303997299999996251e-02 6.394696929999998947e-02 6.968048609999999421e-02 3.265905780000000203e-02 4.090765809999996616e-02 4.571684430000000354e-02 4.180856919999997867e-02 2.535388810000005488e-02 6.928564188999999374e-01
3.362519052000000341e-01 2.814483917000000224e-01 1.668946128999999612e-01 2.919929481999999910e-01 2.187199503000000211e-01 6.021761093999999925e-01 2.802161297999999912e-01 4.217640826999999870e-01 1.432611945999999747e-01 2.215432749000000312e-01 1.644402415000000284e-01 1.414065201999999966e-01 2.128536367000000151e-01 5.744471299000000197e-01 3.242625477999999672e-01 4.132334960000000335e-01 1.720671234999999744e-01 7.596398345999999524e-01 7.909589799999999782e-01 1.000000000000000000e+00 8.268425714000000593e-01 6.375503529999999586e-01 7.505068838999999770e-01 7.769813293999999759e-01 2.028184443999999642e-01 3.760399522999999800e-01 2.334377083999999991e-01 6.643585699999999816e-01 1.778695412999999892e-01 5.899146014000000715e-01 4.264843260999999774e-01 1.668162651000000274e-01 2.615730699999999631e-01 2.201164928000000076e-01 2.115911156999999987e-01 2.955099471000000033e-01 1.133062425999999956e-01 1.222572755999999927e-01 1.707033908999999738e-01 1.404700895999999588e-01 1.123494327999999820e-01 5.975591182999999695e-01
2.122005783999999506e-01 2.596249484000000551e-01 1.645608396000000084e-01 3.273733963999999608e-01 1.748362382000000492e-01 6.718886958999999992e-01 2.303353307000000072e-01 4.126869885999999710e-01 9.270771850000003589e-02 2.535411346000000510e-01 2.087555213999999770e-01 1.649958199000000070e-01 2.546007584999999684e-01 7.068739398000000174e-01 3.770567353999999538e-01 4.581124291000000515e-01 1.717903518000000185e-01 8.929308490999999792e-01 9.140839949000000297e-01 8.268425714000000593e-01 1.000000000000000000e+00 7.272466929999999996e-01 8.956976408000000278e-01 9.113035914999999543e-01 2.123328281999999900e-01 3.989480708999999514e-01 2.704789295999999732e-01 5.803290544999999412e-01 7.829396600000004813e-02 5.717903368999999181e-01 1.708916446999999561e-01 4.874330370000001800e-02 8.641871580000004549e-02 7.722010889999997296e-02 9.268255250000001499e-02 1.115645949000000359e-01 3.885488420000005050e-02 6.315792170000000816e-02 6.287407469999994891e-02 6.598402820000004443e-02 3.521087239999998175e-02 6.541848553000000344e-01
1.874442655000000402e-01 2.353624693000000434e-01 2.746643488000000133e-01 6.543733740999999604e-01 2.693938194999999647e-01 7.337193291999999367e-01 3.640942346000000107e-01 5.604443936999999876e-01 7.039673040000005155e-02 2.852000904999999475e-01 2.114969863000000228e-01 3.804948429000000187e-01 3.446977251999999714e-01 7.106414189999999964e-01 4.679818730000000482e-01 4.462000632999999494e-01 1.871686570999999688e-01 8.238052875999999358e-01 8.260819737000000273e-01 6.375503529999999586e-01 7.272466929999999996e-01 1.000000000000000000e+00 8.182920515999999589e-01 8.188188695000000461e-01 2.662059387999999860e-01 5.405199406999999789e-01 3.339310535999999718e-01 3.325685234999999906e-01 4.489574470000001760e-02 2.169235491000000016e-01 7.542820859999999072e-02 5.039807699999998558e-02 3.015204090000001003e-02 4.049727410000003580e-02 5.017609320000004924e-02 4.881040010000003981e-02 3.421936110000001197e-02 2.685284939999998954e-02 3.836549710000003444e-02 3.914833340000001272e-02 1.696947220000000200e-02 5.510430256000000693e-01
1.780977695000000027e-01 2.349110196000000483e-01 1.849620258999999933e-01 3.888325754000000467e-01 2.149288749000000109e-01 7.696080268000000668e-01 2.999489229999999784e-01 4.825180699000000129e-01 6.861634620000001128e-02 2.434023121999999706e-01 1.972903876999999584e-01 1.886733894000000022e-01 2.720879013000000457e-01 7.400411242000000112e-01 4.111403622999999508e-01 4.562130547999999619e-01 1.645179687000000168e-01 8.703635747000000311e-01 9.707235309999999728e-01 7.505068838999999770e-01 8.956976408000000278e-01 8.182920515999999589e-01 1.000000000000000000e+00 9.440547443000000261e-01 2.169733131000000093e-01 4.866232581999999640e-01 2.854693333000000166e-01 4.129218541000000409e-01 4.342338919999999547e-02 2.980347494999999736e-01 9.459832050000005488e-02 2.686566879999996438e-02 3.118933049999994545e-02 4.014060519999995691e-02 5.487105199999997573e-02 4.794833529999997790e-02 2.477541949999995108e-02 3.035441350000001037e-02 3.784564560000003297e-02 3.671204159999996719e-02 1.611372889999995728e-02 7.066966163000000245e-01
1.996883868000000062e-01 2.669197102000000488e-01 1.854547284999999990e-01 3.889548740999999588e-01 2.183273468999999967e-01 7.643123243000000677e-01 3.065024538999999715e-01 4.907207489999999561e-01 7.426440140000001300e-02 2.639246763000000495e-01 2.158433142000000249e-01 1.899423357999999729e-01 2.756948257000000346e-01 7.380666245000000458e-01 4.123344531999999507e-01 4.780746702000000514e-01 1.815205236000000388e-01 9.495418310000000028e-01 9.905256853999999667e-01 7.769813293999999759e-01 9.113035914999999543e-01 8.188188695000000461e-01 9.440547443000000261e-01 1.000000000000000000e+00 2.286814239000000137e-01 5.043983428000000657e-01 3.060895895999999894e-01 3.697458605000000231e-01 4.956256589999996631e-02 2.814603718000000532e-01 1.012364524000000099e-01 3.254310869999998967e-02 3.757940400000003844e-02 4.845763329999996927e-02 6.008663309999995317e-02 5.726854579999995920e-02 2.699677919999998732e-02 3.213408809999995785e-02 3.681452579999999752e-02 3.740540729999997094e-02 1.836369010000005186e-02 6.687941853000000103e-01
2.174251502999999808e-01 1.859447264000000377e-01 1.326943221999999922e-01 3.547485634999999471e-01 4.533643593999999721e-01 6.885165308999999789e-01 8.473602311000000276e-01 4.855265816999999595e-01 1.923397601999999873e-01 1.734507078999999452e-01 1.380229911999999448e-01 2.476683897000000467e-01 2.150681885999999876e-01 5.580800172000000003e-01 8.172784416999999690e-01 3.895377392000000105e-01 1.959149772999999595e-01 2.406586245999999818e-01 1.883725898000000454e-01 2.028184443999999642e-01 2.123328281999999900e-01 2.662059387999999860e-01 2.169733131000000093e-01 2.286814239000000137e-01 1.000000000000000000e+00 8.193692823000000569e-01 9.285560913999999499e-01 7.671513039999999783e-02 2.424665706999999948e-01 1.182279687999999718e-01 9.001333379999998385e-02 3.497839260000001893e-02 6.502995980000003673e-02 2.443305834000000232e-01 9.106580500000005518e-02 1.697676366000000492e-01 7.495756050000002002e-02 2.221408479999997798e-02 3.202284590000004094e-02 9.214089069999997772e-02 4.049948359999999692e-02 1.845191527999999748e-01
2.600981652999999616e-01 2.716248512000000170e-01 2.001676506999999772e-01 4.464580242000000254e-01 4.788762646999999983e-01 8.684759888999999955e-01 8.506293723000000195e-01 6.674107938000000129e-01 1.301283476000000272e-01 2.768793153999999923e-01 2.153430926999999606e-01 2.414245135999999459e-01 2.426470582999999959e-01 6.533259770999999549e-01 7.325720185999999856e-01 4.926546875999999742e-01 2.507978065999999506e-01 4.985919663000000224e-01 4.631480903000000371e-01 3.760399522999999800e-01 3.989480708999999514e-01 5.405199406999999789e-01 4.866232581999999640e-01 5.043983428000000657e-01 8.193692823000000569e-01 1.000000000000000000e+00 8.729612583999999398e-01 1.509854738999999446e-01 1.211776517000000553e-01 1.378380013000000126e-01 6.514769109999996033e-02 2.625765639999999568e-02 2.996419620000001505e-02 1.230665009000000421e-01 8.276627729999996852e-02 8.518204389999994852e-02 5.139411839999996623e-02 2.081352540000003248e-02 3.029883639999997325e-02 6.126570740000003568e-02 1.987042490000001660e-02 3.287081813000000130e-01
1.666541991000000111e-01 1.544411905999999446e-01 1.161714114999999881e-01 3.385208178999999928e-01 3.533975007999999862e-01 6.694839558999999829e-01 7.310824975999999920e-01 4.242269853000000257e-01 1.438109503000000178e-01 1.493803452999999948e-01 1.163339339000000194e-01 1.950176791000000076e-01 1.752732793000000289e-01 5.008121158000000683e-01 7.032616183000000021e-01 3.594877992999999661e-01 1.597687154000000387e-01 2.930833925000000395e-01 2.721413484000000382e-01 2.334377083999999991e-01 2.704789295999999732e-01 3.339310535999999718e-01 2.854693333000000166e-01 3.060895895999999894e-01 9.285560913999999499e-01 8.729612583999999398e-01 1.000000000000000000e+00 8.804267099999996127e-02 1.582118434999999490e-01 1.049888876000000248e-01 5.421619840000002633e-02 1.803598939999995210e-02 3.305681429999995924e-02 1.540752815000000497e-01 5.825135130000003159e-02 1.122960941999999740e-01 4.342880120000003341e-02 1.187467320000001880e-02 1.928241949999998095e-02 5.976684290000000566e-02 1.579531830000002746e-02 2.050551125999999780e-01
2.787882690999999857e-01 1.984228918999999536e-01 9.515107759999996695e-02 1.297043735999999781e-01 9.882850099999995752e-02 2.806089121999999492e-01 1.090814880999999570e-01 2.211204808000000188e-01 1.025453654000000325e-01 1.775014311000000511e-01 1.076021729999999677e-01 6.229237600000003816e-02 9.834960059999997561e-02 2.893264429999999887e-01 1.400249587999999878e-01 2.663245402999999678e-01 1.126558126000000160e-01 4.173801507000000077e-01 3.996950527000000530e-01 6.643585699999999816e-01 5.803290544999999412e-01 3.325685234999999906e-01 4.129218541000000409e-01 3.697458605000000231e-01 7.671513039999999783e-02 1.509854738999999446e-01 8.804267099999996127e-02 1.000000000000000000e+00 1.919680231000000514e-01 8.688167687000000194e-01 3.805827461999999883e-01 1.247021598999999981e-01 2.743369560999999734e-01 1.870052620000000054e-01 2.577498084999999550e-01 2.800211625999999843e-01 1.008254583000000038e-01 1.742577416999999684e-01 1.608690593999999585e-01 1.448915692000000144e-01 1.147229646999999852e-01 3.874822325000000234e-01
4.119088177999999933e-01 2.646131657000000414e-01 7.201635740000000840e-02 6.186941970000003899e-02 1.514655732999999893e-01 1.124645011999999555e-01 2.504199013000000251e-01 1.356096386999999792e-01 3.698669999000000486e-01 1.815208101999999935e-01 1.423739760000000132e-01 5.857308390000004472e-02 7.787117789999997708e-02 9.334173430000003435e-02 1.639767035000000428e-01 2.560298798000000264e-01 1.681341738999999613e-01 4.839369400000004262e-02 5.027524859999998874e-02 1.778695412999999892e-01 7.829396600000004813e-02 4.489574470000001760e-02 4.342338919999999547e-02 4.956256589999996631e-02 2.424665706999999948e-01 1.211776517000000553e-01 1.582118434999999490e-01 1.919680231000000514e-01 1.000000000000000000e+00 2.203068294000000149e-01 4.079010803000000518e-01 2.277350471000000320e-01 3.432426949000000338e-01 8.961137341999999562e-01 2.777958939000000349e-01 6.775662768999999308e-01 1.470352342999999840e-01 6.350687239999996958e-02 1.108231839000000107e-01 1.700329069999999554e-01 1.624269838999999882e-01 3.007171427000000508e-01
2.641289769000000343e-01 1.867155472999999510e-01 1.116087772999999617e-01 1.086761970999999827e-01 1.404122164000000117e-01 2.159853731999999971e-01 1.400300519999999604e-01 2.109944728000000547e-01 1.198908029999999902e-01 1.511215261999999671e-01 9.480157160000002303e-02 5.704008900000001603e-02 8.545555859999998116e-02 2.295326810000000162e-01 1.346721993999999700e-01 2.270600463999999929e-01 1.193926536999999621e-01 3.105775444999999690e-01 2.909088316000000285e-01 5.899146014000000715e-01 5.717903368999999181e-01 2.169235491000000016e-01 2.980347494999999736e-01 2.814603718000000532e-01 1.182279687999999718e-01 1.378380013000000126e-01 1.049888876000000248e-01 8.688167687000000194e-01 2.203068294000000149e-01 1.000000000000000000e+00 5.154864110999999305e-01 2.286561195999999851e-01 4.262875486999999630e-01 2.781631856999999819e-01 3.029262392999999554e-01 4.139694666000000023e-01 1.692559271000000365e-01 2.349814158999999902e-01 2.308561358999999813e-01 1.958774394000000196e-01 1.807629594999999867e-01 3.253084778000000510e-01
1.979778586999999535e-01 1.384882538999999690e-01 5.729808359999999379e-02 4.959943889999995914e-02 1.543677280999999901e-01 9.481497729999999180e-02 1.400595393000000355e-01 1.104782211999999486e-01 2.348357348999999816e-01 1.073206792999999992e-01 7.215130179999995619e-02 3.160757619999998713e-02 5.022363409999996975e-02 7.834317390000000714e-02 7.024474640000000214e-02 1.450903934999999700e-01 1.166615613000000495e-01 1.016359162000000094e-01 1.196357407999999456e-01 4.264843260999999774e-01 1.708916446999999561e-01 7.542820859999999072e-02 9.459832050000005488e-02 1.012364524000000099e-01 9.001333379999998385e-02 6.514769109999996033e-02 5.421619840000002633e-02 3.805827461999999883e-01 4.079010803000000518e-01 5.154864110999999305e-01 1.000000000000000000e+00 4.316450410000000071e-01 9.057505281000000075e-01 6.641845091000000423e-01 5.560891921999999710e-01 8.181809075999999514e-01 3.406681455000000192e-01 2.318958236999999478e-01 2.965840307999999537e-01 3.358150201999999807e-01 3.296313888999999886e-01 2.683183610999999580e-01
9.268751099999994469e-02 9.432433770000003825e-02 2.005148479999996347e-02 2.340451700000001356e-02 6.001062030000003933e-02 3.490151919999995300e-02 6.455322109999994673e-02 4.431464200000001519e-02 8.364349339999999078e-02 6.826818219999997162e-02 3.531301180000001594e-02 1.811432260000001015e-02 1.901248219999995825e-02 2.986347769999997404e-02 3.215815659999998744e-02 7.495473230000004872e-02 6.693607390000000379e-02 3.021545640000000699e-02 4.414272460000001619e-02 1.668162651000000274e-01 4.874330370000001800e-02 5.039807699999998558e-02 2.686566879999996438e-02 3.254310869999998967e-02 3.497839260000001893e-02 2.625765639999999568e-02 1.803598939999995210e-02 1.247021598999999981e-01 2.277350471000000320e-01 2.286561195999999851e-01 4.316450410000000071e-01 1.000000000000000000e+00 5.955785624000000666e-01 3.107862325000000370e-01 2.205656441000000134e-01 6.538528393000000438e-01 1.778839126000000270e-01 1.177037774000000425e-01 1.883852674999999532e-01 1.484864947999999796e-01 1.451234263999999774e-01 9.325662619999997016e-02
1.348003990999999679e-01 1.021961661000000410e-01 3.115524650000001117e-02 2.571029960000004166e-02 1.272134005999999706e-01 4.049253639999994547e-02 1.015890850999999762e-01 6.377111020000003627e-02 1.807548195000000524e-01 7.096349099999998966e-02 4.234698339999998229e-02 1.918211940000003057e-02 2.642961290000001018e-02 3.125340960000000390e-02 4.083852860000003471e-02 8.624844109999996178e-02 8.800452869999997318e-02 3.806196679999995780e-02 5.511686729999998313e-02 2.615730699999999631e-01 8.641871580000004549e-02 3.015204090000001003e-02 3.118933049999994545e-02 3.757940400000003844e-02 6.502995980000003673e-02 2.996419620000001505e-02 3.305681429999995924e-02 2.743369560999999734e-01 3.432426949000000338e-01 4.262875486999999630e-01 9.057505281000000075e-01 5.955785624000000666e-01 1.000000000000000000e+00 6.103293182000000261e-01 5.045787590999999406e-01 8.281068731999999821e-01 3.976906172999999933e-01 2.772706423999999892e-01 3.674701394999999593e-01 3.610770616999999794e-01 3.791544067000000018e-01 1.792788904000000016e-01
3.491901665000000099e-01 2.251439053999999551e-01 7.868869249999999038e-02 7.158167319999997336e-02 3.160037593000000200e-01 1.285021511999999699e-01 3.029142861000000408e-01 1.385887458000000239e-01 5.312809545000000133e-01 1.855696304999999713e-01 1.625775633999999581e-01 6.137941110000000311e-02 1.029657918999999922e-01 8.954658620000000013e-02 1.624365503000000377e-01 2.462120367000000254e-01 2.431383608999999613e-01 4.437340440000003827e-02 5.303997299999996251e-02 2.201164928000000076e-01 7.722010889999997296e-02 4.049727410000003580e-02 4.014060519999995691e-02 4.845763329999996927e-02 2.443305834000000232e-01 1.230665009000000421e-01 1.540752815000000497e-01 1.870052620000000054e-01 8.961137341999999562e-01 2.781631856999999819e-01 6.641845091000000423e-01 3.107862325000000370e-01 6.103293182000000261e-01 1.000000000000000000e+00 3.968656481000000236e-01 8.513853299000000430e-01 3.564570801999999983e-01 1.436280659999999987e-01 1.982317023999999872e-01 4.072748513999999709e-01 3.383387065999999832e-01 3.990451000000000414e-01
2.241648215000000555e-01 2.961977864999999488e-01 6.101229330000002005e-02 4.766937339999999246e-02 1.251764456999999719e-01 9.052944490000003341e-02 1.383620959000000372e-01 1.264081379999999477e-01 1.911884206999999725e-01 1.941582152999999922e-01 1.112918419999999742e-01 2.942391629999996372e-02 4.830303219999998454e-02 7.935682330000004558e-02 7.431504270000000023e-02 2.147241409000000267e-01 1.235520929000000212e-01 6.370144379999997941e-02 6.394696929999998947e-02 2.115911156999999987e-01 9.268255250000001499e-02 5.017609320000004924e-02 5.487105199999997573e-02 6.008663309999995317e-02 9.106580500000005518e-02 8.276627729999996852e-02 5.825135130000003159e-02 2.577498084999999550e-01 2.777958939000000349e-01 3.029262392999999554e-01 5.560891921999999710e-01 2.205656441000000134e-01 5.045787590999999406e-01 3.968656481000000236e-01 1.000000000000000000e+00 5.208258447000000402e-01 3.113581278000000507e-01 4.427454654000000378e-01 2.549679555999999625e-01 3.285709528000000379e-01 3.720914705000000211e-01 2.127495951000000218e-01
2.820574081000000177e-01 2.086409836000000517e-01 5.860058450000005248e-02 5.472514220000002094e-02 1.992514517000000263e-01 8.691394019999998388e-02 2.026434783999999656e-01 1.085892987000000032e-01 5.030578400999999866e-01 1.648295699999999808e-01 1.571885535999999473e-01 4.980457329999998795e-02 1.070139007000000531e-01 7.525938610000004747e-02 1.149433624000000265e-01 2.033008324999999727e-01 2.335863653999999956e-01 5.580031850000000126e-02 6.968048609999999421e-02 2.955099471000000033e-01 1.115645949000000359e-01 4.881040010000003981e-02 4.794833529999997790e-02 5.726854579999995920e-02 1.697676366000000492e-01 8.518204389999994852e-02 1.122960941999999740e-01 2.800211625999999843e-01 6.775662768999999308e-01 4.139694666000000023e-01 8.181809075999999514e-01 6.538528393000000438e-01 8.281068731999999821e-01 8.513853299000000430e-01 5.208258447000000402e-01 1.000000000000000000e+00 3.739302179000000281e-01 3.021742334999999446e-01 2.600937293999999733e-01 4.457107512000000327e-01 3.637325852999999665e-01 4.169413680000000344e-01
1.233911446000000023e-01 1.500842122000000112e-01 6.237048509999998380e-02 9.049847050000003890e-02 3.810778317999999887e-01 7.060188000000000574e-02 1.707732953999999692e-01 9.300510900000003023e-02 3.342904822000000165e-01 7.263442760000005105e-02 5.142228810000004646e-02 5.184213630000000794e-02 7.736972429999999790e-02 4.803108850000004093e-02 6.137738650000001961e-02 9.783130299999998059e-02 1.433098127999999916e-01 2.829966080000001494e-02 3.265905780000000203e-02 1.133062425999999956e-01 3.885488420000005050e-02 3.421936110000001197e-02 2.477541949999995108e-02 2.699677919999998732e-02 7.495756050000002002e-02 5.139411839999996623e-02 4.342880120000003341e-02 1.008254583000000038e-01 1.470352342999999840e-01 1.692559271000000365e-01 3.406681455000000192e-01 1.778839126000000270e-01 3.976906172999999933e-01 3.564570801999999983e-01 3.113581278000000507e-01 3.739302179000000281e-01 1.000000000000000000e+00 6.070999594999999527e-01 3.707883907000000256e-01 8.832503389000000427e-01 9.686241762999999727e-01 2.278290890999999929e-01
1.175930903999999888e-01 2.267629849000000197e-01 3.145904190000003986e-02 4.132679049999998799e-02 1.433661541999999844e-01 3.176890549999999980e-02 6.013151159999996498e-02 5.748779439999995855e-02 1.084375391999999882e-01 7.589251539999997132e-02 3.506648000000001097e-02 2.168655149999998422e-02 3.163512830000003717e-02 3.555683740000004089e-02 2.446277969999999247e-02 9.329105439999996197e-02 6.817916339999996467e-02 3.376339750000001416e-02 4.090765809999996616e-02 1.222572755999999927e-01 6.315792170000000816e-02 2.685284939999998954e-02 3.035441350000001037e-02 3.213408809999995785e-02 2.221408479999997798e-02 2.081352540000003248e-02 1.187467320000001880e-02 1.742577416999999684e-01 6.350687239999996958e-02 2.349814158999999902e-01 2.318958236999999478e-01 1.177037774000000425e-01 2.772706423999999892e-01 1.436280659999999987e-01 4.427454654000000378e-01 3.021742334999999446e-01 6.070999594999999527e-01 1.000000000000000000e+00 3.542845069000000180e-01 5.168774675000000762e-01 6.835398120000000244e-01 1.060073053000000209e-01
