1.000000000000000000e+00 2.737592262000000387e-01 1.195488460000000419e-01 3.031393609999999406e-02 6.313776069999998963e-02 6.904719810000004010e-02 5.329440240000005158e-02 1.121546836000000269e-01 5.620268330000000034e-02 7.422106799999994564e-02 5.771095540000004132e-02 2.245140779999998948e-02 3.238700800000005042e-02 3.108918709999997088e-02 2.814396139999997271e-02 8.102261479999994798e-02 6.249697860000003047e-02 3.815549740000001577e-02 3.461177959999994780e-02 7.109995899999999036e-02 2.746876720000002159e-02 2.885530660000001912e-02 3.478990550000005122e-02 2.573363699999997589e-02 4.181737709999999719e-02 3.394908699999998891e-02 2.268563530000000661e-02 7.499289639999995316e-02 1.302149321000000137e-01 4.974387420000003779e-02 2.923726349999999918e-02 1.885977090000001688e-02 1.926523729999995993e-02 4.679601529999999343e-02 2.767036700000002902e-02 3.327718390000000692e-02 2.356344919999997511e-02 2.192031969999996832e-02 2.918775330000000778e-02 2.148728680000000502e-02 1.471508710000002385e-02 3.328926740000004436e-02
2.737592262000000387e-01 1.000000000000000000e+00 6.979981530000001211e-02 3.423973670000002301e-02 4.025111299999994952e-02 6.361738029999997046e-02 3.860033029999998533e-02 8.090399319999996841e-02 4.615214810000001222e-02 2.156774070000000432e-01 1.097339631000000537e-01 2.658762530000002844e-02 4.227442729999997262e-02 6.501620559999998772e-02 3.370574169999995817e-02 1.955104832999999820e-01 9.568362299999999543e-02 6.428737650000004855e-02 4.908529579999998393e-02 4.213708910000002472e-02 4.851904880000001974e-02 3.902857439999996014e-02 5.485551030000002104e-02 4.393480120000003986e-02 3.953325429999998697e-02 4.626731849999998758e-02 2.364626700000005410e-02 4.325653799999995552e-02 8.344996620000000309e-02 3.105261869999997870e-02 2.175816829999999147e-02 2.971560669999995241e-02 1.437329850000002018e-02 2.997959630000002207e-02 8.120840920000005347e-02 2.503755149999997709e-02 3.459119259999998697e-02 8.762271590000003663e-02 2.899237880000005152e-02 3.555331839999997801e-02 3.212664620000005300e-02 2.378045679999996054e-02
1.195488460000000419e-01 6.979981530000001211e-02 1.000000000000000000e+00 2.196977706999999613e-01 1.160325848000000049e-01 5.220712500000002088e-02 5.624506149999997096e-02 1.529770971999999674e-01 2.390234800000001769e-02 1.270345993999999479e-01 7.330443880000003798e-02 1.183410628000000075e-01 1.659128801999999459e-01 4.422939889999999430e-02 4.292126480000002520e-02 8.857932199999996037e-02 7.566337379999998891e-02 5.596049339999997763e-02 3.268763340000002682e-02 2.338975310000002139e-02 2.290524199999999233e-02 4.771698229999998819e-02 4.523693920000004809e-02 2.669741950000004138e-02 2.263257620000003190e-02 3.216280419999995033e-02 1.784120509999997939e-02 1.878156959999999209e-02 1.759695299999997076e-02 2.745687350000003413e-02 1.107525249999996575e-02 3.681148600000017090e-03 4.174973799999981416e-03 1.005155449999994843e-02 9.747066400000004016e-03 6.289626599999986745e-03 1.141545509999997154e-02 5.608390899999982082e-03 3.450577170000002081e-02 8.883320799999983031e-03 5.590588799999962610e-03 4.167075340000003791e-02
3.031393609999999406e-02 3.423973670000002301e-02 2.196977706999999613e-01 1.000000000000000000e+00 9.504337709999999273e-02 1.282580108999999968e-01 9.741569809999994778e-02 1.321516918999999790e-01 2.283657470000000078e-02 7.791675629999994523e-02 5.775877389999994893e-02 3.066180916999999839e-01 1.899750354999999447e-01 9.553135130000001141e-02 1.175388268000000513e-01 4.935246260000003549e-02 4.802906520000005397e-02 1.042432645999999963e-01 6.736545949999994676e-02 3.335564440000005071e-02 4.848159050000000470e-02 2.014405725000000258e-01 9.334288049999994730e-02 5.764186110000002472e-02 9.052389009999994851e-02 7.186843689999999896e-02 7.117772440000003087e-02 1.808553219999997630e-02 1.182064289999995577e-02 1.391994919999994806e-02 6.189316900000019217e-03 4.325714200000052578e-03 3.286867100000034903e-03 7.012456799999955415e-03 4.883957300000019153e-03 6.133756600000039860e-03 2.601965979999998346e-02 1.219329059999996190e-02 1.006140759999996082e-02 1.587519289999994587e-02 8.756376400000043247e-03 3.405360420000003163e-02
6.313776069999998963e-02 4.025111299999994952e-02 1.160325848000000049e-01 9.504337709999999273e-02 1.000000000000000000e+00 1.454592212999999967e-01 1.883389761000000551e-01 5.505467019999998879e-02 8.222177539999997453e-02 4.057849049999995295e-02 3.713285659999998600e-02 5.269630150000004232e-02 9.067704190000003273e-02 3.901370429999995171e-02 5.466446130000002235e-02 3.526346489999998557e-02 9.705845170000004796e-02 3.519655690000000892e-02 2.107261819999994845e-02 2.139689550000001272e-02 1.767719260000000236e-02 2.798225160000000766e-02 3.630360340000005070e-02 2.221174790000002286e-02 8.212762849999999393e-02 4.946580060000005385e-02 4.125093790000000649e-02 1.231827320000000725e-02 2.699731429999996379e-02 2.366260279999998772e-02 2.499118840000003061e-02 1.101072469999997416e-02 1.847954200000001546e-02 6.518640799999997348e-02 1.143384410000003459e-02 1.626900019999999447e-02 1.154519265000000239e-01 2.981780749999995983e-02 1.406129219999996405e-02 5.255962910000000488e-02 3.942398270000002647e-02 3.135038400000000891e-02
6.904719810000004010e-02 6.361738029999997046e-02 5.220712500000002088e-02 1.282580108999999968e-01 1.454592212999999967e-01 1.000000000000000000e+00 2.999755862999999856e-01 1.766948806000000483e-01 2.260253879999996052e-02 5.201651640000004573e-02 3.982859630000001872e-02 5.694870740000002041e-02 5.397629520000002401e-02 1.782754976000000546e-01 1.808091818000000517e-01 8.862503570000002107e-02 5.183323679999995992e-02 2.747884889999999691e-01 1.574384385000000552e-01 9.706744320000004755e-02 1.035914064999999828e-01 1.653348116999999728e-01 2.439172226000000387e-01 1.460831711000000199e-01 2.748046109999999764e-01 2.657305098000000143e-01 1.901192703999999845e-01 5.201929969999996572e-02 2.807444029999994761e-02 3.327697249999994611e-02 1.673266360000003061e-02 1.045076349999995990e-02 5.111472499999991648e-03 1.868957579999996899e-02 2.471912880000004531e-02 9.906327699999994962e-03 1.807059970000002291e-02 5.625728099999949272e-03 1.437434140000004579e-02 1.647633950000004788e-02 5.867252800000000157e-03 7.055915160000003628e-02
5.329440240000005158e-02 3.860033029999998533e-02 5.624506149999997096e-02 9.741569809999994778e-02 1.883389761000000551e-01 2.999755862999999856e-01 1.000000000000000000e+00 8.875184260000001935e-02 5.117053260000004045e-02 4.368423740000004774e-02 2.911468019999996493e-02 5.635106940000000897e-02 4.225312869999997556e-02 7.231769119999997830e-02 1.196284851000000149e-01 4.736213609999995189e-02 6.719051629999994724e-02 5.084812660000004314e-02 3.707927870000005122e-02 3.835909309999996353e-02 2.626571200000005213e-02 5.300721900000004982e-02 4.776702209999994508e-02 3.431195139999998478e-02 2.386136130999999549e-01 1.212540527000000035e-01 1.082449517000000361e-01 1.407441730000003055e-02 7.392183559999998543e-02 2.634708029999999201e-02 2.521968740000002374e-02 1.615220729999999882e-02 1.771494539999995954e-02 6.983179380000004155e-02 2.485712579999999061e-02 2.347828220000003352e-02 4.306590860000003573e-02 1.390495810000003107e-02 1.039691959999999860e-02 4.231897890000002604e-02 1.594475490000002438e-02 3.258487359999995281e-02
1.121546836000000269e-01 8.090399319999996841e-02 1.529770971999999674e-01 1.321516918999999790e-01 5.505467019999998879e-02 1.766948806000000483e-01 8.875184260000001935e-02 1.000000000000000000e+00 1.958367969999996738e-02 6.242576160000001817e-02 4.713011820000001517e-02 6.177194699999999372e-02 5.459309879999996173e-02 8.003645339999998498e-02 6.808294979999995888e-02 6.095148920000004189e-02 3.928360419999998854e-02 9.010890760000000999e-02 5.848032550000004104e-02 3.211969859999996846e-02 3.932450239999996100e-02 6.240196239999995509e-02 8.164052190000004039e-02 4.448734369999995941e-02 6.225997800000004911e-02 6.765596210000002220e-02 4.333217010000001146e-02 2.872003800000000329e-02 1.859012169999996189e-02 2.807184250000005488e-02 1.293130870000003263e-02 6.240213600000044103e-03 7.131920600000007937e-03 1.296346360000000253e-02 1.122319069999999641e-02 9.032037200000009314e-03 9.056391999999968689e-03 6.922907500000019532e-03 2.379274269999998026e-02 1.238182919999997189e-02 5.859591999999969048e-03 2.735731029999999286e-02
5.620268330000000034e-02 4.615214810000001222e-02 2.390234800000001769e-02 2.283657470000000078e-02 8.222177539999997453e-02 2.260253879999996052e-02 5.117053260000004045e-02 1.958367969999996738e-02 1.000000000000000000e+00 7.121474210000000582e-02 1.000340211000000368e-01 2.722663489999999076e-02 1.182801978999999948e-01 2.070344989999994834e-02 2.773687390000001418e-02 4.898168719999995702e-02 1.094564358999999820e-01 1.399342270000003552e-02 9.462466000000002708e-03 2.460661870000002693e-02 1.687711609999997808e-02 7.978738399999962816e-03 1.503754020000003244e-02 9.125383500000028292e-03 5.224880519999997031e-02 1.582895809999995684e-02 2.750766829999995444e-02 2.080508550000004231e-02 1.244496481000000321e-01 1.676054869999998864e-02 5.055283139999999786e-02 1.806562010000001273e-02 2.769569000000005055e-02 1.179684793999999926e-01 3.267519799999996089e-02 1.155868781000000123e-01 6.902376340000004884e-02 1.790512749999995101e-02 1.896356659999998140e-02 2.690453329999999976e-01 5.087856339999996536e-02 1.711022369000000376e-01
7.422106799999994564e-02 2.156774070000000432e-01 1.270345993999999479e-01 7.791675629999994523e-02 4.057849049999995295e-02 5.201651640000004573e-02 4.368423740000004774e-02 6.242576160000001817e-02 7.121474210000000582e-02 1.000000000000000000e+00 3.079703654000000013e-01 6.122938639999997434e-02 9.390245699999999474e-02 7.128619000000002703e-02 4.566461600000004672e-02 2.356752970000000058e-01 1.427634582000000263e-01 6.456453510000004226e-02 3.883359809999997747e-02 2.299284450000005364e-02 4.029739450000002776e-02 5.724889499999996634e-02 5.521635930000001746e-02 4.143551170000003836e-02 3.419916540000000893e-02 4.996516439999998394e-02 2.308076179999996036e-02 4.236657789999997981e-02 5.101208879999996615e-02 2.331645969999995849e-02 1.869187329999999481e-02 2.102149890000004628e-02 1.207569100000005502e-02 2.997894950000001835e-02 4.702514369999999388e-02 1.877921439999996611e-02 1.025882000000000183e-02 1.655991769999998198e-02 1.048963069999997444e-02 3.063832570000002420e-02 1.143707589999998220e-02 2.026105150000001576e-02
5.771095540000004132e-02 1.097339631000000537e-01 7.330443880000003798e-02 5.775877389999994893e-02 3.713285659999998600e-02 3.982859630000001872e-02 2.911468019999996493e-02 4.713011820000001517e-02 1.000340211000000368e-01 3.079703654000000013e-01 1.000000000000000000e+00 8.379045939999996140e-02 1.765075650999999857e-01 4.937546329999997763e-02 4.213439649999994874e-02 1.095111559000000456e-01 2.737535346999999675e-01 5.194690449999994630e-02 2.802702540000001630e-02 1.696128949999997637e-02 3.780116990000004229e-02 3.068290190000000361e-02 5.577569350000000092e-02 3.140549579999996066e-02 2.699370860000005479e-02 3.629388150000001367e-02 1.705610189999995363e-02 1.716792330000005418e-02 3.844681620000001132e-02 1.315956569999998660e-02 1.148221689999995299e-02 6.720319200000046678e-03 6.420171100000038322e-03 2.266326169999999252e-02 1.490751079999996787e-02 2.496407739999995101e-02 6.528241699999992598e-03 5.990994899999990686e-03 5.363392699999969260e-03 1.894054749999996012e-02 6.455238100000038060e-03 2.132247740000003944e-02
2.245140779999998948e-02 2.658762530000002844e-02 1.183410628000000075e-01 3.066180916999999839e-01 5.269630150000004232e-02 5.694870740000002041e-02 5.635106940000000897e-02 6.177194699999999372e-02 2.722663489999999076e-02 6.122938639999997434e-02 8.379045939999996140e-02 1.000000000000000000e+00 1.757523130000000489e-01 7.423639729999997883e-02 1.828882461999999931e-01 3.365319470000005531e-02 5.974365469999998179e-02 4.569227689999999509e-02 2.468104329999998292e-02 1.696208860000003593e-02 2.313036250000000127e-02 7.931433470000004426e-02 4.856647290000004613e-02 2.493927890000002812e-02 5.649993159999999737e-02 3.000152300000002992e-02 2.751915760000001043e-02 9.845461299999969107e-03 1.395721670000005243e-02 7.214320200000012839e-03 4.360930000000040607e-03 4.753630700000011089e-03 3.298036100000012460e-03 8.594849900000034459e-03 3.433157400000053094e-03 4.600190300000028820e-03 8.532597600000024762e-03 4.715726100000039445e-03 4.485294600000022669e-03 6.195571300000035642e-03 3.009762799999982086e-03 1.506614829999997074e-02
3.238700800000005042e-02 4.227442729999997262e-02 1.659128801999999459e-01 1.899750354999999447e-01 9.067704190000003273e-02 5.397629520000002401e-02 4.225312869999997556e-02 5.459309879999996173e-02 1.182801978999999948e-01 9.390245699999999474e-02 1.765075650999999857e-01 1.757523130000000489e-01 1.000000000000000000e+00 8.937014679999999434e-02 8.939995820000001814e-02 5.215114750000005017e-02 9.013839170000004231e-02 7.102615410000001628e-02 3.584627179999999580e-02 2.578255080000002586e-02 3.607226330000001813e-02 5.326377169999996219e-02 7.886753390000000863e-02 3.908421009999996087e-02 4.795979029999997145e-02 2.976990530000001023e-02 2.228928900000004543e-02 1.335906369999995125e-02 1.586226319999994860e-02 9.367269299999980703e-03 5.774235399999994023e-03 3.783977500000035299e-03 3.863646899999961803e-03 9.901205499999954363e-03 5.289351399999975278e-03 1.209041140000000070e-02 1.616657389999998085e-02 6.905036100000039312e-03 8.357767000000015933e-03 1.964996969999999177e-02 5.296215700000050930e-03 4.816545199999999749e-02
3.108918709999997088e-02 6.501620559999998772e-02 4.422939889999999430e-02 9.553135130000001141e-02 3.901370429999995171e-02 1.782754976000000546e-01 7.231769119999997830e-02 8.003645339999998498e-02 2.070344989999994834e-02 7.128619000000002703e-02 4.937546329999997763e-02 7.423639729999997883e-02 8.937014679999999434e-02 1.000000000000000000e+00 1.983974254999999465e-01 9.605861790000003175e-02 3.273555579999998244e-02 1.927256753999999628e-01 1.051321535000000473e-01 5.805477000000003329e-02 1.111760027000000539e-01 1.099488145000000472e-01 1.856923363000000382e-01 8.700529229999998115e-02 1.359002918999999698e-01 7.349286909999996897e-02 5.811679270000003061e-02 4.197963760000000821e-02 1.420928779999997005e-02 2.562524259999998666e-02 7.545163299999990691e-03 5.293732599999989574e-03 3.135976900000003731e-03 8.008653099999984981e-03 8.143191900000013028e-03 6.079217300000050450e-03 5.374474799999973129e-03 5.709760799999963332e-03 7.645012000000006580e-03 1.005555599999996552e-02 3.014248399999974737e-03 6.211287350000005425e-02
2.814396139999997271e-02 3.370574169999995817e-02 4.292126480000002520e-02 1.175388268000000513e-01 5.466446130000002235e-02 1.808091818000000517e-01 1.196284851000000149e-01 6.808294979999995888e-02 2.773687390000001418e-02 4.566461600000004672e-02 4.213439649999994874e-02 1.828882461999999931e-01 8.939995820000001814e-02 1.983974254999999465e-01 1.000000000000000000e+00 6.886662610000005014e-02 4.349522019999996214e-02 8.758891989999995076e-02 4.961254869999998096e-02 3.066489149999995778e-02 4.790981839999997050e-02 6.387587610000000637e-02 8.265118979999996895e-02 5.148984729999994681e-02 2.301456828000000288e-01 9.026196669999997368e-02 9.572131080000001457e-02 1.784916469999997535e-02 3.526106849999999238e-02 1.385761870000001839e-02 6.638189100000024823e-03 6.480285800000040730e-03 4.876197600000020671e-03 1.463154339999994669e-02 7.317680899999956523e-03 8.977414500000002739e-03 6.111322800000040800e-03 4.229195800000029593e-03 5.160679700000003756e-03 1.053447689999997827e-02 2.791849900000031859e-03 2.299330970000001972e-02
8.102261479999994798e-02 1.955104832999999820e-01 8.857932199999996037e-02 4.935246260000003549e-02 3.526346489999998557e-02 8.862503570000002107e-02 4.736213609999995189e-02 6.095148920000004189e-02 4.898168719999995702e-02 2.356752970000000058e-01 1.095111559000000456e-01 3.365319470000005531e-02 5.215114750000005017e-02 9.605861790000003175e-02 6.886662610000005014e-02 1.000000000000000000e+00 8.217169759999998213e-02 1.007211055000000188e-01 6.070717100000000421e-02 4.055281499999996431e-02 5.393926360000000919e-02 5.368133060000002121e-02 8.591681200000000906e-02 5.096393830000001124e-02 8.080429590000004492e-02 6.162104079999997097e-02 3.886032729999999713e-02 4.096897539999999616e-02 5.358270359999994792e-02 2.511791720000000616e-02 1.903529790000002553e-02 1.306146770000005120e-02 7.561730499999974597e-03 3.571089949999994850e-02 1.936584939999996813e-02 2.271593169999996942e-02 1.516122620000004417e-02 1.287531600000002552e-02 9.360448400000054292e-03 1.937474049999998726e-02 8.774646200000013607e-03 6.160132890000002970e-02
6.249697860000003047e-02 9.568362299999999543e-02 7.566337379999998891e-02 4.802906520000005397e-02 9.705845170000004796e-02 5.183323679999995992e-02 6.719051629999994724e-02 3.928360419999998854e-02 1.094564358999999820e-01 1.427634582000000263e-01 2.737535346999999675e-01 5.974365469999998179e-02 9.013839170000004231e-02 3.273555579999998244e-02 4.349522019999996214e-02 8.217169759999998213e-02 1.000000000000000000e+00 3.288733239999996893e-02 2.621131320000003040e-02 1.918235099999998639e-02 2.242728849999997554e-02 2.600347739999997465e-02 3.423246810000002416e-02 2.159932030000000225e-02 3.547853739999995426e-02 3.407070540000001202e-02 2.397809459999999948e-02 1.965550490000000927e-02 3.697027900000005030e-02 1.819093220000000954e-02 1.835379010000004474e-02 1.694278289999995302e-02 1.415630590000005462e-02 3.969140599999998464e-02 1.421444100000002209e-02 3.710573380000004029e-02 3.284771840000000331e-02 1.220183819999998143e-02 1.409227940000001844e-02 3.617781070000003485e-02 1.990617080000001149e-02 3.420507750000001401e-02
3.815549740000001577e-02 6.428737650000004855e-02 5.596049339999997763e-02 1.042432645999999963e-01 3.519655690000000892e-02 2.747884889999999691e-01 5.084812660000004314e-02 9.010890760000000999e-02 1.399342270000003552e-02 6.456453510000004226e-02 5.194690449999994630e-02 4.569227689999999509e-02 7.102615410000001628e-02 1.927256753999999628e-01 8.758891989999995076e-02 1.007211055000000188e-01 3.288733239999996893e-02 1.000000000000000000e+00 3.873786862000000442e-01 1.958922645999999768e-01 3.009082128000000189e-01 2.751974590000000331e-01 5.635517897999999803e-01 2.989193385999999730e-01 4.891265310000003641e-02 1.157671005999999503e-01 8.149271039999994581e-02 1.538959692000000379e-01 1.202641449999997114e-02 7.707303909999996261e-02 2.271265670000000014e-02 8.588332300000001140e-03 5.503198899999950378e-03 6.649994300000017233e-03 1.076223970000000918e-02 7.136438299999992019e-03 5.035943800000053372e-03 1.041102279999994717e-02 1.237157290000001630e-02 7.294767099999988069e-03 3.233564800000032768e-03 1.826820136000000261e-01
3.461177959999994780e-02 4.908529579999998393e-02 3.268763340000002682e-02 6.736545949999994676e-02 2.107261819999994845e-02 1.574384385000000552e-01 3.707927870000005122e-02 5.848032550000004104e-02 9.462466000000002708e-03 3.883359809999997747e-02 2.802702540000001630e-02 2.468104329999998292e-02 3.584627179999999580e-02 1.051321535000000473e-01 4.961254869999998096e-02 6.070717100000000421e-02 2.621131320000003040e-02 3.873786862000000442e-01 1.000000000000000000e+00 1.564752998999999756e-01 1.893907599999999913e-01 1.773844302999999512e-01 3.211844547000000105e-01 2.465551418000000439e-01 3.117794240000004713e-02 8.705412000000001260e-02 5.448311750000001119e-02 8.068026409999995430e-02 1.171887380000002921e-02 4.442298580000003660e-02 2.767474089999999443e-02 1.581719479999998956e-02 1.753286939999998406e-02 7.669332999999944889e-03 9.709997400000003331e-03 1.240886200000002049e-02 5.981952099999965355e-03 1.252752930000000653e-02 1.154485409999994605e-02 6.942777899999974522e-03 4.543897999999990667e-03 1.091062420999999727e-01
7.109995899999999036e-02 4.213708910000002472e-02 2.338975310000002139e-02 3.335564440000005071e-02 2.139689550000001272e-02 9.706744320000004755e-02 3.835909309999996353e-02 3.211969859999996846e-02 2.460661870000002693e-02 2.299284450000005364e-02 1.696128949999997637e-02 1.696208860000003593e-02 2.578255080000002586e-02 5.805477000000003329e-02 3.066489149999995778e-02 4.055281499999996431e-02 1.918235099999998639e-02 1.958922645999999768e-01 1.564752998999999756e-01 1.000000000000000000e+00 1.454923728000000471e-01 9.039084929999996465e-02 1.777131383000000175e-01 1.015188059999999615e-01 3.085235139999997767e-02 3.524689930000002303e-02 2.625518130000004113e-02 1.631930809999999621e-01 3.926391600000000981e-02 9.816512379999997595e-02 1.180811494000000295e-01 4.735259250000001252e-02 3.463733209999997342e-02 2.676217589999996260e-02 2.576752900000001123e-02 3.607092889999996554e-02 1.801054420000003375e-02 2.649209330000001916e-02 4.620559960000003574e-02 2.252589059999998700e-02 1.342589490000001273e-02 4.937397519999997542e-02
2.746876720000002159e-02 4.851904880000001974e-02 2.290524199999999233e-02 4.848159050000000470e-02 1.767719260000000236e-02 1.035914064999999828e-01 2.626571200000005213e-02 3.932450239999996100e-02 1.687711609999997808e-02 4.029739450000002776e-02 3.780116990000004229e-02 2.313036250000000127e-02 3.607226330000001813e-02 1.111760027000000539e-01 4.790981839999997050e-02 5.393926360000000919e-02 2.242728849999997554e-02 3.009082128000000189e-01 1.893907599999999913e-01 1.454923728000000471e-01 1.000000000000000000e+00 1.076993147000000484e-01 2.793234558999999617e-01 1.583451209999999776e-01 5.313171750000000859e-02 4.785401060000005202e-02 4.262459900000004076e-02 1.459904545000000331e-01 1.563291069999994676e-02 2.022725341000000121e-01 2.187171200000004312e-02 9.073234599999979721e-03 1.103894299999996775e-02 9.784773999999996086e-03 1.323278549999995501e-02 1.223929589999994683e-02 5.266585099999998576e-03 1.261955049999996525e-02 1.100132700000000519e-02 1.249589650000004770e-02 6.461018600000034695e-03 7.242891409999996366e-02
2.885530660000001912e-02 3.902857439999996014e-02 4.771698229999998819e-02 2.014405725000000258e-01 2.798225160000000766e-02 1.653348116999999728e-01 5.300721900000004982e-02 6.240196239999995509e-02 7.978738399999962816e-03 5.724889499999996634e-02 3.068290190000000361e-02 7.931433470000004426e-02 5.326377169999996219e-02 1.099488145000000472e-01 6.387587610000000637e-02 5.368133060000002121e-02 2.600347739999997465e-02 2.751974590000000331e-01 1.773844302999999512e-01 9.039084929999996465e-02 1.076993147000000484e-01 1.000000000000000000e+00 2.519709896999999810e-01 1.321885077000000130e-01 5.102317820000001891e-02 1.048097988999999730e-01 6.443801660000003650e-02 6.755149339999999558e-02 7.338670200000008137e-03 2.484550450000000410e-02 8.076425000000053700e-03 2.044306740000001454e-02 3.679454599999965048e-03 4.047782500000041139e-03 5.541614800000038699e-03 4.508520499999946196e-03 4.385222999999993654e-03 4.251028300000014859e-03 8.616798699999983491e-03 5.112183900000011327e-03 2.140493800000031754e-03 5.956656339999999439e-02
3.478990550000005122e-02 5.485551030000002104e-02 4.523693920000004809e-02 9.334288049999994730e-02 3.630360340000005070e-02 2.439172226000000387e-01 4.776702209999994508e-02 8.164052190000004039e-02 1.503754020000003244e-02 5.521635930000001746e-02 5.577569350000000092e-02 4.856647290000004613e-02 7.886753390000000863e-02 1.856923363000000382e-01 8.265118979999996895e-02 8.591681200000000906e-02 3.423246810000002416e-02 5.635517897999999803e-01 3.211844547000000105e-01 1.777131383000000175e-01 2.793234558999999617e-01 2.519709896999999810e-01 1.000000000000000000e+00 2.722307941999999592e-01 4.601548799999999328e-02 9.136297360000000811e-02 6.600581380000003495e-02 1.320670215999999453e-01 1.037404949999998216e-02 6.778468739999998771e-02 1.885352780000004724e-02 6.517063200000006162e-03 4.865737399999958690e-03 5.606555199999974093e-03 9.389226999999999990e-03 6.595915500000049114e-03 4.023502200000028672e-03 7.645758600000052141e-03 1.072832219999997339e-02 5.775803699999970675e-03 2.610237500000001098e-03 1.165879254999999670e-01
2.573363699999997589e-02 4.393480120000003986e-02 2.669741950000004138e-02 5.764186110000002472e-02 2.221174790000002286e-02 1.460831711000000199e-01 3.431195139999998478e-02 4.448734369999995941e-02 9.125383500000028292e-03 4.143551170000003836e-02 3.140549579999996066e-02 2.493927890000002812e-02 3.908421009999996087e-02 8.700529229999998115e-02 5.148984729999994681e-02 5.096393830000001124e-02 2.159932030000000225e-02 2.989193385999999730e-01 2.465551418000000439e-01 1.015188059999999615e-01 1.583451209999999776e-01 1.321885077000000130e-01 2.722307941999999592e-01 1.000000000000000000e+00 3.709161979999997527e-02 7.348995309999994952e-02 4.357290800000002129e-02 5.461547799999999508e-02 8.790488100000048988e-03 3.700807770000003050e-02 1.478157920000000569e-02 6.513274400000046427e-03 4.762311599999957679e-03 5.758381399999956685e-03 8.239170299999987179e-03 5.235879400000031936e-03 3.491589699999964047e-03 5.773152700000006021e-03 6.176950099999967136e-03 4.195372099999983284e-03 2.410035799999987738e-03 6.295506640000003706e-02
4.181737709999999719e-02 3.953325429999998697e-02 2.263257620000003190e-02 9.052389009999994851e-02 8.212762849999999393e-02 2.748046109999999764e-01 2.386136130999999549e-01 6.225997800000004911e-02 5.224880519999997031e-02 3.419916540000000893e-02 2.699370860000005479e-02 5.649993159999999737e-02 4.795979029999997145e-02 1.359002918999999698e-01 2.301456828000000288e-01 8.080429590000004492e-02 3.547853739999995426e-02 4.891265310000003641e-02 3.117794240000004713e-02 3.085235139999997767e-02 5.313171750000000859e-02 5.102317820000001891e-02 4.601548799999999328e-02 3.709161979999997527e-02 1.000000000000000000e+00 2.236179162000000442e-01 3.610891953000000543e-01 1.237572190000002514e-02 9.674714419999996817e-02 2.801286049999995864e-02 1.783222129999995076e-02 8.375118999999986436e-03 1.548594469999997614e-02 5.181653949999998066e-02 1.790228120000003642e-02 3.355388520000002206e-02 1.786662809999994828e-02 5.205304800000032373e-03 7.571594299999984123e-03 2.058996899999998575e-02 6.285976000000026431e-03 1.918172610000001832e-02
3.394908699999998891e-02 4.626731849999998758e-02 3.216280419999995033e-02 7.186843689999999896e-02 4.946580060000005385e-02 2.657305098000000143e-01 1.212540527000000035e-01 6.765596210000002220e-02 1.582895809999995684e-02 4.996516439999998394e-02 3.629388150000001367e-02 3.000152300000002992e-02 2.976990530000001023e-02 7.349286909999996897e-02 9.026196669999997368e-02 6.162104079999997097e-02 3.407070540000001202e-02 1.157671005999999503e-01 8.705412000000001260e-02 3.524689930000002303e-02 4.785401060000005202e-02 1.048097988999999730e-01 9.136297360000000811e-02 7.348995309999994952e-02 2.236179162000000442e-01 1.000000000000000000e+00 2.578615015999999871e-01 1.833940150000001879e-02 2.086690270000002290e-02 1.902679590000000420e-02 7.097326000000014901e-03 4.231245499999980453e-03 3.245186300000035828e-03 1.128454389999999918e-02 9.283175900000051328e-03 7.153056499999976836e-03 5.737695600000036755e-03 3.087348400000022863e-03 4.486594700000012814e-03 6.977019699999975622e-03 2.252591500000011848e-03 2.862969989999997189e-02
2.268563530000000661e-02 2.364626700000005410e-02 1.784120509999997939e-02 7.117772440000003087e-02 4.125093790000000649e-02 1.901192703999999845e-01 1.082449517000000361e-01 4.333217010000001146e-02 2.750766829999995444e-02 2.308076179999996036e-02 1.705610189999995363e-02 2.751915760000001043e-02 2.228928900000004543e-02 5.811679270000003061e-02 9.572131080000001457e-02 3.886032729999999713e-02 2.397809459999999948e-02 8.149271039999994581e-02 5.448311750000001119e-02 2.625518130000004113e-02 4.262459900000004076e-02 6.443801660000003650e-02 6.600581380000003495e-02 4.357290800000002129e-02 3.610891953000000543e-01 2.578615015999999871e-01 1.000000000000000000e+00 1.327203850000002738e-02 3.626072930000001637e-02 1.377553129999997683e-02 6.694142800000024707e-03 3.520151399999948971e-03 4.324698200000032244e-03 1.740447950000001409e-02 7.512052699999993699e-03 1.146385319999998487e-02 5.979177199999963221e-03 2.340237400000000356e-03 3.461465700000054824e-03 7.642544900000047825e-03 2.168632399999981253e-03 2.076925579999999716e-02
7.499289639999995316e-02 4.325653799999995552e-02 1.878156959999999209e-02 1.808553219999997630e-02 1.231827320000000725e-02 5.201929969999996572e-02 1.407441730000003055e-02 2.872003800000000329e-02 2.080508550000004231e-02 4.236657789999997981e-02 1.716792330000005418e-02 9.845461299999969107e-03 1.335906369999995125e-02 4.197963760000000821e-02 1.784916469999997535e-02 4.096897539999999616e-02 1.965550490000000927e-02 1.538959692000000379e-01 8.068026409999995430e-02 1.631930809999999621e-01 1.459904545000000331e-01 6.755149339999999558e-02 1.320670215999999453e-01 5.461547799999999508e-02 1.237572190000002514e-02 1.833940150000001879e-02 1.327203850000002738e-02 1.000000000000000000e+00 7.052568879999998597e-02 3.114057636999999490e-01 1.078964782000000344e-01 4.200534560000002138e-02 7.535256840000004175e-02 2.958757209999995919e-02 7.075255599999996647e-02 4.961611880000005304e-02 2.143006589999996159e-02 6.715951350000004538e-02 5.717114840000003806e-02 3.894430879999999373e-02 2.374648769999998521e-02 6.040635589999998611e-02
1.302149321000000137e-01 8.344996620000000309e-02 1.759695299999997076e-02 1.182064289999995577e-02 2.699731429999996379e-02 2.807444029999994761e-02 7.392183559999998543e-02 1.859012169999996189e-02 1.244496481000000321e-01 5.101208879999996615e-02 3.844681620000001132e-02 1.395721670000005243e-02 1.586226319999994860e-02 1.420928779999997005e-02 3.526106849999999238e-02 5.358270359999994792e-02 3.697027900000005030e-02 1.202641449999997114e-02 1.171887380000002921e-02 3.926391600000000981e-02 1.563291069999994676e-02 7.338670200000008137e-03 1.037404949999998216e-02 8.790488100000048988e-03 9.674714419999996817e-02 2.086690270000002290e-02 3.626072930000001637e-02 7.052568879999998597e-02 1.000000000000000000e+00 5.836251699999994713e-02 1.318687603999999514e-01 1.000451677000000483e-01 1.064953220000000034e-01 2.778107708000000509e-01 7.882059679999997570e-02 1.705329003000000121e-01 4.536937340000002372e-02 1.704621979999998427e-02 3.967621119999997781e-02 4.083197709999997205e-02 4.612978739999995526e-02 6.731484639999996133e-02
4.974387420000003779e-02 3.105261869999997870e-02 2.745687350000003413e-02 1.391994919999994806e-02 2.366260279999998772e-02 3.327697249999994611e-02 2.634708029999999201e-02 2.807184250000005488e-02 1.676054869999998864e-02 2.331645969999995849e-02 1.315956569999998660e-02 7.214320200000012839e-03 9.367269299999980703e-03 2.562524259999998666e-02 1.385761870000001839e-02 2.511791720000000616e-02 1.819093220000000954e-02 7.707303909999996261e-02 4.442298580000003660e-02 9.816512379999997595e-02 2.022725341000000121e-01 2.484550450000000410e-02 6.778468739999998771e-02 3.700807770000003050e-02 2.801286049999995864e-02 1.902679590000000420e-02 1.377553129999997683e-02 3.114057636999999490e-01 5.836251699999994713e-02 1.000000000000000000e+00 1.367755781999999698e-01 7.467700600000004574e-02 1.062833708000000543e-01 4.348767890000004854e-02 4.933512589999999864e-02 6.725772740000002248e-02 3.300155940000004673e-02 7.366088640000001408e-02 6.909509719999995525e-02 3.806959340000004577e-02 2.854063589999999984e-02 4.121026969999996847e-02
2.923726349999999918e-02 2.175816829999999147e-02 1.107525249999996575e-02 6.189316900000019217e-03 2.499118840000003061e-02 1.673266360000003061e-02 2.521968740000002374e-02 1.293130870000003263e-02 5.055283139999999786e-02 1.869187329999999481e-02 1.148221689999995299e-02 4.360930000000040607e-03 5.774235399999994023e-03 7.545163299999990691e-03 6.638189100000024823e-03 1.903529790000002553e-02 1.835379010000004474e-02 2.271265670000000014e-02 2.767474089999999443e-02 1.180811494000000295e-01 2.187171200000004312e-02 8.076425000000053700e-03 1.885352780000004724e-02 1.478157920000000569e-02 1.783222129999995076e-02 7.097326000000014901e-03 6.694142800000024707e-03 1.078964782000000344e-01 1.318687603999999514e-01 1.367755781999999698e-01 1.000000000000000000e+00 1.439473497000000046e-01 3.197878639000000245e-01 1.514981036000000447e-01 1.593083619999999812e-01 1.707870206999999585e-01 8.969712019999998009e-02 6.271072639999997200e-02 8.708773670000002909e-02 7.567853049999995196e-02 6.674712279999994724e-02 3.975274790000005165e-02
1.885977090000001688e-02 2.971560669999995241e-02 3.681148600000017090e-03 4.325714200000052578e-03 1.101072469999997416e-02 1.045076349999995990e-02 1.615220729999999882e-02 6.240213600000044103e-03 1.806562010000001273e-02 2.102149890000004628e-02 6.720319200000046678e-03 4.753630700000011089e-03 3.783977500000035299e-03 5.293732599999989574e-03 6.480285800000040730e-03 1.306146770000005120e-02 1.694278289999995302e-02 8.588332300000001140e-03 1.581719479999998956e-02 4.735259250000001252e-02 9.073234599999979721e-03 2.044306740000001454e-02 6.517063200000006162e-03 6.513274400000046427e-03 8.375118999999986436e-03 4.231245499999980453e-03 3.520151399999948971e-03 4.200534560000002138e-02 1.000451677000000483e-01 7.467700600000004574e-02 1.439473497000000046e-01 1.000000000000000000e+00 2.346260982000000217e-01 6.772471250000000609e-02 5.636690860000004299e-02 1.703980305000000195e-01 6.069255179999999417e-02 4.501498439999995771e-02 7.790871820000000447e-02 4.076001269999995902e-02 3.225710489999999986e-02 1.528698900000002858e-02
1.926523729999995993e-02 1.437329850000002018e-02 4.174973799999981416e-03 3.286867100000034903e-03 1.847954200000001546e-02 5.111472499999991648e-03 1.771494539999995954e-02 7.131920600000007937e-03 2.769569000000005055e-02 1.207569100000005502e-02 6.420171100000038322e-03 3.298036100000012460e-03 3.863646899999961803e-03 3.135976900000003731e-03 4.876197600000020671e-03 7.561730499999974597e-03 1.415630590000005462e-02 5.503198899999950378e-03 1.753286939999998406e-02 3.463733209999997342e-02 1.103894299999996775e-02 3.679454599999965048e-03 4.865737399999958690e-03 4.762311599999957679e-03 1.548594469999997614e-02 3.245186300000035828e-03 4.324698200000032244e-03 7.535256840000004175e-02 1.064953220000000034e-01 1.062833708000000543e-01 3.197878639000000245e-01 2.346260982000000217e-01 1.000000000000000000e+00 1.371212983999999802e-01 1.215927467999999845e-01 1.664590442000000170e-01 1.129061449999999578e-01 8.365281049999995222e-02 1.238160428000000257e-01 8.772153289999995440e-02 6.843141169999999995e-02 1.909932969999994512e-02
4.679601529999999343e-02 2.997959630000002207e-02 1.005155449999994843e-02 7.012456799999955415e-03 6.518640799999997348e-02 1.868957579999996899e-02 6.983179380000004155e-02 1.296346360000000253e-02 1.179684793999999926e-01 2.997894950000001835e-02 2.266326169999999252e-02 8.594849900000034459e-03 9.901205499999954363e-03 8.008653099999984981e-03 1.463154339999994669e-02 3.571089949999994850e-02 3.969140599999998464e-02 6.649994300000017233e-03 7.669332999999944889e-03 2.676217589999996260e-02 9.784773999999996086e-03 4.047782500000041139e-03 5.606555199999974093e-03 5.758381399999956685e-03 5.181653949999998066e-02 1.128454389999999918e-02 1.740447950000001409e-02 2.958757209999995919e-02 2.778107708000000509e-01 4.348767890000004854e-02 1.514981036000000447e-01 6.772471250000000609e-02 1.371212983999999802e-01 1.000000000000000000e+00 5.762071950000002829e-02 1.170095465999999584e-01 7.930275440000000842e-02 2.420018609999996517e-02 3.932240360000005541e-02 7.462750259999995084e-02 4.982932409999996093e-02 4.140057850000000705e-02
2.767036700000002902e-02 8.120840920000005347e-02 9.747066400000004016e-03 4.883957300000019153e-03 1.143384410000003459e-02 2.471912880000004531e-02 2.485712579999999061e-02 1.122319069999999641e-02 3.267519799999996089e-02 4.702514369999999388e-02 1.490751079999996787e-02 3.433157400000053094e-03 5.289351399999975278e-03 8.143191900000013028e-03 7.317680899999956523e-03 1.936584939999996813e-02 1.421444100000002209e-02 1.076223970000000918e-02 9.709997400000003331e-03 2.576752900000001123e-02 1.323278549999995501e-02 5.541614800000038699e-03 9.389226999999999990e-03 8.239170299999987179e-03 1.790228120000003642e-02 9.283175900000051328e-03 7.512052699999993699e-03 7.075255599999996647e-02 7.882059679999997570e-02 4.933512589999999864e-02 1.593083619999999812e-01 5.636690860000004299e-02 1.215927467999999845e-01 5.762071950000002829e-02 1.000000000000000000e+00 7.783385330000003322e-02 5.682297599999996951e-02 1.472960509999999834e-01 6.463843410000003065e-02 7.340753960000001577e-02 7.552436600000000944e-02 3.860155310000001894e-02
3.327718390000000692e-02 2.503755149999997709e-02 6.289626599999986745e-03 6.133756600000039860e-03 1.626900019999999447e-02 9.906327699999994962e-03 2.347828220000003352e-02 9.032037200000009314e-03 1.155868781000000123e-01 1.877921439999996611e-02 2.496407739999995101e-02 4.600190300000028820e-03 1.209041140000000070e-02 6.079217300000050450e-03 8.977414500000002739e-03 2.271593169999996942e-02 3.710573380000004029e-02 7.136438299999992019e-03 1.240886200000002049e-02 3.607092889999996554e-02 1.223929589999994683e-02 4.508520499999946196e-03 6.595915500000049114e-03 5.235879400000031936e-03 3.355388520000002206e-02 7.153056499999976836e-03 1.146385319999998487e-02 4.961611880000005304e-02 1.705329003000000121e-01 6.725772740000002248e-02 1.707870206999999585e-01 1.703980305000000195e-01 1.664590442000000170e-01 1.170095465999999584e-01 7.783385330000003322e-02 1.000000000000000000e+00 6.010396129999995285e-02 7.046633170000005109e-02 4.267910649999995254e-02 6.319461319999997162e-02 4.803042650000000080e-02 7.056922529999998250e-02
2.356344919999997511e-02 3.459119259999998697e-02 1.141545509999997154e-02 2.601965979999998346e-02 1.154519265000000239e-01 1.807059970000002291e-02 4.306590860000003573e-02 9.056391999999968689e-03 6.902376340000004884e-02 1.025882000000000183e-02 6.528241699999992598e-03 8.532597600000024762e-03 1.616657389999998085e-02 5.374474799999973129e-03 6.111322800000040800e-03 1.516122620000004417e-02 3.284771840000000331e-02 5.035943800000053372e-03 5.981952099999965355e-03 1.801054420000003375e-02 5.266585099999998576e-03 4.385222999999993654e-03 4.023502200000028672e-03 3.491589699999964047e-03 1.786662809999994828e-02 5.737695600000036755e-03 5.979177199999963221e-03 2.143006589999996159e-02 4.536937340000002372e-02 3.300155940000004673e-02 8.969712019999998009e-02 6.069255179999999417e-02 1.129061449999999578e-01 7.930275440000000842e-02 5.682297599999996951e-02 6.010396129999995285e-02 1.000000000000000000e+00 2.444167953000000448e-01 1.322526914999999637e-01 3.490445353000000139e-01 3.576985486000000547e-01 5.243409710000002111e-02
2.192031969999996832e-02 8.762271590000003663e-02 5.608390899999982082e-03 1.219329059999996190e-02 2.981780749999995983e-02 5.625728099999949272e-03 1.390495810000003107e-02 6.922907500000019532e-03 1.790512749999995101e-02 1.655991769999998198e-02 5.990994899999990686e-03 4.715726100000039445e-03 6.905036100000039312e-03 5.709760799999963332e-03 4.229195800000029593e-03 1.287531600000002552e-02 1.220183819999998143e-02 1.041102279999994717e-02 1.252752930000000653e-02 2.649209330000001916e-02 1.261955049999996525e-02 4.251028300000014859e-03 7.645758600000052141e-03 5.773152700000006021e-03 5.205304800000032373e-03 3.087348400000022863e-03 2.340237400000000356e-03 6.715951350000004538e-02 1.704621979999998427e-02 7.366088640000001408e-02 6.271072639999997200e-02 4.501498439999995771e-02 8.365281049999995222e-02 2.420018609999996517e-02 1.472960509999999834e-01 7.046633170000005109e-02 2.444167953000000448e-01 1.000000000000000000e+00 1.529879246999999998e-01 1.775745301000000165e-01 2.168059745000000538e-01 1.659227259999995763e-02
