1.000000000000000000e+00 2.068927636637333811e-01 1.119251587335020198e-01 2.737289183407628883e-03 1.373879744342335618e-01 1.683023235256435671e-02 1.115972101604907202e-01 3.261643946445180048e-02 1.483378847758002120e-02 7.221302492167680498e-02 5.064311883250682128e-02 2.889127828451870487e-03 1.973307482609441658e-03 3.639463792328655883e-02 2.254067188997916499e-03 6.960058412547588669e-02 9.334458421396250871e-02 1.113638356771729822e-02 9.052751832744454497e-03 2.043432075098012071e-02 9.501400203526284708e-04 4.350740289663977342e-03 1.081937550580405402e-02 1.210442484338703417e-03 2.898980397430838893e-03 1.763083783132426020e-03 0.000000000000000000e+00 4.290543567349287823e-02 4.343315284825303990e-02 5.388457784066989775e-02 8.623034643644816172e-03 1.279178017109831519e-03 5.696200891626422222e-03 3.830852230885896815e-03 6.751934689590308701e-03 2.350814565322150752e-03 5.021181338496429232e-03 9.138584865848330477e-03 5.665073208110225520e-04 3.147834291335033750e-03 2.570562947378314013e-03 0.000000000000000000e+00
2.068927636637333811e-01 1.000000000000000000e+00 3.756205691504574395e-02 4.497051733004226934e-03 2.984129849563760609e-02 8.655858157888844662e-02 2.200241061706011483e-02 2.892988941746392137e-02 1.094018747146198282e-02 1.202043501886965321e-01 4.618438646253787694e-02 3.257405520602244583e-03 1.182346399429698575e-01 1.651671870115984375e-01 1.321524659840334348e-01 2.476335362486476177e-01 3.250158780767894995e-02 7.954695267917770429e-02 8.023112542068659703e-02 1.138879361294429099e-01 9.182181904258691343e-04 2.293401043414171163e-03 7.221090207869650113e-02 8.773314593976226650e-04 4.482533483637233043e-03 4.259623756076041001e-04 0.000000000000000000e+00 3.084917348051663399e-02 2.377544305094822508e-02 1.504366328375863690e-02 5.434778327996071627e-03 2.060335843390081242e-03 1.376206444043446804e-03 3.702147186608843645e-03 2.305531839845118697e-02 7.572781028617124295e-04 3.396739386376176461e-03 1.525450592905113617e-02 3.832320722050362814e-03 2.172911845198677132e-03 3.974719695804843252e-03 3.378339820118002323e-03
1.119251587335020198e-01 3.756205691504574395e-02 1.000000000000000000e+00 5.152824282140489737e-02 6.667102046398722115e-02 5.585318130347229244e-03 5.258707645074679748e-02 1.047482497150970526e-01 2.704934684251766776e-03 3.438015845212068905e-02 2.306519726819567656e-02 2.780497817202409391e-02 3.494365965056257101e-02 1.143255644288485029e-02 3.470904312154112371e-03 1.513890134541855635e-02 2.893211140400105824e-02 1.416595080984421606e-02 6.629902677720943618e-03 1.939660150042768960e-03 8.229736337552402995e-04 4.796194873308083639e-02 1.308079289947379313e-02 0.000000000000000000e+00 6.695951840791983245e-04 0.000000000000000000e+00 0.000000000000000000e+00 3.171241654286605354e-03 2.104619627453128798e-03 4.056490240269974845e-02 0.000000000000000000e+00 0.000000000000000000e+00 0.000000000000000000e+00 0.000000000000000000e+00 5.198451790583160335e-04 0.000000000000000000e+00 2.319545758657213120e-03 0.000000000000000000e+00 3.925489535184618732e-03 1.558016755249486173e-03 0.000000000000000000e+00 2.018608523051979194e-03
2.737289183407628883e-03 4.497051733004226934e-03 5.152824282140489737e-02 1.000000000000000000e+00 1.297223128974653306e-02 1.378104375779187762e-01 3.311264869561404006e-02 6.711200267183826951e-02 3.428932087220383246e-03 9.838376720935331637e-03 1.190436116066014363e-02 1.497301182198593761e-01 7.424496964238481989e-02 7.186610512715506383e-02 5.345902329118320390e-02 6.031441232190758173e-03 1.959403937901087189e-02 9.200897344418057511e-02 6.671839638475850209e-02 1.327765879661907573e-02 9.535296857850998620e-02 8.407681255620669258e-02 9.444299129699103290e-02 7.974359671898480521e-04 1.578800904672077177e-01 2.787634651023435453e-02 3.077374877617102683e-02 6.030074771133222883e-04 1.600762742401837203e-03 4.207289152809675845e-03 1.646617389594740759e-03 1.123624980098918190e-03 0.000000000000000000e+00 2.103128534553235993e-03 0.000000000000000000e+00 0.000000000000000000e+00 6.615879149825189438e-03 0.000000000000000000e+00 4.976178206301388237e-04 2.370038881428917360e-03 2.709566958116020607e-03 1.535343143742667503e-03
1.373879744342335618e-01 2.984129849563760609e-02 6.667102046398722115e-02 1.297223128974653306e-02 1.000000000000000000e+00 6.639705581916817423e-02 3.280300527354109708e-01 2.566573722377503679e-03 9.698278483960326435e-02 2.878315709635389380e-02 7.682515064807942870e-03 2.074516168609680678e-03 4.723061215911800344e-03 2.508757608987128435e-03 3.776536697178142516e-03 4.033950763081160795e-02 2.055115991867035863e-01 7.416946231193517237e-03 3.170858197090004288e-04 1.205975994051848186e-03 3.411203919836347195e-04 5.680028785186494976e-04 7.283221816983360616e-03 0.000000000000000000e+00 7.410463000601914818e-02 6.456441100107462860e-02 0.000000000000000000e+00 4.929267256331719069e-04 3.794762792369720666e-02 4.528327929125573054e-02 4.576476986937167563e-02 0.000000000000000000e+00 0.000000000000000000e+00 5.776499783067754606e-02 0.000000000000000000e+00 0.000000000000000000e+00 1.153734689856344454e-02 0.000000000000000000e+00 0.000000000000000000e+00 3.939342298780888763e-02 4.429855413872300050e-03 0.000000000000000000e+00
1.683023235256435671e-02 8.655858157888844662e-02 5.585318130347229244e-03 1.378104375779187762e-01 6.639705581916817423e-02 1.000000000000000000e+00 1.070445846022161779e-01 1.228734330077646819e-01 1.623618025372351031e-02 1.976122144094446739e-02 7.748911838597636464e-03 1.375035513545007360e-02 1.102498096594187044e-01 1.232685651956561546e-01 1.441267714561908775e-01 9.707028919624753616e-02 2.023878342449510551e-02 1.849555479475564201e-01 1.328192769191790801e-01 9.244630436375157745e-02 5.588656358125990153e-02 3.314704509424490353e-02 1.819750676059467553e-01 6.574955040562507728e-03 1.801440541829639197e-01 1.827805577254318636e-01 1.551184326247599110e-01 3.622361596198234602e-03 2.074046935506539385e-03 2.725611654692144427e-03 2.327409866703369998e-03 1.058791144270306321e-03 5.893518121958981042e-04 1.486332566750464632e-03 2.794329077113856335e-04 4.864494250003658640e-04 3.117069475787555277e-03 7.736029183240290949e-04 9.847004447182942932e-03 1.702880739174114991e-02 1.914917488623371286e-03 7.595452844333996749e-03
1.115972101604907202e-01 2.200241061706011483e-02 5.258707645074679748e-02 3.311264869561404006e-02 3.280300527354109708e-01 1.070445846022161779e-01 1.000000000000000000e+00 2.140550842822327732e-03 7.200142182656468770e-02 2.259338451451681565e-02 2.990074476207535761e-03 4.325423515452844064e-02 3.545176715730820674e-03 1.743609637865054527e-03 1.214873999802771817e-02 3.140068874116402203e-02 1.635894002111212275e-01 1.043856299387593833e-02 9.520310777540948871e-03 5.364252288013798484e-03 3.413978111899578383e-03 3.789765412893982520e-03 1.012381244749131597e-02 7.248798525702212321e-04 1.274275137024289684e-01 5.595909616032895828e-02 1.234135813023020355e-03 0.000000000000000000e+00 3.492274866310551840e-02 3.872287565546858601e-02 4.041351924470008850e-02 5.106949920935863326e-04 1.705599942151872711e-03 4.645605192688224971e-02 0.000000000000000000e+00 9.385317835301753555e-04 3.006960872136052541e-03 9.950344809613778218e-04 2.035535344318952031e-03 3.231595085327166467e-02 6.157580601893900343e-04 4.186941738793895432e-03
3.261643946445180048e-02 2.892988941746392137e-02 1.047482497150970526e-01 6.711200267183826951e-02 2.566573722377503679e-03 1.228734330077646819e-01 2.140550842822327732e-03 1.000000000000000000e+00 0.000000000000000000e+00 1.267809830253086934e-03 0.000000000000000000e+00 2.071191088465336623e-03 9.430981979020984247e-04 1.252368258555470668e-03 2.154562046339663067e-03 2.908739208606643881e-02 3.985553538296581627e-02 1.619856478326911313e-03 2.216043113079743058e-03 0.000000000000000000e+00 3.405736367163687502e-04 1.701277413034952331e-03 1.454309621771907382e-03 1.301633833214069095e-03 4.156508622196795986e-04 1.895909580677003969e-03 0.000000000000000000e+00 0.000000000000000000e+00 8.709610259999380540e-04 2.861436598430071743e-03 0.000000000000000000e+00 0.000000000000000000e+00 0.000000000000000000e+00 0.000000000000000000e+00 0.000000000000000000e+00 5.617596344452024286e-04 0.000000000000000000e+00 0.000000000000000000e+00 0.000000000000000000e+00 0.000000000000000000e+00 0.000000000000000000e+00 7.518301144095232078e-03
1.483378847758002120e-02 1.094018747146198282e-02 2.704934684251766776e-03 3.428932087220383246e-03 9.698278483960326435e-02 1.623618025372351031e-02 7.200142182656468770e-02 0.000000000000000000e+00 1.000000000000000000e+00 5.981397571201026164e-02 6.031204719435920986e-02 7.238272941792208912e-03 3.131088239553275754e-02 2.553075349848082497e-03 5.176622485822612689e-03 4.105211367901511615e-02 1.233787371362059376e-01 1.415244033005688424e-03 1.106356144027476540e-03 6.311724780660540879e-03 8.926620603938731835e-04 0.000000000000000000e+00 1.482376298276442050e-03 0.000000000000000000e+00 2.542034972285660971e-02 0.000000000000000000e+00 0.000000000000000000e+00 4.299723273340424166e-03 5.821232589504109212e-02 4.049989875037968839e-02 4.837352346347069398e-02 1.068262370601872485e-03 5.946237531565234588e-03 6.418409073561559541e-02 5.074785444290755287e-03 4.908008711075335928e-03 2.075668756833119397e-02 1.040697392689152396e-03 2.838596874234450979e-03 1.785711463787721109e-01 1.610039199715184929e-02 2.189541887379741446e-03
7.221302492167680498e-02 1.202043501886965321e-01 3.438015845212068905e-02 9.838376720935331637e-03 2.878315709635389380e-02 1.976122144094446739e-02 2.259338451451681565e-02 1.267809830253086934e-03 5.981397571201026164e-02 1.000000000000000000e+00 2.310690830671694451e-01 7.742542513142414672e-03 1.493151654743381067e-02 7.793508184585480614e-02 3.553323737363387087e-03 1.901135445089104925e-01 9.445661561381267501e-02 1.404436434644008164e-02 2.923775106910254939e-03 0.000000000000000000e+00 4.493417638059209293e-04 6.359728356513983522e-03 4.317229683283001045e-03 0.000000000000000000e+00 1.809707492574330612e-02 1.292390698017638860e-02 1.413182533678860459e-02 9.090326973686111908e-03 1.091661729992344197e-02 0.000000000000000000e+00 9.929091124129273832e-03 0.000000000000000000e+00 9.428498066424154805e-03 2.264616084778827299e-03 1.149528936695966633e-02 3.075844565518142185e-02 3.799400392699173179e-03 1.178682114123763948e-03 0.000000000000000000e+00 3.530295707823914025e-02 3.403889468098841593e-03 0.000000000000000000e+00
5.064311883250682128e-02 4.618438646253787694e-02 2.306519726819567656e-02 1.190436116066014363e-02 7.682515064807942870e-03 7.748911838597636464e-03 2.990074476207535761e-03 0.000000000000000000e+00 6.031204719435920986e-02 2.310690830671694451e-01 1.000000000000000000e+00 2.700308624336608329e-02 8.318357905233270122e-02 6.131221831620686097e-02 1.891777691347801618e-02 8.322729099462053415e-02 9.818882129075268139e-02 7.757936077391400578e-03 2.274265085391080632e-03 3.203606471712820074e-04 2.718500618873022703e-04 4.526601789460556386e-04 7.352036136621316852e-03 3.463267068325064156e-04 2.322443380972059011e-03 0.000000000000000000e+00 0.000000000000000000e+00 3.928295230022831128e-04 6.604512038782979315e-03 4.568067709936280752e-04 1.287227667858998085e-03 0.000000000000000000e+00 0.000000000000000000e+00 5.480336549032723079e-04 5.151560328390134219e-04 3.901109956426283831e-02 0.000000000000000000e+00 0.000000000000000000e+00 0.000000000000000000e+00 2.058617355228628629e-03 1.176765834695648509e-03 2.000400120040013788e-03
2.889127828451870487e-03 3.257405520602244583e-03 2.780497817202409391e-02 1.497301182198593761e-01 2.074516168609680678e-03 1.375035513545007360e-02 4.325423515452844064e-02 2.071191088465336623e-03 7.238272941792208912e-03 7.742542513142414672e-03 2.700308624336608329e-02 1.000000000000000000e+00 5.488485131032942027e-02 2.339461798536968118e-02 4.295686221935011290e-02 1.061001325400176033e-02 2.174148991747896706e-02 1.222014598981873562e-02 8.870647679268798061e-03 0.000000000000000000e+00 7.340790666407231079e-04 2.322412151693394392e-02 1.071004513200356049e-02 0.000000000000000000e+00 7.928732562410721607e-02 0.000000000000000000e+00 0.000000000000000000e+00 5.303804744285506995e-04 1.877286401880067131e-03 8.017875211901438065e-03 2.317274648669567956e-03 0.000000000000000000e+00 2.200445063018868861e-03 1.479860004762019064e-03 0.000000000000000000e+00 6.054138425185806843e-04 0.000000000000000000e+00 0.000000000000000000e+00 0.000000000000000000e+00 0.000000000000000000e+00 7.944077330633319460e-04 0.000000000000000000e+00
1.973307482609441658e-03 1.182346399429698575e-01 3.494365965056257101e-02 7.424496964238481989e-02 4.723061215911800344e-03 1.102498096594187044e-01 3.545176715730820674e-03 9.430981979020984247e-04 3.131088239553275754e-02 1.493151654743381067e-02 8.318357905233270122e-02 5.488485131032942027e-02 1.000000000000000000e+00 2.439838735130090142e-01 3.072773429788663857e-01 1.258301208557228712e-01 8.330312371300743063e-03 9.078947996877119453e-02 7.899683395123333063e-02 1.057629612297990157e-01 2.682406710802534913e-02 6.261450662378661471e-03 9.438242279511944999e-02 0.000000000000000000e+00 3.640872490848903048e-02 0.000000000000000000e+00 5.437438055401797683e-04 3.622559543793615303e-04 9.616561269848475195e-04 5.055046928098305345e-03 3.956812985608780552e-04 0.000000000000000000e+00 0.000000000000000000e+00 0.000000000000000000e+00 0.000000000000000000e+00 4.135046063909910536e-04 1.059861535803386951e-03 0.000000000000000000e+00 0.000000000000000000e+00 1.423797762870656703e-03 0.000000000000000000e+00 0.000000000000000000e+00
3.639463792328655883e-02 1.651671870115984375e-01 1.143255644288485029e-02 7.186610512715506383e-02 2.508757608987128435e-03 1.232685651956561546e-01 1.743609637865054527e-03 1.252368258555470668e-03 2.553075349848082497e-03 7.793508184585480614e-02 6.131221831620686097e-02 2.339461798536968118e-02 2.439838735130090142e-01 1.000000000000000000e+00 3.106390038196163439e-01 1.866315670319864950e-01 1.048491903992605778e-01 1.550191359706337146e-01 8.190008872636880821e-02 9.859974763164347511e-02 5.592748214242230370e-02 1.884680589314401480e-02 1.495785456375474387e-01 6.983581846150818673e-02 8.532041116864687302e-02 1.441378736650391311e-02 3.850952725019031464e-02 1.924201996129894449e-03 1.986462934924203630e-03 0.000000000000000000e+00 1.751456705582972017e-03 0.000000000000000000e+00 0.000000000000000000e+00 2.237033689685940119e-03 0.000000000000000000e+00 0.000000000000000000e+00 2.345702969313705980e-03 3.881086977534538296e-04 1.058601803026925497e-03 0.000000000000000000e+00 2.401736456815038723e-03 3.266195366903981972e-03
2.254067188997916499e-03 1.321524659840334348e-01 3.470904312154112371e-03 5.345902329118320390e-02 3.776536697178142516e-03 1.441267714561908775e-01 1.214873999802771817e-02 2.154562046339663067e-03 5.176622485822612689e-03 3.553323737363387087e-03 1.891777691347801618e-02 4.295686221935011290e-02 3.072773429788663857e-01 3.106390038196163439e-01 1.000000000000000000e+00 1.365840450187499056e-01 4.054446939998675864e-02 1.058471853243180411e-01 9.050258819808391919e-02 1.211482425994030582e-01 3.092692202307732730e-02 4.291393191779755388e-03 1.078110351861034794e-01 0.000000000000000000e+00 8.073141836232146373e-02 2.656857659626062854e-03 3.540309844215950436e-02 8.275945517683489655e-04 1.464639134744434796e-03 4.811893871874558474e-04 1.355935007969593254e-03 0.000000000000000000e+00 2.289018837633574784e-03 5.772856168208718042e-04 0.000000000000000000e+00 4.723375216379831079e-04 0.000000000000000000e+00 0.000000000000000000e+00 1.365906105137560615e-03 0.000000000000000000e+00 1.239577140305200354e-03 2.107173905934056884e-03
6.960058412547588669e-02 2.476335362486476177e-01 1.513890134541855635e-02 6.031441232190758173e-03 4.033950763081160795e-02 9.707028919624753616e-02 3.140068874116402203e-02 2.908739208606643881e-02 4.105211367901511615e-02 1.901135445089104925e-01 8.322729099462053415e-02 1.061001325400176033e-02 1.258301208557228712e-01 1.866315670319864950e-01 1.365840450187499056e-01 1.000000000000000000e+00 5.808776471590704898e-02 7.953127252558643556e-02 8.093858026317292398e-02 1.163491409778491248e-01 2.379059798653230130e-03 1.584558232880857193e-03 7.179030776171621553e-02 6.061664578665772228e-04 1.538859205432675965e-02 1.456815782816790403e-02 1.496431458121227215e-02 3.094015971413165492e-03 3.011606681152323786e-02 3.278100825155344511e-02 3.154200668618459963e-02 4.270585991732750854e-04 0.000000000000000000e+00 4.124597771905947480e-02 4.508319767346816945e-04 3.217797525592783203e-02 2.514511631607987789e-03 8.320779293849072181e-04 1.702176222932770674e-03 1.351178777549238725e-03 2.574577572575306381e-03 1.750623661355356527e-03
9.334458421396250871e-02 3.250158780767894995e-02 2.893211140400105824e-02 1.959403937901087189e-02 2.055115991867035863e-01 2.023878342449510551e-02 1.635894002111212275e-01 3.985553538296581627e-02 1.233787371362059376e-01 9.445661561381267501e-02 9.818882129075268139e-02 2.174148991747896706e-02 8.330312371300743063e-03 1.048491903992605778e-01 4.054446939998675864e-02 5.808776471590704898e-02 1.000000000000000000e+00 4.905622338127153120e-02 3.161040420438592305e-03 6.473610705873582977e-03 1.831114908114921157e-03 4.355724602765490353e-04 5.119703998714025123e-02 7.898096787983514833e-02 3.639486130350824689e-02 0.000000000000000000e+00 2.836880460014235342e-02 1.890001923758337279e-03 2.976906978137854737e-02 3.692325170811408541e-02 3.592042662642512540e-02 4.695692739192539001e-04 1.045499876093308441e-03 4.376968731536739349e-02 1.487127371171320656e-03 1.294429243379910345e-03 1.658888129265756375e-03 4.574527124636785049e-04 6.238719578003819929e-04 3.912288310490626836e-02 1.132343452391145443e-02 3.849771825973539226e-03
1.113638356771729822e-02 7.954695267917770429e-02 1.416595080984421606e-02 9.200897344418057511e-02 7.416946231193517237e-03 1.849555479475564201e-01 1.043856299387593833e-02 1.619856478326911313e-03 1.415244033005688424e-03 1.404436434644008164e-02 7.757936077391400578e-03 1.222014598981873562e-02 9.078947996877119453e-02 1.550191359706337146e-01 1.058471853243180411e-01 7.953127252558643556e-02 4.905622338127153120e-02 1.000000000000000000e+00 2.853199343619736150e-01 2.168871124005805895e-01 2.405133507226991652e-01 8.562716460739080993e-02 4.605457420074273167e-01 1.882313606047914534e-01 3.678545822308991464e-02 1.849110162923843156e-02 1.200766087655577054e-02 7.146496140951269505e-02 1.415769771847429819e-03 2.253315589411875042e-02 9.514657993763339996e-03 2.208383734937977949e-04 2.458492334872362968e-04 1.240052935041306703e-03 4.662638834755547220e-04 0.000000000000000000e+00 1.300291482083552625e-03 1.075699780435127604e-03 1.467034536556144656e-03 4.658098039487738439e-04 1.331352476362267613e-03 1.810547230388926711e-03
9.052751832744454497e-03 8.023112542068659703e-02 6.629902677720943618e-03 6.671839638475850209e-02 3.170858197090004288e-04 1.328192769191790801e-01 9.520310777540948871e-03 2.216043113079743058e-03 1.106356144027476540e-03 2.923775106910254939e-03 2.274265085391080632e-03 8.870647679268798061e-03 7.899683395123333063e-02 8.190008872636880821e-02 9.050258819808391919e-02 8.093858026317292398e-02 3.161040420438592305e-03 2.853199343619736150e-01 1.000000000000000000e+00 2.003204075672413986e-01 2.169436848950829777e-01 5.857108051225104473e-02 2.844803734411520679e-01 1.863246948942293424e-01 9.448646166188014520e-03 9.993771449063493240e-03 2.555321849257040281e-03 1.434897207188448771e-02 4.304094419044505646e-04 1.696869493733710668e-02 2.656432410298040139e-03 0.000000000000000000e+00 0.000000000000000000e+00 3.392906474517947725e-04 1.275743723815624597e-03 2.776090359134220889e-04 0.000000000000000000e+00 1.765932072676060921e-03 3.211160321801570430e-03 6.372506588434811948e-04 0.000000000000000000e+00 1.238458707450763125e-03
2.043432075098012071e-02 1.138879361294429099e-01 1.939660150042768960e-03 1.327765879661907573e-02 1.205975994051848186e-03 9.244630436375157745e-02 5.364252288013798484e-03 0.000000000000000000e+00 6.311724780660540879e-03 0.000000000000000000e+00 3.203606471712820074e-04 0.000000000000000000e+00 1.057629612297990157e-01 9.859974763164347511e-02 1.211482425994030582e-01 1.163491409778491248e-01 6.473610705873582977e-03 2.168871124005805895e-01 2.003204075672413986e-01 1.000000000000000000e+00 2.244659251796292110e-01 1.883013384767609835e-02 2.239862214242010763e-01 2.604094492448600917e-01 1.354115425475301525e-02 3.167451761343361566e-03 2.776766789245437191e-03 2.343273378440492022e-02 6.275093740451073536e-03 4.445897690491611154e-02 1.515485801090425688e-02 1.149047680583741536e-03 8.527880580492603257e-04 2.150713100366577740e-03 2.830362599277616142e-03 7.038890046669625316e-04 9.922832260998333542e-03 1.865663589406540979e-03 2.239057600225463629e-02 7.674931112666751216e-03 4.618120938558859835e-04 3.140162437581892323e-03
9.501400203526284708e-04 9.182181904258691343e-04 8.229736337552402995e-04 9.535296857850998620e-02 3.411203919836347195e-04 5.588656358125990153e-02 3.413978111899578383e-03 3.405736367163687502e-04 8.926620603938731835e-04 4.493417638059209293e-04 2.718500618873022703e-04 7.340790666407231079e-04 2.682406710802534913e-02 5.592748214242230370e-02 3.092692202307732730e-02 2.379059798653230130e-03 1.831114908114921157e-03 2.405133507226991652e-01 2.169436848950829777e-01 2.244659251796292110e-01 1.000000000000000000e+00 9.647566696575560902e-03 2.488294792983270776e-01 2.940977409717756563e-01 1.012064272085756722e-01 2.385440811449612147e-02 2.749010951239852854e-02 3.113483737212169311e-02 1.852135017209488588e-03 1.977613462270117611e-02 2.286228418314040483e-03 9.750532277803217619e-04 0.000000000000000000e+00 7.300166167087174035e-04 1.372442954207248782e-03 5.973026686333235890e-04 3.827394628335682876e-04 1.899786756155060537e-03 1.727280438936881074e-03 1.371106375781884100e-03 0.000000000000000000e+00 2.664663592517999349e-03
4.350740289663977342e-03 2.293401043414171163e-03 4.796194873308083639e-02 8.407681255620669258e-02 5.680028785186494976e-04 3.314704509424490353e-02 3.789765412893982520e-03 1.701277413034952331e-03 0.000000000000000000e+00 6.359728356513983522e-03 4.526601789460556386e-04 2.322412151693394392e-02 6.261450662378661471e-03 1.884680589314401480e-02 4.291393191779755388e-03 1.584558232880857193e-03 4.355724602765490353e-04 8.562716460739080993e-02 5.857108051225104473e-02 1.883013384767609835e-02 9.647566696575560902e-03 1.000000000000000000e+00 8.260819655541021267e-02 5.338744766012290532e-02 2.575630209236091754e-03 6.713274369461380738e-03 1.307829954365234562e-03 7.406131452693173571e-03 0.000000000000000000e+00 8.105706800308426149e-03 4.758526436231837989e-04 5.411902005892526603e-04 0.000000000000000000e+00 0.000000000000000000e+00 0.000000000000000000e+00 0.000000000000000000e+00 6.373031977008813617e-04 5.272255638704489034e-04 2.157083578952764813e-03 1.141521272989077466e-03 6.525269158058976489e-04 2.218478616937508748e-03
1.081937550580405402e-02 7.221090207869650113e-02 1.308079289947379313e-02 9.444299129699103290e-02 7.283221816983360616e-03 1.819750676059467553e-01 1.012381244749131597e-02 1.454309621771907382e-03 1.482376298276442050e-03 4.317229683283001045e-03 7.352036136621316852e-03 1.071004513200356049e-02 9.438242279511944999e-02 1.495785456375474387e-01 1.078110351861034794e-01 7.179030776171621553e-02 5.119703998714025123e-02 4.605457420074273167e-01 2.844803734411520679e-01 2.239862214242010763e-01 2.488294792983270776e-01 8.260819655541021267e-02 1.000000000000000000e+00 1.968318104597437945e-01 3.742951269100591727e-02 1.745531766071225371e-02 1.201825697020221170e-02 7.187561025692379424e-02 1.647696639556971328e-03 2.273588963516188707e-02 9.152436950876618668e-03 0.000000000000000000e+00 0.000000000000000000e+00 1.298874990208830288e-03 9.767623300111279595e-04 0.000000000000000000e+00 1.634365151681504416e-03 4.506902898411431751e-04 1.843948188462040663e-03 9.758110923272594840e-04 1.394505335888697158e-03 9.482153743967819967e-04
1.210442484338703417e-03 8.773314593976226650e-04 0.000000000000000000e+00 7.974359671898480521e-04 0.000000000000000000e+00 6.574955040562507728e-03 7.248798525702212321e-04 1.301633833214069095e-03 0.000000000000000000e+00 0.000000000000000000e+00 3.463267068325064156e-04 0.000000000000000000e+00 0.000000000000000000e+00 6.983581846150818673e-02 0.000000000000000000e+00 6.061664578665772228e-04 7.898096787983514833e-02 1.882313606047914534e-01 1.863246948942293424e-01 2.604094492448600917e-01 2.940977409717756563e-01 5.338744766012290532e-02 1.968318104597437945e-01 1.000000000000000000e+00 5.630269175559037605e-04 1.284068221912062699e-03 5.003051541299771612e-04 2.999844178807629502e-03 5.898875069828434957e-04 2.248084305976170982e-02 1.092213231925570627e-03 0.000000000000000000e+00 0.000000000000000000e+00 4.650067927932799309e-04 0.000000000000000000e+00 7.609410304118419946e-04 0.000000000000000000e+00 1.210128271399749230e-03 5.501225032286423530e-04 0.000000000000000000e+00 9.984863187957164227e-04 1.697340365505981040e-03
2.898980397430838893e-03 4.482533483637233043e-03 6.695951840791983245e-04 1.578800904672077177e-01 7.410463000601914818e-02 1.801440541829639197e-01 1.274275137024289684e-01 4.156508622196795986e-04 2.542034972285660971e-02 1.809707492574330612e-02 2.322443380972059011e-03 7.928732562410721607e-02 3.640872490848903048e-02 8.532041116864687302e-02 8.073141836232146373e-02 1.538859205432675965e-02 3.639486130350824689e-02 3.678545822308991464e-02 9.448646166188014520e-03 1.354115425475301525e-02 1.012064272085756722e-01 2.575630209236091754e-03 3.742951269100591727e-02 5.630269175559037605e-04 1.000000000000000000e+00 1.254727399442542857e-01 1.020882342639497231e-01 1.277254055765889105e-03 3.164596455503446842e-02 3.713177515870797266e-03 5.929201531096071898e-03 0.000000000000000000e+00 2.207949070475486407e-03 4.009247973297096201e-03 0.000000000000000000e+00 3.644870630874996156e-04 5.138230551040358883e-03 7.728607640164089458e-04 1.581036066079616245e-03 2.551870626260383662e-02 2.391350520775097511e-03 0.000000000000000000e+00
1.763083783132426020e-03 4.259623756076041001e-04 0.000000000000000000e+00 2.787634651023435453e-02 6.456441100107462860e-02 1.827805577254318636e-01 5.595909616032895828e-02 1.895909580677003969e-03 0.000000000000000000e+00 1.292390698017638860e-02 0.000000000000000000e+00 0.000000000000000000e+00 0.000000000000000000e+00 1.441378736650391311e-02 2.656857659626062854e-03 1.456815782816790403e-02 0.000000000000000000e+00 1.849110162923843156e-02 9.993771449063493240e-03 3.167451761343361566e-03 2.385440811449612147e-02 6.713274369461380738e-03 1.745531766071225371e-02 1.284068221912062699e-03 1.254727399442542857e-01 1.000000000000000000e+00 3.694636606409595347e-01 4.854952440038623755e-04 8.592073649844320701e-04 5.645642747296234203e-04 1.060583746217218801e-03 6.031042782348358102e-04 0.000000000000000000e+00 0.000000000000000000e+00 0.000000000000000000e+00 0.000000000000000000e+00 0.000000000000000000e+00 0.000000000000000000e+00 0.000000000000000000e+00 0.000000000000000000e+00 0.000000000000000000e+00 0.000000000000000000e+00
0.000000000000000000e+00 0.000000000000000000e+00 0.000000000000000000e+00 3.077374877617102683e-02 0.000000000000000000e+00 1.551184326247599110e-01 1.234135813023020355e-03 0.000000000000000000e+00 0.000000000000000000e+00 1.413182533678860459e-02 0.000000000000000000e+00 0.000000000000000000e+00 5.437438055401797683e-04 3.850952725019031464e-02 3.540309844215950436e-02 1.496431458121227215e-02 2.836880460014235342e-02 1.200766087655577054e-02 2.555321849257040281e-03 2.776766789245437191e-03 2.749010951239852854e-02 1.307829954365234562e-03 1.201825697020221170e-02 5.003051541299771612e-04 1.020882342639497231e-01 3.694636606409595347e-01 1.000000000000000000e+00 0.000000000000000000e+00 1.004306155621659388e-03 0.000000000000000000e+00 0.000000000000000000e+00 0.000000000000000000e+00 0.000000000000000000e+00 0.000000000000000000e+00 0.000000000000000000e+00 0.000000000000000000e+00 8.301502751180977763e-04 0.000000000000000000e+00 0.000000000000000000e+00 0.000000000000000000e+00 0.000000000000000000e+00 0.000000000000000000e+00
4.290543567349287823e-02 3.084917348051663399e-02 3.171241654286605354e-03 6.030074771133222883e-04 4.929267256331719069e-04 3.622361596198234602e-03 0.000000000000000000e+00 0.000000000000000000e+00 4.299723273340424166e-03 9.090326973686111908e-03 3.928295230022831128e-04 5.303804744285506995e-04 3.622559543793615303e-04 1.924201996129894449e-03 8.275945517683489655e-04 3.094015971413165492e-03 1.890001923758337279e-03 7.146496140951269505e-02 1.434897207188448771e-02 2.343273378440492022e-02 3.113483737212169311e-02 7.406131452693173571e-03 7.187561025692379424e-02 2.999844178807629502e-03 1.277254055765889105e-03 4.854952440038623755e-04 0.000000000000000000e+00 1.000000000000000000e+00 6.356395918951988910e-02 8.792912111728365399e-02 6.813782389496275682e-02 3.757264247912939920e-03 4.444214351387881096e-02 1.582335924449650112e-03 2.330273261976607488e-02 1.208362319616784752e-02 1.659201689069949009e-03 1.784402799210282192e-02 8.111868451220452872e-03 1.585023920449420143e-02 1.698836228618616452e-03 3.850499502348240111e-03
4.343315284825303990e-02 2.377544305094822508e-02 2.104619627453128798e-03 1.600762742401837203e-03 3.794762792369720666e-02 2.074046935506539385e-03 3.492274866310551840e-02 8.709610259999380540e-04 5.821232589504109212e-02 1.091661729992344197e-02 6.604512038782979315e-03 1.877286401880067131e-03 9.616561269848475195e-04 1.986462934924203630e-03 1.464639134744434796e-03 3.011606681152323786e-02 2.976906978137854737e-02 1.415769771847429819e-03 4.304094419044505646e-04 6.275093740451073536e-03 1.852135017209488588e-03 0.000000000000000000e+00 1.647696639556971328e-03 5.898875069828434957e-04 3.164596455503446842e-02 8.592073649844320701e-04 1.004306155621659388e-03 6.356395918951988910e-02 1.000000000000000000e+00 7.041486111476655263e-02 1.026818419746528960e-01 3.740307241012369444e-02 1.253800325360845958e-01 1.652204158959600655e-01 2.281368040641509193e-02 8.859518988911178894e-02 3.034258879248480367e-02 8.097319952473289433e-04 8.282316478919185196e-03 1.271062353514475912e-02 3.006522963013576622e-03 8.518048251107529154e-03
5.388457784066989775e-02 1.504366328375863690e-02 4.056490240269974845e-02 4.207289152809675845e-03 4.528327929125573054e-02 2.725611654692144427e-03 3.872287565546858601e-02 2.861436598430071743e-03 4.049989875037968839e-02 0.000000000000000000e+00 4.568067709936280752e-04 8.017875211901438065e-03 5.055046928098305345e-03 0.000000000000000000e+00 4.811893871874558474e-04 3.278100825155344511e-02 3.692325170811408541e-02 2.253315589411875042e-02 1.696869493733710668e-02 4.445897690491611154e-02 1.977613462270117611e-02 8.105706800308426149e-03 2.273588963516188707e-02 2.248084305976170982e-02 3.713177515870797266e-03 5.645642747296234203e-04 0.000000000000000000e+00 8.792912111728365399e-02 7.041486111476655263e-02 1.000000000000000000e+00 1.061267835265682635e-01 3.823034401217395139e-03 4.073608492928550845e-02 5.152110066733479182e-02 2.248547229246782367e-02 1.957186280799480885e-02 5.788270903509550903e-03 3.192331271255773040e-02 3.047580950157110363e-02 4.031923611705341519e-03 3.951026318547614345e-03 4.477601965700649979e-03
8.623034643644816172e-03 5.434778327996071627e-03 0.000000000000000000e+00 1.646617389594740759e-03 4.576476986937167563e-02 2.327409866703369998e-03 4.041351924470008850e-02 0.000000000000000000e+00 4.837352346347069398e-02 9.929091124129273832e-03 1.287227667858998085e-03 2.317274648669567956e-03 3.956812985608780552e-04 1.751456705582972017e-03 1.355935007969593254e-03 3.154200668618459963e-02 3.592042662642512540e-02 9.514657993763339996e-03 2.656432410298040139e-03 1.515485801090425688e-02 2.286228418314040483e-03 4.758526436231837989e-04 9.152436950876618668e-03 1.092213231925570627e-03 5.929201531096071898e-03 1.060583746217218801e-03 0.000000000000000000e+00 6.813782389496275682e-02 1.026818419746528960e-01 1.061267835265682635e-01 1.000000000000000000e+00 1.487680746915912705e-02 2.449984606024347977e-01 2.229556025931402619e-01 1.684222150270080209e-01 1.263292531171369970e-01 2.174755404742639495e-02 4.547782359849145140e-02 2.044696215733177169e-02 2.434604093288724250e-02 1.237058525159331901e-02 1.261735486838943751e-02
1.279178017109831519e-03 2.060335843390081242e-03 0.000000000000000000e+00 1.123624980098918190e-03 0.000000000000000000e+00 1.058791144270306321e-03 5.106949920935863326e-04 0.000000000000000000e+00 1.068262370601872485e-03 0.000000000000000000e+00 0.000000000000000000e+00 0.000000000000000000e+00 0.000000000000000000e+00 0.000000000000000000e+00 0.000000000000000000e+00 4.270585991732750854e-04 4.695692739192539001e-04 2.208383734937977949e-04 0.000000000000000000e+00 1.149047680583741536e-03 9.750532277803217619e-04 5.411902005892526603e-04 0.000000000000000000e+00 0.000000000000000000e+00 0.000000000000000000e+00 6.031042782348358102e-04 0.000000000000000000e+00 3.757264247912939920e-03 3.740307241012369444e-02 3.823034401217395139e-03 1.487680746915912705e-02 1.000000000000000000e+00 2.792877946632419187e-02 2.620866225231696049e-03 3.695452920944487882e-03 9.060105959670661235e-02 1.511499600240574781e-02 2.273503931457301983e-03 1.085208063148631295e-02 1.845927018597103052e-03 1.406914431060242183e-03 0.000000000000000000e+00
5.696200891626422222e-03 1.376206444043446804e-03 0.000000000000000000e+00 0.000000000000000000e+00 0.000000000000000000e+00 5.893518121958981042e-04 1.705599942151872711e-03 0.000000000000000000e+00 5.946237531565234588e-03 9.428498066424154805e-03 0.000000000000000000e+00 2.200445063018868861e-03 0.000000000000000000e+00 0.000000000000000000e+00 2.289018837633574784e-03 0.000000000000000000e+00 1.045499876093308441e-03 2.458492334872362968e-04 0.000000000000000000e+00 8.527880580492603257e-04 0.000000000000000000e+00 0.000000000000000000e+00 0.000000000000000000e+00 0.000000000000000000e+00 2.207949070475486407e-03 0.000000000000000000e+00 0.000000000000000000e+00 4.444214351387881096e-02 1.253800325360845958e-01 4.073608492928550845e-02 2.449984606024347977e-01 2.792877946632419187e-02 1.000000000000000000e+00 2.005911995125601588e-01 2.043275870201894939e-01 1.581563978293030748e-01 1.300255189999926370e-02 4.429228410639936449e-03 1.035524887448650497e-02 1.643988715967327485e-02 5.481886600826739106e-03 7.987485426596524496e-03
3.830852230885896815e-03 3.702147186608843645e-03 0.000000000000000000e+00 2.103128534553235993e-03 5.776499783067754606e-02 1.486332566750464632e-03 4.645605192688224971e-02 0.000000000000000000e+00 6.418409073561559541e-02 2.264616084778827299e-03 5.480336549032723079e-04 1.479860004762019064e-03 0.000000000000000000e+00 2.237033689685940119e-03 5.772856168208718042e-04 4.124597771905947480e-02 4.376968731536739349e-02 1.240052935041306703e-03 3.392906474517947725e-04 2.150713100366577740e-03 7.300166167087174035e-04 0.000000000000000000e+00 1.298874990208830288e-03 4.650067927932799309e-04 4.009247973297096201e-03 0.000000000000000000e+00 0.000000000000000000e+00 1.582335924449650112e-03 1.652204158959600655e-01 5.152110066733479182e-02 2.229556025931402619e-01 2.620866225231696049e-03 2.005911995125601588e-01 1.000000000000000000e+00 1.791479603570340640e-01 2.865821954495327839e-01 6.944221189893119012e-03 0.000000000000000000e+00 3.482095260239196667e-03 2.764069403421471217e-03 5.530079937606745093e-03 1.074360857273384123e-02
6.751934689590308701e-03 2.305531839845118697e-02 5.198451790583160335e-04 0.000000000000000000e+00 0.000000000000000000e+00 2.794329077113856335e-04 0.000000000000000000e+00 0.000000000000000000e+00 5.074785444290755287e-03 1.149528936695966633e-02 5.151560328390134219e-04 0.000000000000000000e+00 0.000000000000000000e+00 0.000000000000000000e+00 0.000000000000000000e+00 4.508319767346816945e-04 1.487127371171320656e-03 4.662638834755547220e-04 1.275743723815624597e-03 2.830362599277616142e-03 1.372442954207248782e-03 0.000000000000000000e+00 9.767623300111279595e-04 0.000000000000000000e+00 0.000000000000000000e+00 0.000000000000000000e+00 0.000000000000000000e+00 2.330273261976607488e-02 2.281368040641509193e-02 2.248547229246782367e-02 1.684222150270080209e-01 3.695452920944487882e-03 2.043275870201894939e-01 1.791479603570340640e-01 1.000000000000000000e+00 2.507133959639359366e-01 3.626457575831172273e-03 1.440038823970048454e-01 3.518687295016832001e-02 2.923028344282668778e-02 1.336710731855972889e-01 1.262384782664862336e-02
2.350814565322150752e-03 7.572781028617124295e-04 0.000000000000000000e+00 0.000000000000000000e+00 0.000000000000000000e+00 4.864494250003658640e-04 9.385317835301753555e-04 5.617596344452024286e-04 4.908008711075335928e-03 3.075844565518142185e-02 3.901109956426283831e-02 6.054138425185806843e-04 4.135046063909910536e-04 0.000000000000000000e+00 4.723375216379831079e-04 3.217797525592783203e-02 1.294429243379910345e-03 0.000000000000000000e+00 2.776090359134220889e-04 7.038890046669625316e-04 5.973026686333235890e-04 0.000000000000000000e+00 0.000000000000000000e+00 7.609410304118419946e-04 3.644870630874996156e-04 0.000000000000000000e+00 0.000000000000000000e+00 1.208362319616784752e-02 8.859518988911178894e-02 1.957186280799480885e-02 1.263292531171369970e-01 9.060105959670661235e-02 1.581563978293030748e-01 2.865821954495327839e-01 2.507133959639359366e-01 1.000000000000000000e+00 6.313101119691119862e-04 8.983003211855093706e-02 2.849064999031663062e-03 3.957753136073765589e-03 1.137647577336628052e-01 8.790465757036717079e-03
5.021181338496429232e-03 3.396739386376176461e-03 2.319545758657213120e-03 6.615879149825189438e-03 1.153734689856344454e-02 3.117069475787555277e-03 3.006960872136052541e-03 0.000000000000000000e+00 2.075668756833119397e-02 3.799400392699173179e-03 0.000000000000000000e+00 0.000000000000000000e+00 1.059861535803386951e-03 2.345702969313705980e-03 0.000000000000000000e+00 2.514511631607987789e-03 1.658888129265756375e-03 1.300291482083552625e-03 0.000000000000000000e+00 9.922832260998333542e-03 3.827394628335682876e-04 6.373031977008813617e-04 1.634365151681504416e-03 0.000000000000000000e+00 5.138230551040358883e-03 0.000000000000000000e+00 8.301502751180977763e-04 1.659201689069949009e-03 3.034258879248480367e-02 5.788270903509550903e-03 2.174755404742639495e-02 1.511499600240574781e-02 1.300255189999926370e-02 6.944221189893119012e-03 3.626457575831172273e-03 6.313101119691119862e-04 1.000000000000000000e+00 4.015902331358761623e-02 3.651246393398293461e-02 1.695529313921293468e-01 2.211796280767799328e-01 5.632752570155527376e-03
9.138584865848330477e-03 1.525450592905113617e-02 0.000000000000000000e+00 0.000000000000000000e+00 0.000000000000000000e+00 7.736029183240290949e-04 9.950344809613778218e-04 0.000000000000000000e+00 1.040697392689152396e-03 1.178682114123763948e-03 0.000000000000000000e+00 0.000000000000000000e+00 0.000000000000000000e+00 3.881086977534538296e-04 0.000000000000000000e+00 8.320779293849072181e-04 4.574527124636785049e-04 1.075699780435127604e-03 1.765932072676060921e-03 1.865663589406540979e-03 1.899786756155060537e-03 5.272255638704489034e-04 4.506902898411431751e-04 1.210128271399749230e-03 7.728607640164089458e-04 0.000000000000000000e+00 0.000000000000000000e+00 1.784402799210282192e-02 8.097319952473289433e-04 3.192331271255773040e-02 4.547782359849145140e-02 2.273503931457301983e-03 4.429228410639936449e-03 0.000000000000000000e+00 1.440038823970048454e-01 8.983003211855093706e-02 4.015902331358761623e-02 1.000000000000000000e+00 3.549190987119642260e-02 3.176988752182806353e-02 1.425435463470319242e-01 2.329920170380827583e-03
