1.000000000000000000e+00 1.287586767463877735e-01 5.375882378184392019e-02 6.474778127207503689e-03 2.225114075799899602e-02 2.265346648520064066e-02 1.544548688450447967e-02 2.697739410235634738e-02 2.046416382054927485e-02 2.140199697929681330e-02 1.810959841080990798e-02 4.657401326169843987e-03 7.784260655738047506e-03 5.823636024213547924e-03 5.390684952481801517e-03 2.189720225110534588e-02 2.015609109790608700e-02 8.111346930137352737e-03 8.826395738626976323e-03 2.782695622156586279e-02 4.416910429462972583e-03 6.440304620030001294e-03 7.162026054012397142e-03 2.941589005871385939e-03 1.152508607005141295e-02 5.973203312990468458e-03 1.417351126277346289e-03 2.967438201992866897e-02 5.699037976039606629e-02 1.638912018093085024e-02 7.138748799827949847e-03 3.742327074710850941e-03 3.865741896873471552e-03 8.657409081756802308e-03 3.067317926007401361e-03 5.375942612466224312e-03 7.148740902970250437e-03 4.127736458551232480e-03 9.827453461353623590e-03 4.523819315227259330e-03 1.077733907387617507e-03 5.129664766094317249e-03
1.287586767463877735e-01 1.000000000000000000e+00 2.589955217679498073e-02 9.523437899964482325e-03 1.101300885041694815e-02 2.259563121669866392e-02 9.632391874341807853e-03 1.377100881659989833e-02 1.505446002168630421e-02 1.029916299239322097e-01 4.138266226535727843e-02 6.402754249391282015e-03 1.280272324596269488e-02 2.317593755695454213e-02 7.811090516813545652e-03 7.801597216335877383e-02 3.549959525049492526e-02 2.142910876155676436e-02 1.474181293728229862e-02 1.172493883213575859e-02 1.501779212740036659e-02 1.016077366730924747e-02 1.621650479535253001e-02 7.760295495745023545e-03 1.300619395878147531e-02 1.163271087813397449e-02 1.842898153779517481e-03 1.466762482205282575e-02 3.696488763596365162e-02 8.583774170951005700e-03 5.685795642448018827e-03 1.131150393603608424e-02 2.523077024582707269e-03 4.510315100883576650e-03 2.749452098600914385e-02 3.383886065972496575e-03 1.255442550098622052e-02 4.174535794276611894e-02 9.856684348180129798e-03 1.187888416254609565e-02 6.310239623582818667e-03 1.218257873623622596e-03
5.375882378184392019e-02 2.589955217679498073e-02 1.000000000000000000e+00 1.020614261236578724e-01 4.702457055534818575e-02 1.548074419255483780e-02 1.862732044555914790e-02 3.457138848770995726e-02 4.891152725425521909e-03 5.563827095354012542e-02 2.345792065386937200e-02 4.107605670799833325e-02 7.265712933248198724e-02 1.118499204576111315e-02 9.728691870609269821e-03 3.118624363258987522e-02 2.741017685113009833e-02 1.721818123223445296e-02 6.820264225372660999e-03 4.730266325149015683e-03 2.706982808464692032e-03 1.041077426229230010e-02 1.137185214907823066e-02 2.229899552567631872e-03 3.443585813620531500e-03 6.246879353027807828e-03 6.950696423651860903e-04 4.348764297929994666e-03 5.045090566437023492e-03 1.048864822695460067e-02 3.331968216615909927e-03 0.000000000000000000e+00 3.010853797707116583e-04 9.290506654756681190e-04 1.465025823098205704e-03 3.324202948701114472e-04 2.493677954677368542e-03 2.297254740441093189e-04 1.566921270510102798e-02 1.327762879044816014e-03 2.766011888489908243e-04 8.548322092204864095e-03
6.474778127207503689e-03 9.523437899964482325e-03 1.020614261236578724e-01 1.000000000000000000e+00 3.148622248578056976e-02 5.133496197484917895e-02 3.301717949841992406e-02 2.257460811647089144e-02 5.294546680522991926e-03 3.073886183950955836e-02 1.790386449224775148e-02 1.383347699352221460e-01 8.404933590647770125e-02 3.185642696860793710e-02 4.013548300269427493e-02 1.055395784100842532e-02 1.345034111362185605e-02 3.686664136266945557e-02 1.795076816511598575e-02 5.521995653572741095e-03 1.070089840084470327e-02 9.141851120657991381e-02 3.022225050631164797e-02 7.725651910187662265e-03 3.601718652077817717e-02 1.581339379451737748e-02 9.938238468166668907e-03 2.243112346229933409e-03 2.680159631415782173e-03 2.245015731259921918e-03 9.604177462541970854e-04 4.945742772010532475e-04 4.215377106658012036e-04 2.543035991289399221e-04 0.000000000000000000e+00 6.576580563895397229e-04 1.080595151366338554e-02 4.529971135367414151e-03 2.487458647237805135e-03 4.971909074846877011e-03 1.304694447682396919e-03 3.189129361118631274e-03
2.225114075799899602e-02 1.101300885041694815e-02 4.702457055534818575e-02 3.148622248578056976e-02 1.000000000000000000e+00 4.765526333128510678e-02 7.743504351446947598e-02 5.168635937072134715e-03 3.354980451061231189e-02 1.037997849233335441e-02 7.981518211797176965e-03 1.306535385950188637e-02 3.365464694389168343e-02 6.306150655559804308e-03 1.132654947784305852e-02 6.004142062638055839e-03 3.975714162896912263e-02 5.143383256992400954e-03 1.551880922468122778e-03 3.252835294104047033e-03 1.561885542774145777e-03 2.334045974316516225e-03 6.386003231305185414e-03 1.270583069816970823e-03 2.260627325305179444e-02 5.803671199270928581e-03 2.045188691226888095e-03 1.425406742647663790e-03 6.486530310196168998e-03 7.494303883066795804e-03 7.746679038859301432e-03 2.217480058102870577e-03 4.643544916793649995e-03 2.263968847619377694e-02 5.534350086772280741e-05 1.036224146382382213e-03 5.295627548910004923e-02 8.910090150130691583e-03 1.545634738206188392e-03 1.453407531935152659e-02 6.232526750853249753e-03 3.738140780325698194e-03
2.265346648520064066e-02 2.259563121669866392e-02 1.548074419255483780e-02 5.133496197484917895e-02 4.765526333128510678e-02 1.000000000000000000e+00 1.181011705155874530e-01 2.621555421092212901e-02 5.289566474226652625e-03 1.656738870202165842e-02 1.055467684789299261e-02 1.406641445597867947e-02 1.410496042053547595e-02 6.101137182828475503e-02 6.022970262906270078e-02 2.229772022987079258e-02 1.494422525733248019e-02 1.266544096322489987e-01 4.766698603350696256e-02 2.450357941945782367e-02 2.210755968009335201e-02 5.658933883786773644e-02 1.032150197486810528e-01 2.299607288500350386e-02 1.308029491232772235e-01 7.832003157642011826e-02 2.614894538036158581e-02 1.301199540251385921e-02 8.686216982639034453e-03 6.924132324914614688e-03 4.336823476346106723e-03 2.906967908322652221e-03 5.303079707062783145e-04 2.382551187685445424e-03 5.881802635892885434e-03 8.473819177259314054e-04 5.917590319981004716e-03 6.605448684564572438e-04 4.226361835307120875e-03 4.661068981089002555e-03 6.044238285706556458e-04 7.001806165845453865e-03
1.544548688450447967e-02 9.632391874341807853e-03 1.862732044555914790e-02 3.301717949841992406e-02 7.743504351446947598e-02 1.181011705155874530e-01 1.000000000000000000e+00 1.227543649584712793e-02 1.760506848598938565e-02 1.332681480045865181e-02 5.899202799137946013e-03 1.555447083399636929e-02 1.009418899838465840e-02 1.518007797479577203e-02 3.377855020226241262e-02 8.563918200585706256e-03 2.464727321503605226e-02 7.229465748767866309e-03 5.604782565987349863e-03 9.386890285935095210e-03 2.591819586029121911e-03 1.047510408932218924e-02 6.945024200053620533e-03 1.598249248966775084e-03 9.385904362049118932e-02 2.426504205066984735e-02 9.070690424284807984e-03 1.132945129771710958e-03 2.966959106701260590e-02 8.309206053886608254e-03 7.781512512897210791e-03 4.739846481702393068e-03 4.840706835099808925e-03 2.130370752834748541e-02 6.134128547344154352e-03 3.313937310594625412e-03 1.643682046787855316e-02 4.019044963452191553e-03 1.356798112072553266e-03 1.586245058541116415e-02 1.834293172084975471e-03 4.384576832932801128e-03
2.697739410235634738e-02 1.377100881659989833e-02 3.457138848770995726e-02 2.257460811647089144e-02 5.168635937072134715e-03 2.621555421092212901e-02 1.227543649584712793e-02 1.000000000000000000e+00 1.994658010151617242e-03 8.359597168146496587e-03 6.502213396719921414e-03 7.256872308536214088e-03 5.531097337142735181e-03 1.125501383385811745e-02 8.519603195142156499e-03 8.098315839757072934e-03 4.272640838881085548e-03 8.288939204827207655e-03 5.116743778618404979e-03 1.057010003647080839e-03 1.932361836360919601e-03 4.842628581602421468e-03 7.198246337979410242e-03 1.079742316953931271e-03 5.249652902992666369e-03 6.919714892118452448e-03 9.344505324155426155e-04 2.579773267949784371e-03 1.419030191004461323e-03 4.323814554948270106e-03 1.613954723822476475e-03 2.856099667862929854e-04 7.286974529075593765e-04 1.337928888197325531e-03 2.376566418816423911e-04 8.822216045506441192e-04 2.351573985821878425e-04 3.025544264114277845e-05 5.275389852386308358e-03 1.554759252670998015e-03 1.596626940562008890e-04 1.041786298247780019e-04
2.046416382054927485e-02 1.505446002168630421e-02 4.891152725425521909e-03 5.294546680522991926e-03 3.354980451061231189e-02 5.289566474226652625e-03 1.760506848598938565e-02 1.994658010151617242e-03 1.000000000000000000e+00 2.709243752615622669e-02 4.137301046093462553e-02 7.141842782243753955e-03 5.480380769981150341e-02 4.736038944130220758e-03 6.970946143264047760e-03 1.522307789064409819e-02 4.623062683002431700e-02 2.811473219319337528e-03 1.323441556371143454e-03 7.985554549555828538e-03 4.793657752016638844e-03 3.624108544682735564e-04 3.447820190574176109e-03 6.243290217108193050e-04 2.014939122803870858e-02 1.880024938995278555e-03 4.364908566350435108e-03 5.954866948569760565e-03 5.624909637006236807e-02 3.242925448373876890e-03 1.880526135812782967e-02 3.733115062414757782e-03 5.906289909786204169e-03 3.825294835538611132e-02 7.757002489293152690e-03 3.771268908232894290e-02 2.214793449277292769e-02 1.356066106951056907e-03 3.826496335009884828e-03 1.363170917993895281e-01 1.000483391752123724e-02 5.674457174726711683e-02
2.140199697929681330e-02 1.029916299239322097e-01 5.563827095354012542e-02 3.073886183950955836e-02 1.037997849233335441e-02 1.656738870202165842e-02 1.332681480045865181e-02 8.359597168146496587e-03 2.709243752615622669e-02 1.000000000000000000e+00 1.490985670736465207e-01 1.947407051228538383e-02 3.496843015770591950e-02 2.563122135995058587e-02 1.290237128498761439e-02 9.713580936912942498e-02 5.306871759186516241e-02 2.185492250849845747e-02 9.073851403824786943e-03 3.000899349790757138e-03 1.035193693599107366e-02 1.948001359002842631e-02 1.639524542527692405e-02 6.859724641924305581e-03 1.051153590514232981e-02 1.354212625834387042e-02 1.970129265943303554e-03 1.607621306671675257e-02 2.072398438559284323e-02 5.911490079473374210e-03 5.748965307176963531e-03 7.844458956147147902e-03 3.220044343073549201e-03 6.256337592396057391e-03 1.444669946171282283e-02 2.329613172137867238e-03 1.664515300187898285e-03 4.362241205114233966e-03 2.152034433087240701e-03 1.110629004972462155e-02 1.684200722472425265e-03 6.342398929835750077e-05
1.810959841080990798e-02 4.138266226535727843e-02 2.345792065386937200e-02 1.790386449224775148e-02 7.981518211797176965e-03 1.055467684789299261e-02 5.899202799137946013e-03 6.502213396719921414e-03 4.137301046093462553e-02 1.490985670736465207e-01 1.000000000000000000e+00 3.171354798585688389e-02 8.084398272378645611e-02 1.385391252932867759e-02 1.120950905768136434e-02 3.269070044422266175e-02 1.278927688756054393e-01 1.458146981728912668e-02 4.375060681158275677e-03 1.565532388961192586e-03 1.054472003514200090e-02 5.343297039165160155e-03 1.716179166398476216e-02 4.082410477063471918e-03 7.208761478549098080e-03 8.941686179912856219e-03 1.005985889994323286e-03 2.851478890265962685e-03 1.413152936891622254e-02 2.374792863629762892e-03 2.877283259582708638e-03 7.223632298919517841e-04 1.258067536001072385e-03 3.733127604527058767e-03 1.657593978688826119e-03 5.427290055301037600e-03 3.956912415377232973e-04 5.207916551594461664e-04 6.079559811389036042e-04 3.980016363271452265e-03 5.735433695175479966e-04 5.211361954254698121e-04
4.657401326169843987e-03 6.402754249391282015e-03 4.107605670799833325e-02 1.383347699352221460e-01 1.306535385950188637e-02 1.406641445597867947e-02 1.555447083399636929e-02 7.256872308536214088e-03 7.141842782243753955e-03 1.947407051228538383e-02 3.171354798585688389e-02 1.000000000000000000e+00 7.238496267450046651e-02 2.326168502587765835e-02 8.163504673768548492e-02 5.455135336645249716e-03 1.993339169449437689e-02 1.004991526473909824e-02 2.283161603720942293e-03 2.341297783487078597e-03 3.137719861087727782e-03 2.325413633265848920e-02 1.203774061756922829e-02 1.480330136531253721e-03 1.669159868828752613e-02 2.543353557327137932e-03 6.143206569767451549e-04 1.165285795112151529e-03 3.906996491414031249e-03 6.809513264301485973e-04 6.510904794793168212e-04 1.298612302284316055e-03 7.545361123731104784e-04 1.322792984605873330e-03 0.000000000000000000e+00 0.000000000000000000e+00 1.499091566633161537e-03 9.567058183071937847e-04 4.917162656967240687e-04 2.761181141582870458e-04 1.104719365809071150e-04 0.000000000000000000e+00
7.784260655738047506e-03 1.280272324596269488e-02 7.265712933248198724e-02 8.404933590647770125e-02 3.365464694389168343e-02 1.410496042053547595e-02 1.009418899838465840e-02 5.531097337142735181e-03 5.480380769981150341e-02 3.496843015770591950e-02 8.084398272378645611e-02 7.238496267450046651e-02 1.000000000000000000e+00 3.326451515308057050e-02 3.168723289059469789e-02 1.217935438480952960e-02 3.125644187396628415e-02 2.090825954543741941e-02 5.256343705611323837e-03 4.900907948826783121e-03 6.933884768684047371e-03 1.175287469353348407e-02 2.589929873667144375e-02 5.094784276708263712e-03 1.615693768049509746e-02 3.691304995282988256e-03 3.999380902399685112e-04 1.198932182937639639e-03 4.014167287328901899e-03 6.358757418400869110e-04 5.884583192894577569e-04 5.934627209338562371e-04 7.467587114781843458e-04 1.958707966355015500e-04 1.115293754229478652e-04 1.476500566068005785e-03 5.317118869402899517e-03 1.762543649269153077e-03 2.065827502080109807e-03 4.417012857234107158e-03 9.338783237401776700e-05 8.225456145536522851e-03
5.823636024213547924e-03 2.317593755695454213e-02 1.118499204576111315e-02 3.185642696860793710e-02 6.306150655559804308e-03 6.101137182828475503e-02 1.518007797479577203e-02 1.125501383385811745e-02 4.736038944130220758e-03 2.563122135995058587e-02 1.385391252932867759e-02 2.326168502587765835e-02 3.326451515308057050e-02 1.000000000000000000e+00 8.233319124675436695e-02 3.053529518380894425e-02 6.665043817947855984e-03 6.158931945741503988e-02 2.223700361562646818e-02 9.237868291195997644e-03 3.070949009020165418e-02 2.922258130456498876e-02 5.890792114757305992e-02 8.904264080648521124e-03 5.347975507913596549e-02 1.008083844638607215e-02 1.845115576975952729e-03 8.270839737704484620e-03 2.218773379057886914e-03 3.754757616343245164e-03 5.555610130469733213e-04 8.395848816728736968e-04 1.785732975232700041e-04 3.749336925975639188e-04 4.539707275571595304e-04 2.569109751846900577e-04 4.409967270213330866e-04 8.390130593209793337e-04 1.635087233879271114e-03 2.483347501004044139e-03 1.734813164375261267e-04 8.786530822982677527e-03
5.390684952481801517e-03 7.811090516813545652e-03 9.728691870609269821e-03 4.013548300269427493e-02 1.132654947784305852e-02 6.022970262906270078e-02 3.377855020226241262e-02 8.519603195142156499e-03 6.970946143264047760e-03 1.290237128498761439e-02 1.120950905768136434e-02 8.163504673768548492e-02 3.168723289059469789e-02 8.233319124675436695e-02 1.000000000000000000e+00 1.981448123853524895e-02 1.261916632359601047e-02 2.111367041421277971e-02 7.785751959442323809e-03 3.823170063584964851e-03 8.929983947407661715e-03 1.305181730770506310e-02 1.943538097112647300e-02 6.707228989233185792e-03 9.473898203143697738e-02 1.620516858704024524e-02 8.341733788838201838e-03 2.145985207412398881e-03 1.118896437468152108e-02 1.399353008968465392e-03 3.872080586926585316e-04 1.506540512703134294e-03 7.243412741985881878e-04 7.425399603591339732e-04 2.520415331328815863e-04 2.579920339523685512e-04 2.876013605891603847e-05 7.945289324861075017e-04 6.572885818265044146e-04 2.196479969164034495e-03 4.659148389895822470e-05 3.069009953560165004e-05
2.189720225110534588e-02 7.801597216335877383e-02 3.118624363258987522e-02 1.055395784100842532e-02 6.004142062638055839e-03 2.229772022987079258e-02 8.563918200585706256e-03 8.098315839757072934e-03 1.522307789064409819e-02 9.713580936912942498e-02 3.269070044422266175e-02 5.455135336645249716e-03 1.217935438480952960e-02 3.053529518380894425e-02 1.981448123853524895e-02 1.000000000000000000e+00 2.502147606157921478e-02 2.488841966595771449e-02 1.171029729362292604e-02 7.386843712037067036e-03 1.008368142445619300e-02 9.816194345951129163e-03 1.887283001434246488e-02 5.662663448645985018e-03 2.690098259427883137e-02 1.379646066240962365e-02 1.872514102901034301e-03 9.926728920862689168e-03 1.762356093532435261e-02 4.525870865296054840e-03 4.811131500155428099e-03 2.710749053936444431e-03 2.730096282375336111e-04 9.179950041364504792e-03 8.861371029102375722e-04 4.461737858317641262e-03 4.143377781685161215e-03 1.471746090021582541e-03 1.066355251907998751e-03 4.191645058078390974e-03 4.440491763348786819e-04 1.478098398444843697e-02
2.015609109790608700e-02 3.549959525049492526e-02 2.741017685113009833e-02 1.345034111362185605e-02 3.975714162896912263e-02 1.494422525733248019e-02 2.464727321503605226e-02 4.272640838881085548e-03 4.623062683002431700e-02 5.306871759186516241e-02 1.278927688756054393e-01 1.993339169449437689e-02 3.125644187396628415e-02 6.665043817947855984e-03 1.261916632359601047e-02 2.502147606157921478e-02 1.000000000000000000e+00 6.758947563349151574e-03 6.060462695911570524e-03 3.625711868551527786e-03 4.141175440522500834e-03 5.130847675799674913e-03 7.782460482685293369e-03 2.241716777288859513e-03 9.424044911287088669e-03 7.377648963304244203e-03 2.827388874210283280e-03 4.996125634985262853e-03 1.172668028698100467e-02 4.881213368623762289e-03 5.269435324845806769e-03 5.803416757844489030e-03 3.876578185454933410e-03 1.068811409687464922e-02 1.470155046615127890e-03 9.944914074699173073e-03 1.253645646344211592e-02 2.370105264039617816e-03 4.142080440639220665e-03 1.090149423544113823e-02 4.063738910297389449e-03 5.954332559780463850e-03
8.111346930137352737e-03 2.142910876155676436e-02 1.721818123223445296e-02 3.686664136266945557e-02 5.143383256992400954e-03 1.266544096322489987e-01 7.229465748767866309e-03 8.288939204827207655e-03 2.811473219319337528e-03 2.185492250849845747e-02 1.458146981728912668e-02 1.004991526473909824e-02 2.090825954543741941e-02 6.158931945741503988e-02 2.111367041421277971e-02 2.488841966595771449e-02 6.758947563349151574e-03 1.000000000000000000e+00 1.561099112155655000e-01 5.757010735746848767e-02 1.056845737846835859e-01 1.031509077775948219e-01 2.995717361883358243e-01 5.481649858295803424e-02 1.085970683010720542e-02 2.297338065255817921e-02 8.357967912250787931e-03 6.013507746430268169e-02 2.797046971437787063e-03 2.110466285281838508e-02 5.871378478549953150e-03 1.633536482324934001e-03 5.053737466582527375e-04 5.974921811911934827e-04 1.084169877493351263e-03 4.942204559974408377e-04 7.689676786052556052e-04 2.600492519722451962e-03 2.649825276345081550e-03 1.254837605082647148e-03 2.104588520681498253e-04 2.733178874358741309e-02
8.826395738626976323e-03 1.474181293728229862e-02 6.820264225372660999e-03 1.795076816511598575e-02 1.551880922468122778e-03 4.766698603350696256e-02 5.604782565987349863e-03 5.116743778618404979e-03 1.323441556371143454e-03 9.073851403824786943e-03 4.375060681158275677e-03 2.283161603720942293e-03 5.256343705611323837e-03 2.223700361562646818e-02 7.785751959442323809e-03 1.171029729362292604e-02 6.060462695911570524e-03 1.561099112155655000e-01 1.000000000000000000e+00 4.838189504966743104e-02 5.449903673072565430e-02 5.341517042209276145e-02 1.144443030283949503e-01 5.665794458276232626e-02 4.458974034136894797e-03 1.931263089999659191e-02 5.573299019538501334e-03 1.938984531256632629e-02 2.935556767001174568e-03 7.733693289832999432e-03 9.307165320009962162e-03 5.557673497566666641e-03 6.854327387684471667e-03 9.405579418522063209e-04 1.065106633254172966e-03 2.279227359592163327e-03 1.228322207272164500e-03 4.104565684011902797e-03 2.686737516485189058e-03 1.293728198466935660e-03 5.290368333381575755e-04 1.528637160982306183e-02
2.782695622156586279e-02 1.172493883213575859e-02 4.730266325149015683e-03 5.521995653572741095e-03 3.252835294104047033e-03 2.450357941945782367e-02 9.386890285935095210e-03 1.057010003647080839e-03 7.985554549555828538e-03 3.000899349790757138e-03 1.565532388961192586e-03 2.341297783487078597e-03 4.900907948826783121e-03 9.237868291195997644e-03 3.823170063584964851e-03 7.386843712037067036e-03 3.625711868551527786e-03 5.757010735746848767e-02 4.838189504966743104e-02 1.000000000000000000e+00 4.511701415117155833e-02 2.062112744612841844e-02 4.979719594609950672e-02 1.561055614626694933e-02 6.705050343989760013e-03 2.065421651318408939e-03 7.071126449398429338e-04 6.392603760066882523e-02 1.324056109781031158e-02 3.068396079681563401e-02 5.339433830124792890e-02 1.871414437845606363e-02 7.139362592112996446e-03 4.705800918798451818e-03 3.760559411372374223e-03 6.930572116999954291e-03 4.717340786350309942e-03 8.213284968138201067e-03 1.803897433487128971e-02 6.425326115042814985e-03 1.199155774458507016e-03 2.791299120682084675e-03
4.416910429462972583e-03 1.501779212740036659e-02 2.706982808464692032e-03 1.070089840084470327e-02 1.561885542774145777e-03 2.210755968009335201e-02 2.591819586029121911e-03 1.932361836360919601e-03 4.793657752016638844e-03 1.035193693599107366e-02 1.054472003514200090e-02 3.137719861087727782e-03 6.933884768684047371e-03 3.070949009020165418e-02 8.929983947407661715e-03 1.008368142445619300e-02 4.141175440522500834e-03 1.056845737846835859e-01 5.449903673072565430e-02 4.511701415117155833e-02 1.000000000000000000e+00 2.029563182374255481e-02 9.461094906954849171e-02 2.859575814978766728e-02 1.908938442759973431e-02 4.771646121508186372e-03 3.332487256926680748e-03 5.298018122458497681e-02 3.515465713606409810e-03 9.215515897508447241e-02 3.231677971373443994e-03 8.967605174027535892e-04 1.210518873160311903e-03 1.198523246995597969e-03 1.780276138007248765e-03 1.192765171192258214e-03 5.705645029507892731e-04 2.360509322370559718e-03 1.177632201129984050e-03 3.534413223250835925e-03 1.046672173669610387e-03 6.634085242400025034e-03
6.440304620030001294e-03 1.016077366730924747e-02 1.041077426229230010e-02 9.141851120657991381e-02 2.334045974316516225e-03 5.658933883786773644e-02 1.047510408932218924e-02 4.842628581602421468e-03 3.624108544682735564e-04 1.948001359002842631e-02 5.343297039165160155e-03 2.325413633265848920e-02 1.175287469353348407e-02 2.922258130456498876e-02 1.305181730770506310e-02 9.816194345951129163e-03 5.130847675799674913e-03 1.031509077775948219e-01 5.341517042209276145e-02 2.062112744612841844e-02 2.029563182374255481e-02 1.000000000000000000e+00 8.971200564989471882e-02 1.903537459219050917e-02 1.303291461725803076e-02 2.752907193188862400e-02 7.443089076443639568e-03 1.889280562158626720e-02 6.608336569390225968e-04 1.595047794767189605e-03 2.278246026991308704e-04 8.807795369972505964e-03 2.383570796425982837e-04 5.906453487179766620e-05 0.000000000000000000e+00 9.873093412384218674e-05 2.387666097178020824e-04 8.009219351465612729e-05 1.893951513984131352e-03 5.532514960930603413e-04 5.992466429443107895e-05 4.260604238315751115e-03
7.162026054012397142e-03 1.621650479535253001e-02 1.137185214907823066e-02 3.022225050631164797e-02 6.386003231305185414e-03 1.032150197486810528e-01 6.945024200053620533e-03 7.198246337979410242e-03 3.447820190574176109e-03 1.639524542527692405e-02 1.716179166398476216e-02 1.203774061756922829e-02 2.589929873667144375e-02 5.890792114757305992e-02 1.943538097112647300e-02 1.887283001434246488e-02 7.782460482685293369e-03 2.995717361883358243e-01 1.144443030283949503e-01 4.979719594609950672e-02 9.461094906954849171e-02 8.971200564989471882e-02 1.000000000000000000e+00 4.833320967709896221e-02 1.002881518996278157e-02 1.386617563594544356e-02 5.351919325707073412e-03 4.663507308883533403e-02 2.059924526006644795e-03 1.696589836994911310e-02 4.153256707179217230e-03 7.593192012082753545e-04 4.818857437347800728e-04 3.647264697716977289e-04 8.811512833927467089e-04 4.957189252667699129e-04 3.789718850921725956e-04 1.310194750192755992e-03 2.090501234304520482e-03 6.189788697186635784e-04 1.236345122757354380e-04 1.095941945553346140e-02
2.941589005871385939e-03 7.760295495745023545e-03 2.229899552567631872e-03 7.725651910187662265e-03 1.270583069816970823e-03 2.299607288500350386e-02 1.598249248966775084e-03 1.079742316953931271e-03 6.243290217108193050e-04 6.859724641924305581e-03 4.082410477063471918e-03 1.480330136531253721e-03 5.094784276708263712e-03 8.904264080648521124e-03 6.707228989233185792e-03 5.662663448645985018e-03 2.241716777288859513e-03 5.481649858295803424e-02 5.665794458276232626e-02 1.561055614626694933e-02 2.859575814978766728e-02 1.903537459219050917e-02 4.833320967709896221e-02 1.000000000000000000e+00 3.971939952953655074e-03 1.201000175325269217e-02 1.976090929406244898e-03 3.755186115140512343e-03 8.537709232474115792e-04 3.861224817402930838e-03 2.231610937232488857e-03 6.769743845586153122e-04 3.053542583265766866e-04 5.496555459608237727e-04 9.212970984593308156e-04 5.738784609842867640e-05 1.296658277086367101e-04 4.589919551941025900e-04 2.619105955774951632e-04 1.800424748978709619e-05 1.131653932018515223e-04 1.895849155990249378e-03
1.152508607005141295e-02 1.300619395878147531e-02 3.443585813620531500e-03 3.601718652077817717e-02 2.260627325305179444e-02 1.308029491232772235e-01 9.385904362049118932e-02 5.249652902992666369e-03 2.014939122803870858e-02 1.051153590514232981e-02 7.208761478549098080e-03 1.669159868828752613e-02 1.615693768049509746e-02 5.347975507913596549e-02 9.473898203143697738e-02 2.690098259427883137e-02 9.424044911287088669e-03 1.085970683010720542e-02 4.458974034136894797e-03 6.705050343989760013e-03 1.908938442759973431e-02 1.303291461725803076e-02 1.002881518996278157e-02 3.971939952953655074e-03 1.000000000000000000e+00 7.491650196288050789e-02 7.968326648410711810e-02 1.183854655396546956e-03 4.609053505872349327e-02 9.717429218553372966e-03 5.155695794704449018e-03 1.343333510507768594e-03 5.022408355338948277e-03 1.184685152037701431e-02 3.518278529557440550e-03 7.126354113546132241e-03 5.648999340361770052e-03 1.026942003353957175e-03 1.454559245101839232e-03 6.262134866184376758e-03 3.803651995460076147e-04 3.879079017886583936e-04
5.973203312990468458e-03 1.163271087813397449e-02 6.246879353027807828e-03 1.581339379451737748e-02 5.803671199270928581e-03 7.832003157642011826e-02 2.426504205066984735e-02 6.919714892118452448e-03 1.880024938995278555e-03 1.354212625834387042e-02 8.941686179912856219e-03 2.543353557327137932e-03 3.691304995282988256e-03 1.008083844638607215e-02 1.620516858704024524e-02 1.379646066240962365e-02 7.377648963304244203e-03 2.297338065255817921e-02 1.931263089999659191e-02 2.065421651318408939e-03 4.771646121508186372e-03 2.752907193188862400e-02 1.386617563594544356e-02 1.201000175325269217e-02 7.491650196288050789e-02 1.000000000000000000e+00 7.592597107391824141e-02 3.937306728052043033e-04 3.017217456294502172e-03 3.456739093297843315e-03 5.063300852965636886e-04 8.241171399329476593e-05 9.816130109250265307e-05 5.249796774477815498e-05 4.488542641882741716e-04 8.248628012043721796e-05 2.591763545586890695e-05 5.079329512941774391e-05 8.103609976524150666e-05 4.563854255739295193e-04 3.129288990146943366e-05 9.382614305977105039e-04
1.417351126277346289e-03 1.842898153779517481e-03 6.950696423651860903e-04 9.938238468166668907e-03 2.045188691226888095e-03 2.614894538036158581e-02 9.070690424284807984e-03 9.344505324155426155e-04 4.364908566350435108e-03 1.970129265943303554e-03 1.005985889994323286e-03 6.143206569767451549e-04 3.999380902399685112e-04 1.845115576975952729e-03 8.341733788838201838e-03 1.872514102901034301e-03 2.827388874210283280e-03 8.357967912250787931e-03 5.573299019538501334e-03 7.071126449398429338e-04 3.332487256926680748e-03 7.443089076443639568e-03 5.351919325707073412e-03 1.976090929406244898e-03 7.968326648410711810e-02 7.592597107391824141e-02 1.000000000000000000e+00 1.714515346508154641e-04 4.189119111388537979e-03 4.603916350778752614e-04 8.424630174570184977e-05 0.000000000000000000e+00 3.964526299265101696e-05 0.000000000000000000e+00 0.000000000000000000e+00 0.000000000000000000e+00 0.000000000000000000e+00 1.058239333815961814e-04 0.000000000000000000e+00 2.876986441347358545e-05 0.000000000000000000e+00 0.000000000000000000e+00
2.967438201992866897e-02 1.466762482205282575e-02 4.348764297929994666e-03 2.243112346229933409e-03 1.425406742647663790e-03 1.301199540251385921e-02 1.132945129771710958e-03 2.579773267949784371e-03 5.954866948569760565e-03 1.607621306671675257e-02 2.851478890265962685e-03 1.165285795112151529e-03 1.198932182937639639e-03 8.270839737704484620e-03 2.145985207412398881e-03 9.926728920862689168e-03 4.996125634985262853e-03 6.013507746430268169e-02 1.938984531256632629e-02 6.392603760066882523e-02 5.298018122458497681e-02 1.889280562158626720e-02 4.663507308883533403e-02 3.755186115140512343e-03 1.183854655396546956e-03 3.937306728052043033e-04 1.714515346508154641e-04 1.000000000000000000e+00 3.188493165632077381e-02 1.463349721504681178e-01 4.520500469863061865e-02 1.443703755606635421e-02 2.854247755858589988e-02 4.399673642194309661e-03 2.162059321527082592e-02 9.662371346942286859e-03 5.759434993740821310e-03 2.912654523168645843e-02 2.184449054394933115e-02 1.455241957973156877e-02 3.746466911598220467e-03 8.689162917320837620e-03
5.699037976039606629e-02 3.696488763596365162e-02 5.045090566437023492e-03 2.680159631415782173e-03 6.486530310196168998e-03 8.686216982639034453e-03 2.966959106701260590e-02 1.419030191004461323e-03 5.624909637006236807e-02 2.072398438559284323e-02 1.413152936891622254e-02 3.906996491414031249e-03 4.014167287328901899e-03 2.218773379057886914e-03 1.118896437468152108e-02 1.762356093532435261e-02 1.172668028698100467e-02 2.797046971437787063e-03 2.935556767001174568e-03 1.324056109781031158e-02 3.515465713606409810e-03 6.608336569390225968e-04 2.059924526006644795e-03 8.537709232474115792e-04 4.609053505872349327e-02 3.017217456294502172e-03 4.189119111388537979e-03 3.188493165632077381e-02 1.000000000000000000e+00 2.144454932545632186e-02 5.912196383604750166e-02 4.394707393745325014e-02 4.330213681088215805e-02 9.285223786701993220e-02 2.476033929798212088e-02 4.767643947303197571e-02 1.791810928861141405e-02 3.574443351635180673e-03 1.444222502116142108e-02 1.244041920038740749e-02 1.090842485150745125e-02 1.517978774070216988e-02
1.638912018093085024e-02 8.583774170951005700e-03 1.048864822695460067e-02 2.245015731259921918e-03 7.494303883066795804e-03 6.924132324914614688e-03 8.309206053886608254e-03 4.323814554948270106e-03 3.242925448373876890e-03 5.911490079473374210e-03 2.374792863629762892e-03 6.809513264301485973e-04 6.358757418400869110e-04 3.754757616343245164e-03 1.399353008968465392e-03 4.525870865296054840e-03 4.881213368623762289e-03 2.110466285281838508e-02 7.733693289832999432e-03 3.068396079681563401e-02 9.215515897508447241e-02 1.595047794767189605e-03 1.696589836994911310e-02 3.861224817402930838e-03 9.717429218553372966e-03 3.456739093297843315e-03 4.603916350778752614e-04 1.463349721504681178e-01 2.144454932545632186e-02 1.000000000000000000e+00 5.843132856943068776e-02 3.044289980262966308e-02 4.180370594546798518e-02 9.427941480379274999e-03 1.048447305160563753e-02 1.582353368142923669e-02 9.846855775849639586e-03 3.051941980515475786e-02 2.681631905447674422e-02 1.196823517716802572e-02 4.082334130615972861e-03 6.272790893754064123e-03
7.138748799827949847e-03 5.685795642448018827e-03 3.331968216615909927e-03 9.604177462541970854e-04 7.746679038859301432e-03 4.336823476346106723e-03 7.781512512897210791e-03 1.613954723822476475e-03 1.880526135812782967e-02 5.748965307176963531e-03 2.877283259582708638e-03 6.510904794793168212e-04 5.884583192894577569e-04 5.555610130469733213e-04 3.872080586926585316e-04 4.811131500155428099e-03 5.269435324845806769e-03 5.871378478549953150e-03 9.307165320009962162e-03 5.339433830124792890e-02 3.231677971373443994e-03 2.278246026991308704e-04 4.153256707179217230e-03 2.231610937232488857e-03 5.155695794704449018e-03 5.063300852965636886e-04 8.424630174570184977e-05 4.520500469863061865e-02 5.912196383604750166e-02 5.843132856943068776e-02 1.000000000000000000e+00 6.097257656344428484e-02 1.550195663555701264e-01 4.815284937999622650e-02 6.098317349348308936e-02 5.005421825431657229e-02 3.688179154414692601e-02 2.286990501655165875e-02 3.382223845399462414e-02 2.806403122153015156e-02 1.483152470545663452e-02 7.785751164838300604e-03
3.742327074710850941e-03 1.131150393603608424e-02 0.000000000000000000e+00 4.945742772010532475e-04 2.217480058102870577e-03 2.906967908322652221e-03 4.739846481702393068e-03 2.856099667862929854e-04 3.733115062414757782e-03 7.844458956147147902e-03 7.223632298919517841e-04 1.298612302284316055e-03 5.934627209338562371e-04 8.395848816728736968e-04 1.506540512703134294e-03 2.710749053936444431e-03 5.803416757844489030e-03 1.633536482324934001e-03 5.557673497566666641e-03 1.871414437845606363e-02 8.967605174027535892e-04 8.807795369972505964e-03 7.593192012082753545e-04 6.769743845586153122e-04 1.343333510507768594e-03 8.241171399329476593e-05 0.000000000000000000e+00 1.443703755606635421e-02 4.394707393745325014e-02 3.044289980262966308e-02 6.097257656344428484e-02 1.000000000000000000e+00 1.108581480542777803e-01 1.544318500508067189e-02 1.529376067741039166e-02 5.533369419470482442e-02 2.388595246845357303e-02 1.633301277311734884e-02 3.214368107361605109e-02 1.300255591337580625e-02 4.133479321364858135e-03 1.781826726320673120e-03
3.865741896873471552e-03 2.523077024582707269e-03 3.010853797707116583e-04 4.215377106658012036e-04 4.643544916793649995e-03 5.303079707062783145e-04 4.840706835099808925e-03 7.286974529075593765e-04 5.906289909786204169e-03 3.220044343073549201e-03 1.258067536001072385e-03 7.545361123731104784e-04 7.467587114781843458e-04 1.785732975232700041e-04 7.243412741985881878e-04 2.730096282375336111e-04 3.876578185454933410e-03 5.053737466582527375e-04 6.854327387684471667e-03 7.139362592112996446e-03 1.210518873160311903e-03 2.383570796425982837e-04 4.818857437347800728e-04 3.053542583265766866e-04 5.022408355338948277e-03 9.816130109250265307e-05 3.964526299265101696e-05 2.854247755858589988e-02 4.330213681088215805e-02 4.180370594546798518e-02 1.550195663555701264e-01 1.108581480542777803e-01 1.000000000000000000e+00 4.379496036796300118e-02 4.176383627297446111e-02 4.867583235457816071e-02 4.681706043968162506e-02 3.241652452849737992e-02 5.284825351676483707e-02 3.304779241713343141e-02 1.242591476103980554e-02 1.622563051319823651e-03
8.657409081756802308e-03 4.510315100883576650e-03 9.290506654756681190e-04 2.543035991289399221e-04 2.263968847619377694e-02 2.382551187685445424e-03 2.130370752834748541e-02 1.337928888197325531e-03 3.825294835538611132e-02 6.256337592396057391e-03 3.733127604527058767e-03 1.322792984605873330e-03 1.958707966355015500e-04 3.749336925975639188e-04 7.425399603591339732e-04 9.179950041364504792e-03 1.068811409687464922e-02 5.974921811911934827e-04 9.405579418522063209e-04 4.705800918798451818e-03 1.198523246995597969e-03 5.906453487179766620e-05 3.647264697716977289e-04 5.496555459608237727e-04 1.184685152037701431e-02 5.249796774477815498e-05 0.000000000000000000e+00 4.399673642194309661e-03 9.285223786701993220e-02 9.427941480379274999e-03 4.815284937999622650e-02 1.544318500508067189e-02 4.379496036796300118e-02 1.000000000000000000e+00 1.205439710132520138e-02 2.871400874789583474e-02 2.342079182321362557e-02 2.947428118777132428e-03 8.485512008822740024e-03 1.947048621260968199e-02 8.470357638904711661e-03 5.920891940133946561e-03
3.067317926007401361e-03 2.749452098600914385e-02 1.465025823098205704e-03 0.000000000000000000e+00 5.534350086772280741e-05 5.881802635892885434e-03 6.134128547344154352e-03 2.376566418816423911e-04 7.757002489293152690e-03 1.444669946171282283e-02 1.657593978688826119e-03 0.000000000000000000e+00 1.115293754229478652e-04 4.539707275571595304e-04 2.520415331328815863e-04 8.861371029102375722e-04 1.470155046615127890e-03 1.084169877493351263e-03 1.065106633254172966e-03 3.760559411372374223e-03 1.780276138007248765e-03 0.000000000000000000e+00 8.811512833927467089e-04 9.212970984593308156e-04 3.518278529557440550e-03 4.488542641882741716e-04 0.000000000000000000e+00 2.162059321527082592e-02 2.476033929798212088e-02 1.048447305160563753e-02 6.098317349348308936e-02 1.529376067741039166e-02 4.176383627297446111e-02 1.205439710132520138e-02 1.000000000000000000e+00 1.972324080116635153e-02 1.238832608226156373e-02 5.782024393716257704e-02 1.940454069808412660e-02 2.322472436292571940e-02 2.010156445699762262e-02 1.214578845983879836e-02
5.375942612466224312e-03 3.383886065972496575e-03 3.324202948701114472e-04 6.576580563895397229e-04 1.036224146382382213e-03 8.473819177259314054e-04 3.313937310594625412e-03 8.822216045506441192e-04 3.771268908232894290e-02 2.329613172137867238e-03 5.427290055301037600e-03 0.000000000000000000e+00 1.476500566068005785e-03 2.569109751846900577e-04 2.579920339523685512e-04 4.461737858317641262e-03 9.944914074699173073e-03 4.942204559974408377e-04 2.279227359592163327e-03 6.930572116999954291e-03 1.192765171192258214e-03 9.873093412384218674e-05 4.957189252667699129e-04 5.738784609842867640e-05 7.126354113546132241e-03 8.248628012043721796e-05 0.000000000000000000e+00 9.662371346942286859e-03 4.767643947303197571e-02 1.582353368142923669e-02 5.005421825431657229e-02 5.533369419470482442e-02 4.867583235457816071e-02 2.871400874789583474e-02 1.972324080116635153e-02 1.000000000000000000e+00 1.263030752949563865e-02 2.000249449178129191e-02 6.851877720348910870e-03 1.234145423894999344e-02 7.896248746869805393e-03 2.318772559093242730e-02
7.148740902970250437e-03 1.255442550098622052e-02 2.493677954677368542e-03 1.080595151366338554e-02 5.295627548910004923e-02 5.917590319981004716e-03 1.643682046787855316e-02 2.351573985821878425e-04 2.214793449277292769e-02 1.664515300187898285e-03 3.956912415377232973e-04 1.499091566633161537e-03 5.317118869402899517e-03 4.409967270213330866e-04 2.876013605891603847e-05 4.143377781685161215e-03 1.253645646344211592e-02 7.689676786052556052e-04 1.228322207272164500e-03 4.717340786350309942e-03 5.705645029507892731e-04 2.387666097178020824e-04 3.789718850921725956e-04 1.296658277086367101e-04 5.648999340361770052e-03 2.591763545586890695e-05 0.000000000000000000e+00 5.759434993740821310e-03 1.791810928861141405e-02 9.846855775849639586e-03 3.688179154414692601e-02 2.388595246845357303e-02 4.681706043968162506e-02 2.342079182321362557e-02 1.238832608226156373e-02 1.263030752949563865e-02 1.000000000000000000e+00 1.173951202949357897e-01 5.650931959287720102e-02 1.731836468359561065e-01 1.216867808002240203e-01 1.437759469691926584e-02
4.127736458551232480e-03 4.174535794276611894e-02 2.297254740441093189e-04 4.529971135367414151e-03 8.910090150130691583e-03 6.605448684564572438e-04 4.019044963452191553e-03 3.025544264114277845e-05 1.356066106951056907e-03 4.362241205114233966e-03 5.207916551594461664e-04 9.567058183071937847e-04 1.762543649269153077e-03 8.390130593209793337e-04 7.945289324861075017e-04 1.471746090021582541e-03 2.370105264039617816e-03 2.600492519722451962e-03 4.104565684011902797e-03 8.213284968138201067e-03 2.360509322370559718e-03 8.009219351465612729e-05 1.310194750192755992e-03 4.589919551941025900e-04 1.026942003353957175e-03 5.079329512941774391e-05 1.058239333815961814e-04 2.912654523168645843e-02 3.574443351635180673e-03 3.051941980515475786e-02 2.286990501655165875e-02 1.633301277311734884e-02 3.241652452849737992e-02 2.947428118777132428e-03 5.782024393716257704e-02 2.000249449178129191e-02 1.173951202949357897e-01 1.000000000000000000e+00 6.924072313784893073e-02 7.746081468570047146e-02 6.342551464779817849e-02 1.971305735553089810e-03
