1.243323857208470251e+01 5.559301859171712046e+00 2.607139391831832409e+00 2.484668926592888405e-01 1.503531395464285936e+00 6.425165022392743674e-01 8.806824977760616679e-01 4.483234019457301933e+00 1.156164052027294220e+00 9.094313380934239133e-01 9.264446206336400813e-01 2.699369459234468027e-01 3.794268967039452489e-01 2.889556659209346900e-01 3.166913968386805833e-01 1.487122936053882238e+00 1.249914795702319115e+00 1.933005322868567022e-01 3.756611258424297217e-01 1.598968782516087872e+00 2.157405585559222516e-01 2.746254254382851645e-01 1.937425723332700245e-01 3.079411350298950079e-01 4.399150955743352243e-01 4.686990981517296651e-01 2.317084039330706835e-01 1.177857687789586105e+00 2.383316913756442279e+00 8.944488737254808752e-01 3.735594910309847916e-01 2.069470792556150351e-01 2.275376172799609409e-01 9.271129081577722530e-01 2.771494467254781990e-01 6.546175383439595263e-01 3.729707739192956728e-01 2.110270954190144321e-01 5.781789018591029228e-01 2.640795165599743588e-01 1.357803995632302918e-01 7.336919326686689447e-01
5.559301859171712046e+00 8.208721528859477701e+00 9.247094679343867973e-01 2.690518285009728117e-01 5.478539083408215937e-01 4.718159867672984120e-01 4.043434953614057914e-01 1.684828595629664472e+00 6.261655883906377396e-01 3.221930026431972571e+00 1.558574716550004347e+00 2.732021145499050063e-01 4.594218617293561735e-01 8.465894630297101653e-01 3.378333664873423570e-01 3.900679992208475166e+00 1.620675451342433293e+00 3.759609496514235705e-01 4.619152623207016806e-01 4.960019932190005698e-01 5.400299557677120665e-01 3.189772184520128229e-01 3.229572034529836211e-01 5.980844719742287596e-01 3.654882922652880617e-01 6.719954161952508276e-01 2.218013695336719937e-01 4.286170927350280713e-01 1.138067943221318767e+00 3.448869176304314443e-01 2.190420407927083646e-01 4.605072444054376102e-01 1.093325346676228133e-01 3.555904822069337334e-01 1.828942015403820287e+00 3.033523059555379153e-01 4.822149211795869750e-01 1.571205552339125955e+00 4.269240776718495334e-01 5.105093127763566940e-01 5.852884351580808220e-01 1.282810608023776389e-01
2.607139391831832409e+00 9.247094679343867973e-01 1.267822807877061386e+01 3.238728690483407835e+00 2.627570373259137781e+00 3.630870427761357933e-01 8.782890059881780509e-01 4.750917985783909891e+00 2.285104050992624036e-01 1.955053023169019744e+00 9.923604683503376434e-01 1.968687167474322042e+00 2.928587990900443305e+00 4.589252663082871719e-01 4.726243153394965590e-01 1.751421221879737145e+00 1.405578910477012888e+00 3.393099896290416861e-01 2.400398565474657075e-01 2.247652520180097868e-01 1.093372137145458556e-01 3.671019243967534318e-01 2.543839272828934406e-01 1.930368895673131857e-01 1.086938309209686537e-01 4.053397891299336253e-01 9.396409852890735825e-02 1.427402014624143123e-01 1.744690953522496923e-01 4.733568867605272290e-01 1.441809302120038161e-01 0.000000000000000000e+00 1.465478047936654392e-02 8.227225203266419484e-02 1.094636187220277695e-01 3.347263033100502522e-02 1.075857889476570517e-01 9.711911463910965353e-03 7.623207097927505727e-01 6.409428197272992733e-02 2.881700728110798623e-02 1.011055359299107392e+00
2.484668926592888405e-01 2.690518285009728117e-01 3.238728690483407835e+00 5.947528905578698399e+00 1.392128172679906406e+00 9.527112759890029592e-01 1.231845313847127921e+00 2.454765862418247568e+00 1.957278755990181085e-01 8.546766566568733126e-01 5.993159953132876083e-01 5.246243716501279408e+00 2.680670732374367038e+00 1.034266592199002410e+00 1.542834176578533834e+00 4.689991327188737236e-01 5.457651968899104311e-01 5.748732354958006052e-01 4.999128966394553175e-01 2.076198070176675514e-01 3.420045545235207429e-01 2.550744271369227434e+00 5.349514986768030278e-01 5.291993370709204836e-01 8.995657565024535174e-01 8.119145964832816809e-01 1.063095276310620729e+00 5.825867535681632930e-02 7.333973698700081700e-02 8.017107603609437139e-02 3.288488243010241618e-02 1.789565205470711184e-02 1.623510967340168268e-02 1.781950507415605914e-02 0.000000000000000000e+00 5.240003773186481528e-02 3.688983407246381185e-01 1.515375066415223237e-01 9.575810787397780188e-02 1.899114221297648064e-01 1.075555417834159477e-01 2.984663250139359958e-01
1.503531395464285936e+00 5.478539083408215937e-01 2.627570373259137781e+00 1.392128172679906406e+00 1.403131999133711716e+01 1.557311593487016532e+00 5.087100691929919094e+00 9.896517120453193206e-01 2.183888577974389733e+00 5.081911473986461258e-01 4.704475139764435765e-01 8.724787713741823936e-01 1.890039182371460180e+00 3.605092044229535886e-01 7.666638146030921863e-01 4.698121308309567423e-01 2.840562007820619517e+00 1.412225289850368437e-01 7.610028431083257217e-02 2.153532242572566979e-01 8.789768484155859041e-02 1.146723635882441333e-01 1.990367738859132041e-01 1.532511709135500888e-01 9.941883851981839770e-01 5.246922449568595104e-01 3.852234708856520085e-01 6.518759686218079941e-02 3.125415205224689741e-01 4.712444034361638612e-01 4.670552543243258747e-01 1.412837805219081533e-01 3.149089669927678248e-01 2.793380903197718812e+00 5.761517373881900987e-03 1.453790228526899153e-01 3.183300975632149310e+00 5.248357172409213733e-01 1.047714944720472136e-01 9.775340568753101422e-01 9.047002526380267806e-01 6.160208868555994144e-01
6.425165022392743674e-01 4.718159867672984120e-01 3.630870427761357933e-01 9.527112759890029592e-01 1.557311593487016532e+00 2.807628219314211027e+00 3.256689751144575151e+00 2.106953151182308304e+00 1.445273236367279612e-01 3.404662770122494075e-01 2.611319478475378486e-01 3.942815905438618040e-01 3.324964698827526099e-01 1.464037510012904608e+00 1.711226339664419616e+00 7.323574893610130809e-01 4.481794347995982086e-01 1.459704042707649752e+00 9.811490230012998026e-01 6.809390377657280613e-01 5.222259343153208277e-01 1.167006771526832853e+00 1.350319340362106102e+00 1.164243473170097021e+00 2.414608061992610910e+00 2.972104651720073765e+00 2.067392485774525390e+00 2.497810354753775275e-01 1.756771757670511358e-01 1.827551665935707448e-01 1.097523537905947255e-01 7.774316551880923465e-02 1.509568863542570111e-02 1.233932353059947751e-01 2.570218787643212544e-01 4.990184787635276731e-02 1.493119485311577843e-01 1.633176063199111641e-02 1.202520096389650406e-01 1.315889492304003483e-01 3.682744046028951779e-02 4.843276535663342819e-01
8.806824977760616679e-01 4.043434953614057914e-01 8.782890059881780509e-01 1.231845313847127921e+00 5.087100691929919094e+00 3.256689751144575151e+00 4.979735779888510017e+00 1.983357139041595385e+00 9.670206410954047538e-01 5.505725395931347910e-01 2.934110987451017949e-01 8.764890110660867872e-01 4.783598742827837591e-01 7.322907702222691828e-01 1.929327199777220558e+00 5.654618630253918088e-01 1.485988823096998201e+00 1.675015555522599286e-01 2.319232009785068827e-01 5.244071315183571613e-01 1.230808653801825081e-01 4.342754185215839668e-01 1.826566530863269200e-01 1.626682478135269005e-01 3.483159638758614118e+00 1.851144990064457430e+00 1.441707788877999219e+00 4.372125115598420736e-02 1.206325120902825176e+00 4.408917553672596634e-01 3.958897541884455196e-01 2.548322580531746651e-01 2.770139885093924059e-01 2.218055693645132109e+00 5.388658520743667690e-01 3.923285095734299066e-01 8.337495711689947298e-01 1.997660544904543145e-01 7.760845572824248695e-02 9.002690398780945902e-01 2.246812607848694132e-01 6.097123778162792940e-01
4.483234019457301933e+00 1.684828595629664472e+00 4.750917985783909891e+00 2.454765862418247568e+00 9.896517120453193206e-01 2.106953151182308304e+00 1.983357139041595385e+00 3.421191532004480784e+00 3.193302940689226044e-01 1.006577421687195217e+00 9.425796953325698002e-01 1.191830145816671571e+00 7.639558531243754169e-01 1.582447247589826800e+00 1.418266678899694488e+00 1.558472595848012787e+00 7.507869255865615710e-01 5.597385837796921004e-01 6.170960233847282428e-01 1.721074202806509301e-01 2.674532474828576478e-01 5.851425924386247646e-01 5.517750863319702548e-01 3.202963962521988006e-01 5.678079835344181925e-01 1.538584095760118009e+00 4.328793469296884355e-01 2.901609023102350582e-01 1.681582182321503527e-01 6.686720311239352510e-01 2.393179310038438257e-01 4.475454393280910853e-02 1.215384855899366290e-01 4.059980398182796990e-01 6.084871297269318219e-02 3.044086008102924734e-01 3.476563044664056357e-02 4.383045595225848988e-03 8.794720076568998124e-01 2.571809718728048089e-01 5.700004598149382984e-02 4.222305163523520921e-02
1.156164052027294220e+00 6.261655883906377396e-01 2.285104050992624036e-01 1.957278755990181085e-01 2.183888577974389733e+00 1.445273236367279612e-01 9.670206410954047538e-01 3.193302940689226044e-01 1.418655940061234055e+01 1.109031701349864729e+00 2.038956826962521784e+00 3.987578226079603883e-01 2.573367078072822611e+00 2.263771137990300553e-01 3.945157126059395392e-01 9.959578855813985276e-01 2.761748592249548828e+00 6.454376373934292421e-02 5.426226157461926103e-02 4.420380187343018186e-01 2.255591728404582608e-01 1.488729494668829777e-02 8.984916315554393462e-02 6.296214262344036749e-02 7.409124281868991746e-01 1.421119811112626918e-01 6.874161738339726879e-01 2.277002265633213951e-01 2.266084274389818187e+00 1.704971443060175895e-01 9.479759323556723460e-01 1.988699656051675091e-01 3.349001754533504349e-01 3.946297891214929798e+00 6.751953099195443508e-01 4.423853903819241040e+00 1.113162937114671625e+00 6.678630006458854962e-02 2.168716624661527759e-01 7.665845125037740182e+00 1.214271165220883297e+00 7.818606304948906072e+00
9.094313380934239133e-01 3.221930026431972571e+00 1.955053023169019744e+00 8.546766566568733126e-01 5.081911473986461258e-01 3.404662770122494075e-01 5.505725395931347910e-01 1.006577421687195217e+00 1.109031701349864729e+00 7.129879961210652262e+00 5.526555498096072050e+00 8.177975918592264026e-01 1.234972541598535534e+00 9.214604803086641205e-01 5.492022039879150830e-01 4.779781314093650479e+00 2.384421950534552526e+00 3.773633908127027037e-01 2.798175468514506048e-01 1.249384550433468993e-01 3.663576342089810423e-01 6.018579623344494367e-01 3.213494115087490166e-01 5.203107719589474822e-01 2.907108810740501870e-01 7.699173400098159314e-01 2.333616445588526100e-01 4.623440923448169926e-01 6.279483480407115348e-01 2.337584228615118553e-01 2.179705321330222267e-01 3.143047732189257482e-01 1.373259543528196069e-01 4.854396940477425093e-01 9.457890532625115032e-01 2.055356910746080901e-01 6.292213614828663648e-02 1.615869774886665999e-01 9.173622858708446737e-02 4.697522821899678958e-01 1.537410371994273606e-01 6.572774561043427839e-03
9.264446206336400813e-01 1.558574716550004347e+00 9.923604683503376434e-01 5.993159953132876083e-01 4.704475139764435765e-01 2.611319478475378486e-01 2.934110987451017949e-01 9.425796953325698002e-01 2.038956826962521784e+00 5.526555498096072050e+00 1.010414897698247927e+01 1.603352259822881321e+00 3.437351092588910806e+00 5.996183029919284202e-01 5.744395794910212016e-01 1.936635627342759181e+00 6.918079290312439511e+00 3.031145788586198653e-01 1.624285585031559342e-01 7.846966274820971199e-02 4.492765063826861804e-01 1.987508981005101649e-01 4.049647664264957592e-01 3.727930706940077443e-01 2.400218574995590937e-01 6.120285661899471652e-01 1.434569756298754162e-01 9.872945672202021461e-02 5.155073460924918249e-01 1.130553361720097044e-01 1.313365919763773149e-01 3.484485325177560239e-02 6.459363964007849845e-02 3.487249112328014711e-01 1.306468167840563188e-01 5.764763487440852652e-01 1.800806838299002371e-02 2.322500016043532040e-02 3.120030420346415340e-02 2.026654756177114491e-01 6.303144274812835790e-02 6.501917382091097763e-02
2.699369459234468027e-01 2.732021145499050063e-01 1.968687167474322042e+00 5.246243716501279408e+00 8.724787713741823936e-01 3.942815905438618040e-01 8.764890110660867872e-01 1.191830145816671571e+00 3.987578226079603883e-01 8.177975918592264026e-01 1.603352259822881321e+00 1.428330491442899230e+01 3.486844427281580838e+00 1.140647974988910018e+00 4.739608092588330379e+00 3.661316255258022512e-01 1.221599283701048977e+00 2.366878393438221484e-01 9.603355026806628669e-02 1.329549179103186873e-01 1.514610088890978312e-01 9.799592566636213808e-01 3.218159895108115287e-01 1.531502694439087764e-01 6.296454859940858739e-01 1.972272999871170218e-01 9.925055036736493697e-02 4.571061475261667395e-02 1.614718189240024193e-01 3.672733564527603384e-02 3.367072687612731458e-02 7.096930377016978653e-02 4.389083609301367567e-02 1.399942001332964425e-01 0.000000000000000000e+00 0.000000000000000000e+00 7.729419490462266507e-02 4.833682799512636907e-02 2.858967977264207858e-02 1.592934199413873972e-02 1.375469532795555762e-02 0.000000000000000000e+00
3.794268967039452489e-01 4.594218617293561735e-01 2.928587990900443305e+00 2.680670732374367038e+00 1.890039182371460180e+00 3.324964698827526099e-01 4.783598742827837591e-01 7.639558531243754169e-01 2.573367078072822611e+00 1.234972541598535534e+00 3.437351092588910806e+00 3.486844427281580838e+00 1.027099804328144650e+01 1.371777695649355477e+00 1.547184759962179523e+00 6.874609884590605624e-01 1.610939323846162230e+00 4.141174243100327890e-01 1.859354350660660515e-01 2.340541652068175993e-01 2.814850767322991665e-01 4.165277953335106975e-01 5.822945411278065420e-01 4.432789015474095651e-01 5.125653995255619044e-01 2.407311550357947305e-01 5.434037731378167646e-02 3.955226002845300959e-02 1.395215396586912127e-01 2.884281786862421745e-02 2.559286645555228223e-02 2.727574061739527350e-02 3.653139006890433749e-02 1.743331296360364768e-02 8.375486480884460419e-03 1.494280671983242992e-01 2.305616985597243873e-01 7.489135524431392299e-02 1.010138322243854664e-01 2.143007434924677768e-01 9.778705779961026703e-03 9.778006005213187857e-01
2.889556659209346900e-01 8.465894630297101653e-01 4.589252663082871719e-01 1.034266592199002410e+00 3.605092044229535886e-01 1.464037510012904608e+00 7.322907702222691828e-01 1.582447247589826800e+00 2.263771137990300553e-01 9.214604803086641205e-01 5.996183029919284202e-01 1.140647974988910018e+00 1.371777695649355477e+00 6.177256330219944580e+00 4.092220804974981085e+00 1.754495102593246258e+00 3.496784761371285466e-01 1.241758878109891162e+00 8.007204538535193095e-01 4.490946088249195833e-01 1.269046709395374117e+00 1.054252657120208214e+00 1.348201038497981674e+00 7.886340781323235571e-01 1.727053903548291247e+00 6.692297993694455993e-01 2.551994319322006821e-01 2.777490221758889821e-01 7.850277088554095950e-02 1.733698542259610453e-01 2.459581577572717004e-02 3.928022482987707925e-02 8.892598114133360571e-03 3.396964067355370126e-02 3.470362715384520125e-02 2.646716749124909326e-02 1.946580670568642119e-02 3.628998395696773904e-02 8.138679892086049528e-02 1.226475160357890504e-01 1.849141051428862884e-02 1.063246574306709658e+00
3.166913968386805833e-01 3.378333664873423570e-01 4.726243153394965590e-01 1.542834176578533834e+00 7.666638146030921863e-01 1.711226339664419616e+00 1.929327199777220558e+00 1.418266678899694488e+00 3.945157126059395392e-01 5.492022039879150830e-01 5.744395794910212016e-01 4.739608092588330379e+00 1.547184759962179523e+00 4.092220804974981085e+00 7.227086906249623688e+00 1.347994337566734702e+00 7.838841444672093317e-01 5.040236673446313320e-01 3.319407287624130398e-01 2.200619799796548204e-01 4.369291338626300480e-01 5.575097134583244518e-01 5.266587963719421284e-01 7.033572450614722360e-01 3.622434326595232346e+00 1.273759667508474802e+00 1.366053718190840316e+00 8.532670608853322458e-02 4.687240681645221674e-01 7.650226381642340201e-02 2.029687520198200298e-02 8.345368029968690260e-02 4.270814451690718022e-02 7.965474251015780549e-02 2.281258264095265345e-02 3.146925257870912540e-02 1.503084167534981565e-03 4.068956956419721854e-02 3.873686331381233361e-02 1.284410454759348785e-01 5.880025335574375241e-03 4.397138811457199266e-03
1.487122936053882238e+00 3.900679992208475166e+00 1.751421221879737145e+00 4.689991327188737236e-01 4.698121308309567423e-01 7.323574893610130809e-01 5.654618630253918088e-01 1.558472595848012787e+00 9.959578855813985276e-01 4.779781314093650479e+00 1.936635627342759181e+00 3.661316255258022512e-01 6.874609884590605624e-01 1.754495102593246258e+00 1.347994337566734702e+00 4.229681144778298929e+00 1.796801366511101339e+00 6.868318733379233931e-01 5.771568146721341996e-01 4.915257079879750135e-01 5.703551532386902378e-01 4.847195409456618864e-01 5.912065543130928802e-01 6.864667558676128545e-01 1.189065771940370331e+00 1.253624740393207704e+00 3.544887660155874309e-01 4.562788588098858344e-01 8.534674362979729478e-01 2.860323055440628925e-01 2.915398655024896146e-01 1.735880887380286675e-01 1.860849980079929203e-02 1.138408298613190262e+00 9.271909651446044731e-02 6.291440734704322191e-01 2.503299568593044810e-01 8.713089950471970824e-02 7.265009777507731858e-02 2.833524764924273964e-01 6.478428220827105177e-02 2.448167639580295596e+00
1.249914795702319115e+00 1.620675451342433293e+00 1.405578910477012888e+00 5.457651968899104311e-01 2.840562007820619517e+00 4.481794347995982086e-01 1.485988823096998201e+00 7.507869255865615710e-01 2.761748592249548828e+00 2.384421950534552526e+00 6.918079290312439511e+00 1.221599283701048977e+00 1.610939323846162230e+00 3.496784761371285466e-01 7.838841444672093317e-01 1.796801366511101339e+00 1.324350956110866839e+01 1.703130989392945549e-01 2.727391883486361412e-01 2.202908554728530421e-01 2.138778143787568586e-01 2.313408654044983581e-01 2.226050386372783740e-01 2.481391874602967840e-01 3.803565817834114737e-01 6.121159679835928014e-01 4.887410059733138801e-01 2.096879092551431345e-01 5.185423482746442936e-01 2.816803649997132175e-01 2.915618213195575459e-01 3.393362220304286248e-01 2.412669313015923800e-01 1.210248828297416646e+00 1.404582533244229381e-01 1.280450956433881293e+00 6.915903786262838082e-01 1.281217305317009225e-01 2.576728576988731034e-01 6.728904991582991268e-01 5.413526089192793878e-01 9.005062844370362862e-01
1.933005322868567022e-01 3.759609496514235705e-01 3.393099896290416861e-01 5.748732354958006052e-01 1.412225289850368437e-01 1.459704042707649752e+00 1.675015555522599286e-01 5.597385837796921004e-01 6.454376373934292421e-02 3.773633908127027037e-01 3.031145788586198653e-01 2.366878393438221484e-01 4.141174243100327890e-01 1.241758878109891162e+00 5.040236673446313320e-01 6.868318733379233931e-01 1.703130989392945549e-01 1.805039230520351090e+00 2.699841163586570669e+00 1.344207137406524533e+00 2.097585558955160856e+00 1.787319794270175732e+00 3.292948048505516478e+00 2.331803133363556491e+00 1.684370653986869415e-01 7.324982758539553274e-01 5.552133622015462677e-01 9.699154779976408847e-01 4.753077344300848245e-02 4.680294464786307063e-01 1.248454241275536170e-01 3.670635627142984636e-02 1.208726118687963522e-02 2.599990687819013491e-02 3.980589907516999398e-02 2.445392676871038784e-02 1.630227475196122447e-02 5.402275728489850520e-02 6.334806594493321008e-02 2.976540996487455487e-02 1.077426394288883392e-02 1.588501731922142612e+00
3.756611258424297217e-01 4.619152623207016806e-01 2.400398565474657075e-01 4.999128966394553175e-01 7.610028431083257217e-02 9.811490230012998026e-01 2.319232009785068827e-01 6.170960233847282428e-01 5.426226157461926103e-02 2.798175468514506048e-01 1.624285585031559342e-01 9.603355026806628669e-02 1.859354350660660515e-01 8.007204538535193095e-01 3.319407287624130398e-01 5.771568146721341996e-01 2.727391883486361412e-01 2.699841163586570669e+00 3.805462330454684849e+00 2.017552386151881372e+00 1.931833520979460372e+00 1.652976260640041550e+00 2.246730642632212227e+00 4.304415560525582052e+00 1.235171595194883426e-01 1.099754951230839106e+00 6.612175041925275609e-01 5.585385417758159665e-01 8.909193511899241025e-02 3.063052855446261602e-01 3.534457533531093487e-01 2.230376876709511680e-01 2.927877220164596395e-01 7.309672311066542361e-02 6.984188906371871508e-02 2.014133843696530868e-01 4.650773759466456103e-02 1.522864051367786853e-01 1.147133991056403096e-01 5.480752301638302376e-02 4.837033672353286545e-02 1.586707365469449460e+00
1.598968782516087872e+00 4.960019932190005698e-01 2.247652520180097868e-01 2.076198070176675514e-01 2.153532242572566979e-01 6.809390377657280613e-01 5.244071315183571613e-01 1.721074202806509301e-01 4.420380187343018186e-01 1.249384550433468993e-01 7.846966274820971199e-02 1.329549179103186873e-01 2.340541652068175993e-01 4.490946088249195833e-01 2.200619799796548204e-01 4.915257079879750135e-01 2.202908554728530421e-01 1.344207137406524533e+00 2.017552386151881372e+00 8.300180408832021683e+00 2.159149139764701797e+00 8.615407507154226874e-01 1.319845628702792428e+00 1.601154251735854794e+00 2.507585878028544268e-01 1.587905418466518115e-01 1.132614248713767063e-01 2.486096649174189377e+00 5.425199569164417257e-01 1.640742340916653497e+00 2.737549422328747095e+00 1.013950188405111863e+00 4.117265525490371725e-01 4.937502441488870741e-01 3.329176054814423358e-01 8.268584793130164812e-01 2.411412905975857945e-01 4.114075298490506016e-01 1.039829584509730287e+00 3.674969385585966086e-01 1.480233482151898927e-01 3.911652112584052543e-01
2.157405585559222516e-01 5.400299557677120665e-01 1.093372137145458556e-01 3.420045545235207429e-01 8.789768484155859041e-02 5.222259343153208277e-01 1.230808653801825081e-01 2.674532474828576478e-01 2.255591728404582608e-01 3.663576342089810423e-01 4.492765063826861804e-01 1.514610088890978312e-01 2.814850767322991665e-01 1.269046709395374117e+00 4.369291338626300480e-01 5.703551532386902378e-01 2.138778143787568586e-01 2.097585558955160856e+00 1.931833520979460372e+00 2.159149139764701797e+00 4.711776315492213207e+00 7.207836393101363370e-01 2.131564973969841681e+00 2.493189786009889719e+00 6.068545642800432516e-01 3.118337083957630762e-01 4.537334957100182531e-01 1.751429208828513717e+00 1.224421993454908597e-01 4.188779944100317287e+00 1.408425125205796102e-01 4.130114100249682868e-02 5.934169236812195797e-02 1.068954357006717398e-01 1.339709401916491516e-01 1.209639536225077805e-01 2.479236773635578456e-02 1.005078518974537594e-01 5.770307106571802985e-02 1.718362554595997127e-01 1.098257619947715369e-01 7.902669480976052263e-01
2.746254254382851645e-01 3.189772184520128229e-01 3.671019243967534318e-01 2.550744271369227434e+00 1.146723635882441333e-01 1.167006771526832853e+00 4.342754185215839668e-01 5.851425924386247646e-01 1.488729494668829777e-02 6.018579623344494367e-01 1.987508981005101649e-01 9.799592566636213808e-01 4.165277953335106975e-01 1.054252657120208214e+00 5.575097134583244518e-01 4.847195409456618864e-01 2.313408654044983581e-01 1.787319794270175732e+00 1.652976260640041550e+00 8.615407507154226874e-01 7.207836393101363370e-01 6.153672597206549355e+00 1.764529278849232830e+00 1.448892878984058274e+00 3.617057189353424795e-01 1.570607001051642637e+00 8.847217150003803265e-01 5.452513276578824231e-01 2.009377504587659888e-02 6.329402590862844014e-02 8.668170283231042134e-03 3.541391281785666312e-01 1.020087780845275321e-02 4.598970401909984428e-03 0.000000000000000000e+00 8.741287341447502579e-03 9.057492342413986375e-03 2.977183379916500602e-03 8.101757476848861494e-02 2.348233073806682905e-02 5.489341923339221066e-03 4.430830052568170419e-01
1.937425723332700245e-01 3.229572034529836211e-01 2.543839272828934406e-01 5.349514986768030278e-01 1.990367738859132041e-01 1.350319340362106102e+00 1.826566530863269200e-01 5.517750863319702548e-01 8.984916315554393462e-02 3.213494115087490166e-01 4.049647664264957592e-01 3.218159895108115287e-01 5.822945411278065420e-01 1.348201038497981674e+00 5.266587963719421284e-01 5.912065543130928802e-01 2.226050386372783740e-01 3.292948048505516478e+00 2.246730642632212227e+00 1.319845628702792428e+00 2.131564973969841681e+00 1.764529278849232830e+00 1.753235204260151336e+00 2.333862783324871515e+00 1.765705563828805502e-01 5.018656680318813734e-01 4.035690575069230124e-01 8.538228417049407160e-01 3.973521088874001905e-02 4.270912879151622654e-01 1.002467772331901014e-01 1.936805062784089163e-02 1.308303187930198383e-02 1.801589911441289077e-02 3.672397398372532346e-02 2.784277268946153822e-02 9.120028732492589663e-03 3.089627234426830724e-02 5.673037339876731838e-02 1.666668621796109015e-02 7.184709703725609964e-03 7.230299355656462090e-01
3.079411350298950079e-01 5.980844719742287596e-01 1.930368895673131857e-01 5.291993370709204836e-01 1.532511709135500888e-01 1.164243473170097021e+00 1.626682478135269005e-01 3.202963962521988006e-01 6.296214262344036749e-02 5.203107719589474822e-01 3.727930706940077443e-01 1.531502694439087764e-01 4.432789015474095651e-01 7.886340781323235571e-01 7.033572450614722360e-01 6.864667558676128545e-01 2.481391874602967840e-01 2.331803133363556491e+00 4.304415560525582052e+00 1.601154251735854794e+00 2.493189786009889719e+00 1.448892878984058274e+00 2.333862783324871515e+00 2.596050989997861436e+00 2.706249783760152905e-01 1.682172033883053031e+00 5.766493069449920572e-01 2.660621652712032437e-01 6.373267120966376320e-02 3.761538295933655185e-01 2.084474915813293860e-01 6.682366836051152614e-02 3.208225229178576776e-02 1.050692954067590223e-01 1.485920053338233571e-01 1.247364715038964261e-02 1.207567173530594423e-02 4.188628572023106456e-02 2.750520140428919930e-02 1.876052368131781584e-03 2.544952550632261987e-02 4.840264075039536484e-01
4.399150955743352243e-01 3.654882922652880617e-01 1.086938309209686537e-01 8.995657565024535174e-01 9.941883851981839770e-01 2.414608061992610910e+00 3.483159638758614118e+00 5.678079835344181925e-01 7.409124281868991746e-01 2.907108810740501870e-01 2.400218574995590937e-01 6.296454859940858739e-01 5.125653995255619044e-01 1.727053903548291247e+00 3.622434326595232346e+00 1.189065771940370331e+00 3.803565817834114737e-01 1.684370653986869415e-01 1.235171595194883426e-01 2.507585878028544268e-01 6.068545642800432516e-01 3.617057189353424795e-01 1.765705563828805502e-01 2.706249783760152905e-01 7.820655527644404081e+00 3.825989762974296049e+00 8.478342439802659669e+00 3.058362894915634539e-02 1.254502370115771370e+00 3.451681856925015168e-01 1.755918892219435201e-01 4.834826575997113601e-02 1.924030112526442515e-01 8.257092047110673461e-01 2.069021165778116567e-01 5.647807733699741206e-01 1.918210487320617941e-01 3.417052643903709802e-02 5.569704460944940178e-02 2.379202319761845597e-01 3.118931261125602525e-02 3.611044815754281545e-02
4.686990981517296651e-01 6.719954161952508276e-01 4.053397891299336253e-01 8.119145964832816809e-01 5.246922449568595104e-01 2.972104651720073765e+00 1.851144990064457430e+00 1.538584095760118009e+00 1.421119811112626918e-01 7.699173400098159314e-01 6.120285661899471652e-01 1.972272999871170218e-01 2.407311550357947305e-01 6.692297993694455993e-01 1.273759667508474802e+00 1.253624740393207704e+00 6.121159679835928014e-01 7.324982758539553274e-01 1.099754951230839106e+00 1.587905418466518115e-01 3.118337083957630762e-01 1.570607001051642637e+00 5.018656680318813734e-01 1.682172033883053031e+00 3.825989762974296049e+00 1.348361960602841769e+01 1.660719606306800955e+01 2.090990269061581558e-02 1.688217823553831709e-01 2.524109016050904430e-01 3.544973828973355806e-02 6.097448370658209958e-03 7.730405635878454147e-03 7.521921649350103191e-03 5.426280049541788719e-02 1.343867207367924026e-02 1.809181953728733559e-03 3.474355653946654358e-03 6.378835459163872089e-03 3.564534791525510171e-02 5.274883022265985238e-03 1.795520008385089739e-01
2.317084039330706835e-01 2.218013695336719937e-01 9.396409852890735825e-02 1.063095276310620729e+00 3.852234708856520085e-01 2.067392485774525390e+00 1.441707788877999219e+00 4.328793469296884355e-01 6.874161738339726879e-01 2.333616445588526100e-01 1.434569756298754162e-01 9.925055036736493697e-02 5.434037731378167646e-02 2.551994319322006821e-01 1.366053718190840316e+00 3.544887660155874309e-01 4.887410059733138801e-01 5.552133622015462677e-01 6.612175041925275609e-01 1.132614248713767063e-01 4.537334957100182531e-01 8.847217150003803265e-01 4.035690575069230124e-01 5.766493069449920572e-01 8.478342439802659669e+00 1.660719606306800955e+01 8.865898593826804230e+00 1.897018872755177124e-02 4.883397656050510460e-01 7.004004930373164406e-02 1.228874853478388075e-02 0.000000000000000000e+00 6.504752730802356928e-03 0.000000000000000000e+00 0.000000000000000000e+00 0.000000000000000000e+00 0.000000000000000000e+00 1.508097073101933618e-02 0.000000000000000000e+00 4.681514987764760077e-03 0.000000000000000000e+00 0.000000000000000000e+00
1.177857687789586105e+00 4.286170927350280713e-01 1.427402014624143123e-01 5.825867535681632930e-02 6.518759686218079941e-02 2.497810354753775275e-01 4.372125115598420736e-02 2.901609023102350582e-01 2.277002265633213951e-01 4.623440923448169926e-01 9.872945672202021461e-02 4.571061475261667395e-02 3.955226002845300959e-02 2.777490221758889821e-01 8.532670608853322458e-02 4.562788588098858344e-01 2.096879092551431345e-01 9.699154779976408847e-01 5.585385417758159665e-01 2.486096649174189377e+00 1.751429208828513717e+00 5.452513276578824231e-01 8.538228417049407160e-01 2.660621652712032437e-01 3.058362894915634539e-02 2.090990269061581558e-02 1.897018872755177124e-02 9.010053260594064639e+00 9.024677200269537458e-01 5.405227194271333246e+00 1.600995590485053466e+00 5.403331194135188031e-01 1.137045810076273700e+00 3.188827989313347544e-01 1.322174482450742650e+00 7.963109343964456244e-01 2.033719570256891374e-01 1.007815833626648283e+00 8.698194342799578926e-01 5.749507116651152439e-01 3.194577136635898817e-01 8.411406894049272553e-01
2.383316913756442279e+00 1.138067943221318767e+00 1.744690953522496923e-01 7.333973698700081700e-02 3.125415205224689741e-01 1.756771757670511358e-01 1.206325120902825176e+00 1.681582182321503527e-01 2.266084274389818187e+00 6.279483480407115348e-01 5.155073460924918249e-01 1.614718189240024193e-01 1.395215396586912127e-01 7.850277088554095950e-02 4.687240681645221674e-01 8.534674362979729478e-01 5.185423482746442936e-01 4.753077344300848245e-02 8.909193511899241025e-02 5.425199569164417257e-01 1.224421993454908597e-01 2.009377504587659888e-02 3.973521088874001905e-02 6.373267120966376320e-02 1.254502370115771370e+00 1.688217823553831709e-01 4.883397656050510460e-01 9.024677200269537458e-01 1.256108124080074617e+01 8.345490249536711147e-01 2.206081613953356335e+00 1.732936195972430982e+00 1.817459443386604256e+00 7.090422468572905146e+00 1.595316524445332007e+00 4.139728657362706343e+00 6.666109984127879251e-01 1.303075944409017306e-01 6.058852783338021242e-01 5.178446924776394233e-01 9.799922214066976167e-01 1.548194454253520869e+00
8.944488737254808752e-01 3.448869176304314443e-01 4.733568867605272290e-01 8.017107603609437139e-02 4.712444034361638612e-01 1.827551665935707448e-01 4.408917553672596634e-01 6.686720311239352510e-01 1.704971443060175895e-01 2.337584228615118553e-01 1.130553361720097044e-01 3.672733564527603384e-02 2.884281786862421745e-02 1.733698542259610453e-01 7.650226381642340201e-02 2.860323055440628925e-01 2.816803649997132175e-01 4.680294464786307063e-01 3.063052855446261602e-01 1.640742340916653497e+00 4.188779944100317287e+00 6.329402590862844014e-02 4.270912879151622654e-01 3.761538295933655185e-01 3.451681856925015168e-01 2.524109016050904430e-01 7.004004930373164406e-02 5.405227194271333246e+00 8.345490249536711147e-01 9.995377908969171443e+00 2.845365898811462735e+00 1.566600512741836093e+00 2.289759250498097920e+00 9.395421166541393365e-01 8.815694207960667050e-01 1.793044940360412509e+00 4.780766230421281682e-01 1.451968583161774129e+00 1.468165770449721741e+00 6.501510474699873088e-01 4.786177159075825083e-01 8.349111413638246049e-01
3.735594910309847916e-01 2.190420407927083646e-01 1.441809302120038161e-01 3.288488243010241618e-02 4.670552543243258747e-01 1.097523537905947255e-01 3.958897541884455196e-01 2.393179310038438257e-01 9.479759323556723460e-01 2.179705321330222267e-01 1.313365919763773149e-01 3.367072687612731458e-02 2.559286645555228223e-02 2.459581577572717004e-02 2.029687520198200298e-02 2.915398655024896146e-01 2.915618213195575459e-01 1.248454241275536170e-01 3.534457533531093487e-01 2.737549422328747095e+00 1.408425125205796102e-01 8.668170283231042134e-03 1.002467772331901014e-01 2.084474915813293860e-01 1.755918892219435201e-01 3.544973828973355806e-02 1.228874853478388075e-02 1.600995590485053466e+00 2.206081613953356335e+00 2.845365898811462735e+00 1.116070753329556986e+01 3.008462393005288948e+00 8.141404800832628297e+00 4.601073372689429952e+00 4.916519019374668176e+00 5.438337737384204118e+00 1.716918709566929380e+00 1.043237285530888014e+00 1.775481169844895790e+00 1.461746289541208554e+00 1.667261857049906704e+00 9.936141296158061964e-01
2.069470792556150351e-01 4.605072444054376102e-01 0.000000000000000000e+00 1.789565205470711184e-02 1.412837805219081533e-01 7.774316551880923465e-02 2.548322580531746651e-01 4.475454393280910853e-02 1.988699656051675091e-01 3.143047732189257482e-01 3.484485325177560239e-02 7.096930377016978653e-02 2.727574061739527350e-02 3.928022482987707925e-02 8.345368029968690260e-02 1.735880887380286675e-01 3.393362220304286248e-01 3.670635627142984636e-02 2.230376876709511680e-01 1.013950188405111863e+00 4.130114100249682868e-02 3.541391281785666312e-01 1.936805062784089163e-02 6.682366836051152614e-02 4.834826575997113601e-02 6.097448370658209958e-03 0.000000000000000000e+00 5.403331194135188031e-01 1.732936195972430982e+00 1.566600512741836093e+00 3.008462393005288948e+00 2.551287842523703375e+01 6.152623435058349521e+00 1.559387063528006045e+00 1.302992384878635113e+00 6.353236797607276110e+00 1.175060352356328774e+00 7.873447322125812775e-01 1.783155505911619976e+00 7.156992468001311947e-01 4.910363799515578553e-01 2.403048814819930545e-01
2.275376172799609409e-01 1.093325346676228133e-01 1.465478047936654392e-02 1.623510967340168268e-02 3.149089669927678248e-01 1.509568863542570111e-02 2.770139885093924059e-01 1.215384855899366290e-01 3.349001754533504349e-01 1.373259543528196069e-01 6.459363964007849845e-02 4.389083609301367567e-02 3.653139006890433749e-02 8.892598114133360571e-03 4.270814451690718022e-02 1.860849980079929203e-02 2.412669313015923800e-01 1.208726118687963522e-02 2.927877220164596395e-01 4.117265525490371725e-01 5.934169236812195797e-02 1.020087780845275321e-02 1.308303187930198383e-02 3.208225229178576776e-02 1.924030112526442515e-01 7.730405635878454147e-03 6.504752730802356928e-03 1.137045810076273700e+00 1.817459443386604256e+00 2.289759250498097920e+00 8.141404800832628297e+00 6.152623435058349521e+00 1.390998851269444714e+01 4.706997660860887223e+00 3.787309211516310281e+00 5.948692989643247664e+00 2.451458484558061812e+00 1.663289582415714563e+00 3.120520501283438275e+00 1.936186002878695911e+00 1.571191287251747948e+00 2.329171665659899582e-01
9.271129081577722530e-01 3.555904822069337334e-01 8.227225203266419484e-02 1.781950507415605914e-02 2.793380903197718812e+00 1.233932353059947751e-01 2.218055693645132109e+00 4.059980398182796990e-01 3.946297891214929798e+00 4.854396940477425093e-01 3.487249112328014711e-01 1.399942001332964425e-01 1.743331296360364768e-02 3.396964067355370126e-02 7.965474251015780549e-02 1.138408298613190262e+00 1.210248828297416646e+00 2.599990687819013491e-02 7.309672311066542361e-02 4.937502441488870741e-01 1.068954357006717398e-01 4.598970401909984428e-03 1.801589911441289077e-02 1.050692954067590223e-01 8.257092047110673461e-01 7.521921649350103191e-03 0.000000000000000000e+00 3.188827989313347544e-01 7.090422468572905146e+00 9.395421166541393365e-01 4.601073372689429952e+00 1.559387063528006045e+00 4.706997660860887223e+00 1.284135927225467100e+01 1.988841668694075304e+00 6.384491807935840590e+00 2.231240127066967727e+00 2.751496568505282792e-01 9.115883988234255719e-01 2.075418843698695781e+00 1.948618298073416133e+00 1.546362779799794973e+00
2.771494467254781990e-01 1.828942015403820287e+00 1.094636187220277695e-01 0.000000000000000000e+00 5.761517373881900987e-03 2.570218787643212544e-01 5.388658520743667690e-01 6.084871297269318219e-02 6.751953099195443508e-01 9.457890532625115032e-01 1.306468167840563188e-01 0.000000000000000000e+00 8.375486480884460419e-03 3.470362715384520125e-02 2.281258264095265345e-02 9.271909651446044731e-02 1.404582533244229381e-01 3.980589907516999398e-02 6.984188906371871508e-02 3.329176054814423358e-01 1.339709401916491516e-01 0.000000000000000000e+00 3.672397398372532346e-02 1.485920053338233571e-01 2.069021165778116567e-01 5.426280049541788719e-02 0.000000000000000000e+00 1.322174482450742650e+00 1.595316524445332007e+00 8.815694207960667050e-01 4.916519019374668176e+00 1.302992384878635113e+00 3.787309211516310281e+00 1.988841668694075304e+00 3.850864289667890716e+01 3.700166931837827633e+00 9.957903216693047010e-01 4.554243084084099280e+00 1.758873636964679132e+00 2.088767310065413607e+00 3.901803755122382977e+00 2.676458418337517298e+00
6.546175383439595263e-01 3.033523059555379153e-01 3.347263033100502522e-02 5.240003773186481528e-02 1.453790228526899153e-01 4.990184787635276731e-02 3.923285095734299066e-01 3.044086008102924734e-01 4.423853903819241040e+00 2.055356910746080901e-01 5.764763487440852652e-01 0.000000000000000000e+00 1.494280671983242992e-01 2.646716749124909326e-02 3.146925257870912540e-02 6.291440734704322191e-01 1.280450956433881293e+00 2.445392676871038784e-02 2.014133843696530868e-01 8.268584793130164812e-01 1.209639536225077805e-01 8.741287341447502579e-03 2.784277268946153822e-02 1.247364715038964261e-02 5.647807733699741206e-01 1.343867207367924026e-02 0.000000000000000000e+00 7.963109343964456244e-01 4.139728657362706343e+00 1.793044940360412509e+00 5.438337737384204118e+00 6.353236797607276110e+00 5.948692989643247664e+00 6.384491807935840590e+00 3.700166931837827633e+00 7.913864584066577557e+00 1.368191812584191647e+00 2.123235841764762100e+00 8.369869086496407595e-01 1.495834757129021364e+00 2.065542683395650947e+00 6.886058838589605102e+00
3.729707739192956728e-01 4.822149211795869750e-01 1.075857889476570517e-01 3.688983407246381185e-01 3.183300975632149310e+00 1.493119485311577843e-01 8.337495711689947298e-01 3.476563044664056357e-02 1.113162937114671625e+00 6.292213614828663648e-02 1.800806838299002371e-02 7.729419490462266507e-02 2.305616985597243873e-01 1.946580670568642119e-02 1.503084167534981565e-03 2.503299568593044810e-01 6.915903786262838082e-01 1.630227475196122447e-02 4.650773759466456103e-02 2.411412905975857945e-01 2.479236773635578456e-02 9.057492342413986375e-03 9.120028732492589663e-03 1.207567173530594423e-02 1.918210487320617941e-01 1.809181953728733559e-03 0.000000000000000000e+00 2.033719570256891374e-01 6.666109984127879251e-01 4.780766230421281682e-01 1.716918709566929380e+00 1.175060352356328774e+00 2.451458484558061812e+00 2.231240127066967727e+00 9.957903216693047010e-01 1.368191812584191647e+00 1.339892915210961100e+01 5.339202033304474959e+00 2.957613171880746794e+00 8.993658561809008134e+00 1.363857471495610518e+01 1.829409988623213579e+00
2.110270954190144321e-01 1.571205552339125955e+00 9.711911463910965353e-03 1.515375066415223237e-01 5.248357172409213733e-01 1.633176063199111641e-02 1.997660544904543145e-01 4.383045595225848988e-03 6.678630006458854962e-02 1.615869774886665999e-01 2.322500016043532040e-02 4.833682799512636907e-02 7.489135524431392299e-02 3.628998395696773904e-02 4.068956956419721854e-02 8.713089950471970824e-02 1.281217305317009225e-01 5.402275728489850520e-02 1.522864051367786853e-01 4.114075298490506016e-01 1.005078518974537594e-01 2.977183379916500602e-03 3.089627234426830724e-02 4.188628572023106456e-02 3.417052643903709802e-02 3.474355653946654358e-03 1.508097073101933618e-02 1.007815833626648283e+00 1.303075944409017306e-01 1.451968583161774129e+00 1.043237285530888014e+00 7.873447322125812775e-01 1.663289582415714563e+00 2.751496568505282792e-01 4.554243084084099280e+00 2.123235841764762100e+00 5.339202033304474959e+00 1.970902659374845101e+01 3.551108187745621869e+00 3.941781898038105414e+00 6.965793571563723141e+00 2.457875100490647113e-01
