24.117064693091038 32.41501838824754 8.962486722382556 0.3453815297021819 1.131206567555252 4.976585628453951 0.3077420112781955 1.050837148962149 4.427944126414522 3.5086027146872727 6.020825110347169 0.049090909090909095 1.0047652670185565 0.416878119722429 0.2942583732057416 3.3933160942252143 1.0165558872823797 2.1531793896173244 1.0077762994008705 3.1181604814938146 0.9104433529433529 0.947695256434387 1.5221929255982516 0.08232126726029167 1.681352258852259 0.34111111111111114 0.03571428571428572 4.0398712059545385 12.677625162970555 0.7005372226863458 1.161014515455305 0.27546296296296297 0.03515625 2.283717821226045 0.015625 0.611315756003256 0.0840909090909091 0.4891666666666666 0.16049382716049382 0.2845643939393939 0.022727272727272728
32.41501838824754 65.66220059635808 7.607296118233618 0.6369555927164622 0.59927398989899 3.3385829910435616 0.29427083333333337 1.0998328754578752 3.7468005952380956 30.33056965356073 11.816603535353536 0.3206060606060606 2.5898140632515627 2.2217948987805487 0.905925571639314 15.681050935946768 3.8870424853166576 6.092629769370632 2.6029377799965316 4.1156325217991885 7.4133619024653505 2.8381626669182896 3.499198923646307 0.26962195121951227 2.327770236299648 0.17694444444444446 0.25 2.7792654105154107 10.41713062169312 2.1792328042328037 4.896825396825397 1.4583333333333333 0.0 1.574570105820106 1.0666666666666667 1.3400372775372775 0.028571428571428577 6.7361111111111125 0.0 0.8200892857142857 0.2833333333333334
8.962486722382556 7.607296118233618 62.526844893915225 24.814917114619114 2.3322916666666673 2.843925967823026 1.5232215354090355 3.865069213089573 0.8368684495329232 11.627964997964996 3.556936410324567 3.140565969977736 9.238478965994446 2.4786813451311196 1.830769230769231 7.1809643515525865 2.804112955897389 6.392744304024795 0.8894034206534206 0.21214896214896212 0.16438653938653938 1.9339402427637715 1.8651455139260018 0.005000645244547684 0.0 0.0 0.0 0.15326340326340326 2.0907356532356536 0.59375 0.0 0.0 0.0 0.1388888888888889 0.0 0.05555555555555555 0.0 0.0 0.0 0.19139194139194138 0.0
0.3453815297021819 0.6369555927164622 24.814917114619114 75.42968375620553 3.573788265306122 23.31017820635589 13.760896582992176 1.7374315880198228 0.5925062656641604 5.426420515574652 3.070090472393104 17.75312893083994 13.136973695982403 9.267546663002245 5.109861434861434 0.5781108714388765 2.0201067555645764 15.613890723055576 5.315220019133933 0.963051035817523 3.12227221763485 30.137946344657927 10.705660042842077 0.5257366833991496 8.448453426990346 2.104343036112004 1.1360891831480064 1.4176265763222287 1.2527472527472527 0.41428571428571426 0.07142857142857144 0.0 0.0 0.0 0.0 0.0 0.25 0.0 0.0 0.4214285714285714 0.0
1.131206567555252 0.59927398989899 2.3322916666666673 3.573788265306122 6.8857030673167 12.046663188002466 6.085756939947557 0.22063492063492063 5.925625722714167 1.7064285714285716 1.1337256493506491 0.03333333333333334 1.9659090909090908 0.25232683982683984 0.635021645021645 0.39318691465505873 2.7222993263661532 1.047091128117914 0.20555555555555557 0.041666666666666664 0.0 0.48809523809523814 0.9627657312925172 0.0 3.146117376775268 0.49464285714285716 0.05555555555555555 0.0 2.269377390845535 0.2848857340720222 0.19113573407202217 0.0 0.0 0.7024007386888274 0.0 0.07142857142857144 1.2013495276653172 0.0 0.0 1.2119833925473027 0.024291497975708502
4.976585628453951 3.3385829910435616 2.843925967823026 23.31017820635589 12.046663188002466 116.29412741893086 35.709332452678034 1.8269183433313858 2.3083333333333336 2.497583531756464 1.009424603174603 2.2115501690693504 3.3170629698498084 16.100192366689726 16.005437078340528 4.421563096686709 2.1742516113833057 52.54312500358468 14.585451821071116 4.785811059727204 6.219992054332307 27.73690486812225 38.154602402981475 2.281112337898055 47.49640984734717 11.577016790241425 2.2368111023673682 5.812126674442178 1.0453851294903929 1.1828042328042327 0.25396825396825395 0.0 0.0 0.0 0.0 0.0060606060606060615 1.0166666666666666 0.15000000000000002 0.7709750566893424 2.718809523809525 0.1
0.3077420112781955 0.29427083333333337 1.5232215354090355 13.760896582992176 6.085756939947557 35.709332452678034 16.437159140874506 0.7687187268069621 2.3008038737193863 2.155952380952381 0.3053977272727273 1.6222144413320883 0.8695424836601309 2.8784456397261278 3.303673641173641 0.914504915539623 2.3782590181226833 2.1978286531106654 2.641697931697931 0.8583333333333334 0.22893772893772893 3.610235760971056 1.8448524626344753 0.05029036004645761 19.06126417442206 4.1126455026455035 0.6572390572390572 0.0 5.484206129358483 1.033789242843952 0.6692059095106186 0.0 0.0 0.45590951061865187 0.0 0.0 0.07357174988753937 0.0 0.0 2.461121714542768 0.024291497975708502
1.050837148962149 1.0998328754578752 3.865069213089573 1.7374315880198228 0.22063492063492063 1.8269183433313858 0.7687187268069621 0.10502958579881659 0.0393452380952381 0.5309088827838828 0.3013403263403263 0.37817819435466493 0.4359890109890109 0.6243371212121214 0.5002913752913754 0.5770215201465201 0.1306464368964369 0.47346247440397077 0.21134887757170362 0.021153846153846155 0.07783882783882787 0.1804480543610979 0.38198379820662437 0.0 0.36728179228179225 0.14148148148148149 0.0148989898989899 0.025 0.15837148962148961 0.0 0.0 0.0 0.0 0.01388888888888889 0.0 0.005555555555555556 0.0 0.0 0.0 0.05086996336996337 0.0
4.427944126414522 3.7468005952380956 0.8368684495329232 0.5925062656641604 5.925625722714167 2.3083333333333336 2.3008038737193863 0.0393452380952381 57.94245953942731 4.941248885043525 6.70024221809936 0.0 10.48646853877117 0.14501488095238094 1.3154761904761905 1.8798484511218232 8.921918729162499 1.3789037698412698 0.37890376984126983 1.15984126984127 0.37777777777777777 0.19523809523809527 0.04557043650793651 0.0 5.142779866332492 0.33944444444444444 1.1055555555555554 1.1005952380952382 7.3703990463599185 0.05619311436485951 1.9307962889680343 0.2392857142857143 0.03571428571428572 4.206049970920124 0.03571428571428572 3.4863203463203467 2.4742882263934898 0.09206349206349207 0.046031746031746035 24.07897900345267 0.9329709033656401
3.5086027146872727 30.33056965356073 11.627964997964996 5.426420515574652 1.7064285714285716 2.497583531756464 2.155952380952381 0.5309088827838828 4.941248885043525 60.90472761519594 33.60406711927193 0.9551020408163264 4.472431178279392 2.998823285866066 2.289034743991641 13.346337160738418 10.51350615617927 5.009169674042166 0.8218425628832032 0.30265567765567775 1.400591936798833 2.559483922006608 3.3913130620551186 0.7410372854434358 1.2623809523809526 0.19503968253968254 0.0 1.8783568073340797 2.929342717918206 3.541666666666666 1.1776859504132227 0.0 0.3140495867768595 1.1456679894179895 1.8395316804407715 0.6110449735449734 0.03409090909090909 0.33131313131313134 0.18181818181818182 2.565255137178839 0.15530303030303033
6.020825110347169 11.816603535353536 3.556936410324567 3.070090472393104 1.1337256493506491 1.009424603174603 0.3053977272727273 0.3013403263403263 6.70024221809936 33.60406711927193 58.45508479907115 6.657575757575757 10.555970814030026 1.8004896125116714 0.48011363636363646 3.139391021560139 10.938891465677179 4.593442460317459 0.8468749999999999 1.291666666666667 2.7111111111111117 0.0 2.5768482574189093 0.0634057971014493 0.48412698412698413 0.0 0.0 0.125 1.778918650793651 3.041666666666666 2.5 0.0 0.0 0.48611111111111116 0.0 1.0012626262626263 0.0 0.0 0.0 0.6358418367346939 0.0
0.049090909090909095 0.3206060606060606 3.140565969977736 17.75312893083994 0.03333333333333334 2.2115501690693504 1.6222144413320883 0.37817819435466493 0.0 0.9551020408163264 6.657575757575757 47.93202054701023 10.0021802054155 0.5362432936245516 6.293869272855341 1.0151946711699034 1.1793424933412635 1.5885770855022616 0.5627663278750236 0.20424242424242428 0.41058247308247314 1.2699196583467685 3.1700763620143264 0.18351634815049453 1.0668916577249912 0.12756132756132757 0.0 0.0 0.09523809523809523 0.0 0.0 0.0 0.0 0.0 0.0 0.0 0.0 0.0 0.0 0.0 0.0
1.0047652670185565 2.5898140632515627 9.238478965994446 13.136973695982403 1.9659090909090908 3.3170629698498084 0.8695424836601309 0.4359890109890109 10.48646853877117 4.472431178279392 10.555970814030026 10.0021802054155 55.07093902641991 6.281251783743055 3.6183438386038165 0.5598447270322271 0.4340289945025869 3.5470232470685423 1.2638071425406951 0.08247035858877966 0.4534537376204045 1.1770833333333335 4.0000352729605275 0.05399614969255534 3.3447761547638994 0.015873015873015872 0.0 0.04464285714285714 0.40274227234753557 0.06666666666666667 0.0 0.0 0.0 0.004960317460317459 0.0 0.027958152958152963 0.0 0.0 0.0 0.33116883116883117 0.0
0.416878119722429 2.2217948987805487 2.4786813451311196 9.267546663002245 0.25232683982683984 16.100192366689726 2.8784456397261278 0.6243371212121214 0.14501488095238094 2.998823285866066 1.8004896125116714 0.5362432936245516 6.281251783743055 25.986135710519907 12.777024058919675 3.2001475792596565 0.17698057901918193 14.081874684581292 3.237211715434354 0.9588873422654327 3.9581952649521797 2.2103291136386543 16.133968072901748 0.6652473851799008 14.377838899333021 0.3238411881704565 0.02495483288166215 0.9887773811554301 0.9289731339566865 0.773809523809524 0.0 0.1111111111111111 0.0 0.017361111111111112 0.0 0.006944444444444444 0.0 0.0 0.0 0.20223214285714286 0.0
0.2942583732057416 0.905925571639314 1.830769230769231 5.109861434861434 0.635021645021645 16.005437078340528 3.303673641173641 0.5002913752913754 1.3154761904761905 2.289034743991641 0.48011363636363646 6.293869272855341 3.6183438386038165 12.777024058919675 21.593982971648032 5.220965473509979 0.12795347570700588 5.67230927937202 0.7284052970667924 0.36356948483132234 0.6670233007733012 0.6448025652948927 3.553396778752126 0.14776410634722573 33.46300821047145 1.4142163392163394 0.08333333333333333 0.03317307692307692 1.0754887218045113 0.0 0.0 0.0 0.0 0.0 0.0 0.0 0.0 0.0 0.0 0.0 0.0
3.3933160942252143 15.681050935946768 7.1809643515525865 0.5781108714388765 0.39318691465505873 4.421563096686709 0.914504915539623 0.5770215201465201 1.8798484511218232 13.346337160738418 3.139391021560139 1.0151946711699034 0.5598447270322271 3.2001475792596565 5.220965473509979 7.696706565102698 2.1448626253785017 5.022780712343164 2.0772257508996637 1.1664218990885655 2.541282291782291 0.6581277961169266 3.0069857218832117 0.23500825913021034 16.91588282546487 1.4718650793650794 0.07142857142857144 1.0804577367077368 4.272881105358426 0.5805247768544167 0.6221914435210834 0.10000000000000002 0.0 0.6935929919828813 0.0 0.37030423280423275 0.022672064777327937 0.0625 0.0 0.1760055186042028 0.008097165991902834
1.0165558872823797 3.8870424853166576 2.804112955897389 2.0201067555645764 2.7222993263661532 2.1742516113833057 2.3782590181226833 0.1306464368964369 8.921918729162499 10.51350615617927 10.938891465677179 1.1793424933412635 0.4340289945025869 0.17698057901918193 0.12795347570700588 2.1448626253785017 31.58091747189754 1.364980479244263 0.7707361761426323 0.03020920333272812 0.05088995761836614 0.784031475174241 1.1295220605221685 0.02622785928047426 1.0187008626803238 0.09719362615704079 0.016260162601626015 0.20355853496097398 1.9638980317683656 0.09496191135734072 0.06371191135734072 0.039351851851851846 0.0 0.35179230972167264 0.0 1.0602813852813855 0.04962011672537988 0.0 0.16049382716049382 1.2410909391360525 0.030824438719175562
2.1531793896173244 6.092629769370632 6.392744304024795 15.613890723055576 1.047091128117914 52.54312500358468 2.1978286531106654 0.47346247440397077 1.3789037698412698 5.009169674042166 4.593442460317459 1.5885770855022616 3.5470232470685423 14.081874684581292 5.67230927937202 5.022780712343164 1.364980479244263 117.29581774963212 76.82691139250802 16.915897639183683 37.80540148292005 44.59783915400121 144.9291654559017 7.560962001327439 4.214233917884175 5.0697237841626315 0.6963427882241429 21.58167837461097 3.023294373366211 6.790096912752656 1.906968652692337 0.5 0.0 0.017361111111111112 0.0 0.13194444444444445 0.037500000000000006 1.0208333333333333 0.1 0.6323908730158729 0.025
1.0077762994008705 2.6029377799965316 0.8894034206534206 5.315220019133933 0.20555555555555557 14.585451821071116 2.641697931697931 0.21134887757170362 0.37890376984126983 0.8218425628832032 0.8468749999999999 0.5627663278750236 1.2638071425406951 3.237211715434354 0.7284052970667924 2.0772257508996637 0.7707361761426323 76.82691139250802 30.20458476827776 10.074144037836824 12.317703644680977 18.913179718523036 44.57207227952597 3.9838800479577707 1.0017858313894121 0.6427339193281222 0.1422644585688064 5.097218095278737 0.8408290164254724 0.05268166089965398 0.43240740740740735 0.0 0.14814814814814814 0.017361111111111112 0.0 0.006944444444444444 0.0 0.0 0.4444444444444444 0.03239087301587301 0.0
3.1181604814938146 4.1156325217991885 0.21214896214896212 0.963051035817523 0.041666666666666664 4.785811059727204 0.8583333333333334 0.021153846153846155 1.15984126984127 0.30265567765567775 1.291666666666667 0.20424242424242428 0.08247035858877966 0.9588873422654327 0.36356948483132234 1.1664218990885655 0.03020920333272812 16.915897639183683 10.074144037836824 17.94677657397706 9.36059789753463 5.608189754946127 11.556744479777956 0.8020381287616377 1.243291573039472 0.15537037037037038 0.14457671957671958 16.797709235209233 3.010888888888889 5.904710819265318 9.033829365079367 2.1611111111111114 0.6625 0.5041666666666667 0.25 0.5444444444444445 0.16222222222222224 2.011111111111111 0.6450113378684807 0.6998412698412698 0.0
0.9104433529433529 7.4133619024653505 0.16438653938653938 3.12227221763485 0.0 6.219992054332307 0.22893772893772893 0.07783882783882787 0.37777777777777777 1.400591936798833 2.7111111111111117 0.41058247308247314 0.4534537376204045 3.9581952649521797 0.6670233007733012 2.541282291782291 0.05088995761836614 37.80540148292005 12.317703644680977 9.36059789753463 18.865842586081058 4.833891628391011 29.4760123968384 1.52792236685317 5.978996504146254 0.34978393066628366 0.38300097816904544 7.98234314661946 3.4123260073260075 15.303305258565572 1.5798815219867852 0.0 0.0 0.011111111111111112 0.0 0.29444444444444445 0.0 0.375 0.0 0.0 0.0
0.947695256434387 2.8381626669182896 1.9339402427637715 30.137946344657927 0.48809523809523814 27.73690486812225 3.610235760971056 0.1804480543610979 0.19523809523809527 2.559483922006608 0.0 1.2699196583467685 1.1770833333333335 2.2103291136386543 0.6448025652948927 0.6581277961169266 0.784031475174241 44.59783915400121 18.913179718523036 5.608189754946127 4.833891628391011 56.347019844303986 36.00692224204058 2.33421711060203 2.972277873684524 3.865264122382622 0.8414537019609483 6.445348092030013 0.034444444444444444 0.5000000000000001 0.00625 1.2222222222222223 0.0 0.0 0.0 0.0 0.0 0.0 0.0 0.11904761904761904 0.0
1.5221929255982516 3.499198923646307 1.8651455139260018 10.705660042842077 0.9627657312925172 38.154602402981475 1.8448524626344753 0.38198379820662437 0.04557043650793651 3.3913130620551186 2.5768482574189093 3.1700763620143264 4.0000352729605275 16.133968072901748 3.553396778752126 3.0069857218832117 1.1295220605221685 144.9291654559017 44.57207227952597 11.556744479777956 29.4760123968384 36.00692224204058 57.33590596276691 4.842740072999107 2.081472633748211 1.389532430964032 0.5462977943811952 15.869811311118882 1.2011356432074811 5.008624096353369 0.9412489557226402 0.1111111111111111 0.0 0.017361111111111112 0.0 0.006944444444444444 0.0 0.0 0.0 0.5323908730158731 0.0
0.08232126726029167 0.26962195121951227 0.005000645244547684 0.5257366833991496 0.0 2.281112337898055 0.05029036004645761 0.0 0.0 0.7410372854434358 0.0634057971014493 0.18351634815049453 0.05399614969255534 0.6652473851799008 0.14776410634722573 0.23500825913021034 0.02622785928047426 7.560962001327439 3.9838800479577707 0.8020381287616377 1.52792236685317 2.33421711060203 4.842740072999107 0.23909673501376344 0.06160810733981466 0.015437475803329461 0.007852919438285292 0.27041490014050984 0.10257142857142859 0.010045415224913496 0.0 0.1111111111111111 0.0 0.0 0.0 0.0 0.0 0.0 0.0 0.0 0.0
1.681352258852259 2.327770236299648 0.0 8.448453426990346 3.146117376775268 47.49640984734717 19.06126417442206 0.36728179228179225 5.142779866332492 1.2623809523809526 0.48412698412698413 1.0668916577249912 3.3447761547638994 14.377838899333021 33.46300821047145 16.91588282546487 1.0187008626803238 4.214233917884175 1.0017858313894121 1.243291573039472 5.978996504146254 2.972277873684524 2.081472633748211 0.06160810733981466 99.1024241342535 10.514569700452052 4.279779133875772 0.9880952380952382 15.368021014073648 2.5857978279030913 0.9492898913951546 0.22500000000000006 0.0 0.21052631578947367 0.0 0.024242424242424246 0.2854090354090354 0.0 0.0 2.1662759462759467 0.12307692307692308
0.34111111111111114 0.17694444444444446 0.0 2.104343036112004 0.49464285714285716 11.577016790241425 4.1126455026455035 0.14148148148148149 0.33944444444444444 0.19503968253968254 0.0 0.12756132756132757 0.015873015873015872 0.3238411881704565 1.4142163392163394 1.4718650793650794 0.09719362615704079 5.0697237841626315 0.6427339193281222 0.15537037037037038 0.34978393066628366 3.865264122382622 1.389532430964032 0.015437475803329461 10.514569700452052 14.243946208112876 3.0569969536636203 0.0 0.3833333333333333 0.0 0.0 0.05000000000000001 0.0 0.0 0.0 0.0 0.0 0.0 0.0 0.07103174603174603 0.0
0.03571428571428572 0.25 0.0 1.1360891831480064 0.05555555555555555 2.2368111023673682 0.6572390572390572 0.0148989898989899 1.1055555555555554 0.0 0.0 0.0 0.0 0.02495483288166215 0.08333333333333333 0.07142857142857144 0.016260162601626015 0.6963427882241429 0.1422644585688064 0.14457671957671958 0.38300097816904544 0.8414537019609483 0.5462977943811952 0.007852919438285292 4.279779133875772 3.0569969536636203 2.1750000000000003 0.0 0.11428571428571431 0.0 0.0 0.0 0.0 0.0 0.0 0.0 0.0 0.0 0.0 0.015873015873015872 0.0
4.0398712059545385 2.7792654105154107 0.15326340326340326 1.4176265763222287 0.0 5.812126674442178 0.0 0.025 1.1005952380952382 1.8783568073340797 0.125 0.0 0.04464285714285714 0.9887773811554301 0.03317307692307692 1.0804577367077368 0.20355853496097398 21.58167837461097 5.097218095278737 16.797709235209233 7.98234314661946 6.445348092030013 15.869811311118882 0.27041490014050984 0.9880952380952382 0.0 0.0 99.5873236382466 7.804842369331003 20.997808125110765 5.571354731238104 1.1944444444444444 1.3440377804014167 0.13425925925925924 3.8959563164108624 0.32432659932659935 0.017045454545454544 3.7395454545454543 2.382575757575758 2.910451921815558 0.11931818181818185
12.677625162970555 10.41713062169312 2.0907356532356536 1.2527472527472527 2.269377390845535 1.0453851294903929 5.484206129358483 0.15837148962148961 7.3703990463599185 2.929342717918206 1.778918650793651 0.09523809523809523 0.40274227234753557 0.9289731339566865 1.0754887218045113 4.272881105358426 1.9638980317683656 3.023294373366211 0.8408290164254724 3.010888888888889 3.4123260073260075 0.034444444444444444 1.2011356432074811 0.10257142857142859 15.368021014073648 0.3833333333333333 0.11428571428571431 7.804842369331003 123.32969134716397 1.601645207349847 6.4890682864123 5.729616402116402 2.9212098531203634 9.252101001141934 1.934565225883742 3.136416255426672 2.949668679273943 0.017045454545454544 3.6078843995510663 2.0948105456478663 1.1702267031214404
0.7005372226863458 2.1792328042328037 0.59375 0.41428571428571426 0.2848857340720222 1.1828042328042327 1.033789242843952 0.0 0.05619311436485951 3.541666666666666 3.041666666666666 0.0 0.06666666666666667 0.773809523809524 0.0 0.5805247768544167 0.09496191135734072 6.790096912752656 0.05268166089965398 5.904710819265318 15.303305258565572 0.5000000000000001 5.008624096353369 0.010045415224913496 2.5857978279030913 0.0 0.0 20.997808125110765 1.601645207349847 31.725962641465756 8.274854188401626 2.0194444444444444 0.25 0.38288704216682057 0.05555555555555555 1.4098140495867766 0.045344129554655874 6.166666666666667 2.0793650793650795 0.3471499260972945 0.4090514748409485
1.161014515455305 4.896825396825397 0.0 0.07142857142857144 0.19113573407202217 0.25396825396825395 0.6692059095106186 0.0 1.9307962889680343 1.1776859504132227 2.5 0.0 0.0 0.0 0.0 0.6221914435210834 0.06371191135734072 1.906968652692337 0.43240740740740735 9.033829365079367 1.5798815219867852 0.00625 0.9412489557226402 0.0 0.9492898913951546 0.0 0.0 5.571354731238104 6.4890682864123 8.274854188401626 33.46743532700194 1.5478787878787879 5.519504401709031 1.772861000500154 4.528380479257819 0.7205097853535353 3.989678961389488 1.3041904002430318 1.1799302549302548 3.007153538911912 1.2826736859631598
0.27546296296296297 1.4583333333333333 0.0 0.0 0.0 0.0 0.0 0.0 0.2392857142857143 0.0 0.0 0.0 0.0 0.1111111111111111 0.0 0.10000000000000002 0.039351851851851846 0.5 0.0 2.1611111111111114 0.0 1.2222222222222223 0.1111111111111111 0.1111111111111111 0.22500000000000006 0.05000000000000001 0.0 1.1944444444444444 5.729616402116402 2.0194444444444444 1.5478787878787879 58.42317941317941 1.022172619047619 0.2934027777777778 0.2625 3.3580753968253974 1.1349206349206349 5.833333333333333 8.398148148148149 0.24074074074074073 0.0
0.03515625 0.0 0.0 0.0 0.0 0.0 0.0 0.0 0.03571428571428572 0.3140495867768595 0.0 0.0 0.0 0.0 0.0 0.0 0.0 0.0 0.14814814814814814 0.6625 0.0 0.0 0.0 0.0 0.0 0.0 0.0 1.3440377804014167 2.9212098531203634 0.25 5.519504401709031 1.022172619047619 14.554299227051361 1.0362413194444446 3.029015505995787 0.382975965007215 0.07260101010101011 0.4674292264752791 0.3078403078403078 0.6147849608525445 0.6663915945165946
2.283717821226045 1.574570105820106 0.1388888888888889 0.0 0.7024007386888274 0.0 0.45590951061865187 0.01388888888888889 4.206049970920124 1.1456679894179895 0.48611111111111116 0.0 0.004960317460317459 0.017361111111111112 0.0 0.6935929919828813 0.35179230972167264 0.017361111111111112 0.017361111111111112 0.5041666666666667 0.011111111111111112 0.0 0.017361111111111112 0.0 0.21052631578947367 0.0 0.0 0.13425925925925924 9.252101001141934 0.38288704216682057 1.772861000500154 0.2934027777777778 1.0362413194444446 1.9141482316285745 0.41555059523809523 2.0137045805274973 0.11336032388663966 0.36814692982456143 0.0 0.4764143933551829 0.06652749662618085
0.015625 1.0666666666666667 0.0 0.0 0.0 0.0 0.0 0.0 0.03571428571428572 1.8395316804407715 0.0 0.0 0.0 0.0 0.0 0.0 0.0 0.0 0.0 0.25 0.0 0.0 0.0 0.0 0.0 0.0 0.0 3.8959563164108624 1.934565225883742 0.05555555555555555 4.528380479257819 0.2625 3.029015505995787 0.41555059523809523 15.382071663605752 0.6233991702741704 0.1451048951048951 6.772044841123789 1.5144300144300145 3.6729022992778972 0.8195346320346322
0.611315756003256 1.3400372775372775 0.05555555555555555 0.0 0.07142857142857144 0.0060606060606060615 0.0 0.005555555555555556 3.4863203463203467 0.6110449735449734 1.0012626262626263 0.0 0.027958152958152963 0.006944444444444444 0.0 0.37030423280423275 1.0602813852813855 0.13194444444444445 0.006944444444444444 0.5444444444444445 0.29444444444444445 0.0 0.006944444444444444 0.0 0.024242424242424246 0.0 0.0 0.32432659932659935 3.136416255426672 1.4098140495867766 0.7205097853535353 3.3580753968253974 0.382975965007215 2.0137045805274973 0.6233991702741704 1.0443644348426546 0.358974358974359 1.545305705503074 0.05555555555555555 0.2285903058929375 0.12152777777777779
0.0840909090909091 0.028571428571428577 0.0 0.25 1.2013495276653172 1.0166666666666666 0.07357174988753937 0.0 2.4742882263934898 0.03409090909090909 0.0 0.0 0.0 0.0 0.0 0.022672064777327937 0.04962011672537988 0.037500000000000006 0.0 0.16222222222222224 0.0 0.0 0.0 0.0 0.2854090354090354 0.0 0.0 0.017045454545454544 2.949668679273943 0.045344129554655874 3.989678961389488 1.1349206349206349 0.07260101010101011 0.11336032388663966 0.1451048951048951 0.358974358974359 22.181306784383708 12.791529304029304 2.936437908496732 8.338308740760665 6.007846193211011
0.4891666666666666 6.7361111111111125 0.0 0.0 0.0 0.15000000000000002 0.0 0.0 0.09206349206349207 0.33131313131313134 0.0 0.0 0.0 0.0 0.0 0.0625 0.0 1.0208333333333333 0.0 2.011111111111111 0.375 0.0 0.0 0.0 0.0 0.0 0.0 3.7395454545454543 0.017045454545454544 6.166666666666667 1.3041904002430318 5.833333333333333 0.4674292264752791 0.36814692982456143 6.772044841123789 1.545305705503074 12.791529304029304 85.67361925598766 10.300770308123248 10.854407416413997 3.628751443989448
0.16049382716049382 0.0 0.0 0.0 0.0 0.7709750566893424 0.0 0.0 0.046031746031746035 0.18181818181818182 0.0 0.0 0.0 0.0 0.0 0.0 0.16049382716049382 0.1 0.4444444444444444 0.6450113378684807 0.0 0.0 0.0 0.0 0.0 0.0 0.0 2.382575757575758 3.6078843995510663 2.0793650793650795 1.1799302549302548 8.398148148148149 0.3078403078403078 0.0 1.5144300144300145 0.05555555555555555 2.936437908496732 10.300770308123248 59.67011137788448 2.598658857482387 3.2089169000933704
0.2845643939393939 0.8200892857142857 0.19139194139194138 0.4214285714285714 1.2119833925473027 2.718809523809525 2.461121714542768 0.05086996336996337 24.07897900345267 2.565255137178839 0.6358418367346939 0.0 0.33116883116883117 0.20223214285714286 0.0 0.1760055186042028 1.2410909391360525 0.6323908730158729 0.03239087301587301 0.6998412698412698 0.0 0.11904761904761904 0.5323908730158731 0.0 2.1662759462759467 0.07103174603174603 0.015873015873015872 2.910451921815558 2.0948105456478663 0.3471499260972945 3.007153538911912 0.24074074074074073 0.6147849608525445 0.4764143933551829 3.6729022992778972 0.2285903058929375 8.338308740760665 10.854407416413997 2.598658857482387 24.236837470074228 4.3575864090197864
0.022727272727272728 0.2833333333333334 0.0 0.0 0.024291497975708502 0.1 0.024291497975708502 0.0 0.9329709033656401 0.15530303030303033 0.0 0.0 0.0 0.0 0.0 0.008097165991902834 0.030824438719175562 0.025 0.0 0.0 0.0 0.0 0.0 0.0 0.12307692307692308 0.0 0.0 0.11931818181818185 1.1702267031214404 0.4090514748409485 1.2826736859631598 0.0 0.6663915945165946 0.06652749662618085 0.8195346320346322 0.12152777777777779 6.007846193211011 3.628751443989448 3.2089169000933704 4.3575864090197864 1.510910799230935
