51.744506033990746 55.566421304862665 19.932927559686142 1.7323842592592587 8.081522495361778 1.8425588504632622 6.724598987322199 0.5564546074840192 5.296046752034145 6.2700600543247536 2.712259048356184 0.6166938997821351 1.6773989898989898 0.771588473446058 0.5359030589293747 1.9786823062558345 2.3057781470765217 3.2383217068878847 1.341853587588882 2.6718662464985994 1.0402987861811392 1.4008608058608059 3.5633049181210956 0.5847233893557423 0.8416666666666666 0.0 0.0 7.870821251059342 9.698117226688652 2.7634161071836143 1.1296830550401982 0.2833333333333333 0.34269892805607094 0.7705555555555557 0.1516233766233766 0.6877777777777779 4.74850752422181 0.15333333333333335 0.05555555555555555 2.458505978148835 0.0854978354978355
55.566421304862665 144.14993030218298 69.33139220324883 2.6394382197323374 34.29419642857143 2.7275940703425485 17.324724264705885 1.308106729871436 2.0786554621848743 35.28866782318991 12.692704801218733 0.7456427015250545 1.0862978524743228 5.721075022863233 0.4036193424738317 10.015298557651494 5.559579089724826 7.4825364668148975 3.8679176649359204 0.7828168844903124 6.659235957866788 0.48000000000000004 6.206642850627162 1.4788011212334669 2.989472455648926 0.08333333333333333 0.14166666666666666 6.154246954924291 14.72175536764822 2.8889724778800416 0.47810606060606053 1.1333333333333333 0.7072727272727272 0.11111111111111112 0.9719114219114219 0.044444444444444446 0.9198214285714286 3.053125 0.0 1.0677489177489177 0.020833333333333336
19.932927559686142 69.33139220324883 60.69342774872508 28.69333598942282 23.156272224799 3.813663190141771 10.858932607133761 2.255824341570947 0.08333333333333333 11.475577019299932 3.2433004882114793 6.766701073073621 20.20673057907579 0.5086490650732137 1.9236311933680355 3.9764225562019684 2.9077251087119516 7.43059383999008 2.2694575641674843 0.3223308554190907 0.8100463262227969 8.488078664280035 6.084091504788262 0.18176308985132514 0.12711979378646043 0.804093567251462 0.14035087719298245 0.19095238095238096 1.0409523809523809 4.335490196078432 0.02666666666666667 0.0 0.02666666666666667 0.0 0.03333333333333333 0.0 1.7172619047619047 0.0 0.0 1.3571428571428574 0.45238095238095244
1.7323842592592587 2.6394382197323374 28.69333598942282 84.0913805842112 8.068423821548821 17.829931635177427 4.904839837450131 1.662179187914482 0.0 18.75358100547079 4.069246031746032 33.679079381509176 27.76792452306523 6.867957667378392 10.822288197268835 3.16 2.5840982832011608 23.102934877847627 2.9598204925906844 0.8365521919261838 3.5449691962806322 40.759802275816405 17.260040829401458 0.8920252408825471 12.209426824377289 2.4159042893646565 1.369790564400875 0.004464285714285715 0.05555555555555555 1.203042328042328 0.24285714285714288 0.07142857142857144 0.0 0.0 0.0 0.0 1.375 0.0 0.14182642754071328 0.0 0.0
8.081522495361778 34.29419642857143 23.156272224799 8.068423821548821 14.332046368912717 6.959558533142125 9.829711828164907 0.06845238095238096 8.447501233432178 1.3453289473684211 0.4497236394557823 1.449074074074074 4.3164186507936515 0.4286616161616162 2.2579935383244214 0.6871125181374489 4.256458183437062 0.6282454648526078 0.09005102040816328 0.17857142857142858 0.0882936507936508 0.625 0.6036918934240364 0.026785714285714284 2.2949005721374145 0.23750000000000002 0.045454545454545456 0.0 0.375207756232687 0.8337488457987072 0.5834856879039706 0.08333333333333334 0.1811111111111111 1.1829832256078794 0.0 0.05 6.426758895344422 0.0530701754385965 0.0 1.902187666135035 0.34090909090909094
1.8425588504632622 2.7275940703425485 3.813663190141771 17.829931635177427 6.959558533142125 109.49315874769069 16.48672837582667 3.434991859991858 0.4040767359575409 1.9885491995521225 2.6723401641358295 4.591682841644478 6.378061356308908 26.709419371968192 19.636499680445123 2.500476290032043 1.353866118628269 112.61020372253962 15.325732000711618 4.782108959115621 7.812253849412963 23.3715505130043 80.65020316053982 3.4685433816382893 36.47257440581039 12.029674385716586 1.6990413612152744 7.347510420613869 1.35953425229741 3.6076928432191604 1.6424812030075189 0.6785714285714286 0.16666666666666669 0.6146686159844055 0.3055555555555556 0.1 2.5080357142857146 0.15000000000000002 1.5759637188208617 0.7854201680672269 0.1
6.724598987322199 17.324724264705885 10.858932607133761 4.904839837450131 9.829711828164907 16.48672837582667 6.501669562787551 0.35626750700280113 1.3039901288308493 0.7328289473684212 0.2760416666666667 3.4499350649350653 1.3547589869281045 1.3852377795168325 3.5930634248648956 0.32564635272391507 3.825739431179476 1.8809537463359325 0.4799489795918368 0.4984126984126984 0.19370490620490619 0.29058441558441556 1.8909983891930755 0.13819686411149829 10.08711076934761 2.627792207792208 0.5850649350649351 0.0 4.1450907971683595 0.5762927054478301 1.9676962142197607 0.9791666666666666 0.9144444444444445 1.751842874730687 0.12916666666666665 0.31666666666666665 4.292501139211666 0.0530701754385965 0.0 1.9423752563226253 0.03787878787878788
0.5564546074840192 1.308106729871436 2.255824341570947 1.662179187914482 0.06845238095238096 3.434991859991858 0.35626750700280113 0.1107001972386588 0.0 0.5830191050779286 1.0026940938318647 0.36848739495798316 0.29202279202279197 1.209552781477572 0.8290649409070463 0.5573475544063777 0.14286056262949715 1.752727099803857 0.11367521367521366 0.004273504273504274 0.25875050875050876 0.02564102564102564 1.5934834023248658 0.00508130081300813 0.5711279461279462 0.15 0.003787878787878788 0.5184523809523809 0.0 0.08333333333333333 0.0 0.0 0.08333333333333334 0.08333333333333334 0.0 0.0 0.0 0.0 0.0 0.0 0.0
5.296046752034145 2.0786554621848743 0.08333333333333333 0.0 8.447501233432178 0.4040767359575409 1.3039901288308493 0.0 52.68573611793097 2.051219593100398 4.016838402027477 0.05 4.559776334776334 0.09686535368027477 2.0940794499618027 0.8828552612180605 6.0382874276928655 0.5211382113821138 0.43333333333333335 1.2381746031746033 2.6444444444444444 0.0 0.18780487804878052 0.10243902439024392 0.6971982987772462 0.0125 0.009090909090909092 1.65 10.019104520537175 0.7005144440047486 1.9340775183572958 0.08333333333333333 0.7333333333333333 3.1847159787542423 0.4666666666666667 4.8970207570207585 4.249426905592319 0.38435672514619884 1.2222222222222223 23.62365425718808 0.578574057521426
6.2700600543247536 35.28866782318991 11.475577019299932 18.75358100547079 1.3453289473684211 1.9885491995521225 0.7328289473684212 0.5830191050779286 2.051219593100398 116.44000515585313 65.46334219985758 4.081309830329437 12.697680375180374 6.647371455046041 1.4642857142857146 22.350402366138667 8.368115624496072 14.509287115448776 4.535997634709151 1.802859477124183 13.00226423902894 2.3135018426780443 12.130803284888284 0.5453972239302225 1.0391710758377426 0.28255012531328316 0.12280701754385964 5.825089018172154 3.5240977657492634 2.4702098383212934 2.5148361606495575 0.0 0.5040174471992654 0.5526315789473684 0.9049586776859504 0.3666666666666667 0.03125 1.10625 0.18181818181818182 2.0995730027548207 0.2708333333333333
2.712259048356184 12.692704801218733 3.2433004882114793 4.069246031746032 0.4497236394557823 2.6723401641358295 0.2760416666666667 1.0026940938318647 4.016838402027477 65.46334219985758 58.43391656662665 3.429656862745099 17.130793650793645 4.478921568627451 0.34722222222222227 7.609717361391543 28.361179054955347 14.219964126001276 1.8597050223598215 0.7206957344341246 5.904833161334707 0.011695906432748537 10.682464126001276 0.4473039215686275 0.5 0.0 0.0 2.036363636363636 2.1622608068260245 0.6225490196078431 0.7613636363636364 0.0 0.2058080808080808 0.19444444444444445 0.045454545454545456 1.5515873015873016 0.0 0.25 0.0 0.011363636363636364 0.0
0.6166938997821351 0.7456427015250545 6.766701073073621 33.679079381509176 1.449074074074074 4.591682841644478 3.4499350649350653 0.36848739495798316 0.05 4.081309830329437 3.429656862745099 35.05077972709552 15.679123753878658 0.4258677413211885 23.633742202356753 0.3088235294117647 7.542243231775756 3.6944317796809827 0.45553427249079426 0.2843867243867244 0.4067436267436268 4.420664681534245 5.150030625279827 0.19017069651215995 4.01900869598238 0.2792965367965368 0.031746031746031744 0.0 0.39252525252525255 0.3333333333333333 0.0 0.0 0.0 0.0 0.0 0.0 0.0 1.0 0.0 0.0 0.0
1.6773989898989898 1.0862978524743228 20.20673057907579 27.76792452306523 4.3164186507936515 6.378061356308908 1.3547589869281045 0.29202279202279197 4.559776334776334 12.697680375180374 17.130793650793645 15.679123753878658 55.35644615816371 6.064795262834482 5.393075007780892 2.4435200746965453 6.676984126984128 12.517983542288562 1.0115302041869378 0.9597866390145802 2.1003705399538743 5.264247095497096 11.453750349011242 0.6610004578754579 2.2313190735372124 0.0 0.0 0.15 1.0333333333333332 0.2685185185185185 0.0 0.0 0.0 0.0 0.13333333333333333 0.0 4.375 0.0 0.0 0.07142857142857144 0.0
0.771588473446058 5.721075022863233 0.5086490650732137 6.867957667378392 0.4286616161616162 26.709419371968192 1.3852377795168325 1.209552781477572 0.09686535368027477 6.647371455046041 4.478921568627451 0.4258677413211885 6.064795262834482 18.275282325781227 14.691631353396055 4.425348454203729 0.07541379431010953 33.05030957831129 3.7816407377895227 1.2720015423681745 6.569227445913143 4.040925533835837 25.985029138473266 0.2756844733834202 11.243684202355416 0.542761167043807 0.08745483288166216 2.6293785706618253 0.11437747035573123 1.306401215456943 0.273225677830941 0.25 0.005681818181818182 0.0 0.2727272727272727 0.0 0.03125 0.23125 0.05 0.08901515151515152 0.020833333333333336
0.5359030589293747 0.4036193424738317 1.9236311933680355 10.822288197268835 2.2579935383244214 19.636499680445123 3.5930634248648956 0.8290649409070463 2.0940794499618027 1.4642857142857146 0.34722222222222227 23.633742202356753 5.393075007780892 14.691631353396055 18.748233119005178 0.37964273428669715 0.8875 14.194705172457681 1.2571244083144235 0.32264398505691066 1.903874208150526 1.7808934851698002 12.45901378051628 0.09907280219780219 13.217711351184617 0.36617965367965366 0.1942099567099567 0.0 1.0833333333333333 0.8055555555555557 0.0 0.0 0.05555555555555556 0.05555555555555556 0.0 0.05555555555555556 0.0 0.0 0.0 0.8067226890756302 0.0
1.9786823062558345 10.015298557651494 3.9764225562019684 3.16 0.6871125181374489 2.500476290032043 0.32564635272391507 0.5573475544063777 0.8828552612180605 22.350402366138667 7.609717361391543 0.3088235294117647 2.4435200746965453 4.425348454203729 0.37964273428669715 3.5139951400689546 2.1324953537515685 6.422181455469179 1.118557825429022 0.6218700698670273 2.4076145400689017 0.6391919191919191 4.97345129673902 0.1489715227273977 1.1192970170524348 0.0 0.1 3.028477433788232 1.789143832467932 0.5478922021255407 0.36755477209770837 0.25 0.03803030303030303 0.3607263773468759 0.3287878787878788 0.10317460317460317 0.10197368421052631 0.4690789473684211 0.0 0.25923331054910004 0.04166666666666667
2.3057781470765217 5.559579089724826 2.9077251087119516 2.5840982832011608 4.256458183437062 1.353866118628269 3.825739431179476 0.14286056262949715 6.0382874276928655 8.368115624496072 28.361179054955347 7.542243231775756 6.676984126984128 0.07541379431010953 0.8875 2.1324953537515685 20.849878201660257 1.9248082298156208 0.340456041781499 0.0669133345129424 0.38758888433816674 0.48330979043007316 4.69590029082104 0.022381623525261542 2.193695256165293 0.08591217048534122 0.016260162601626015 0.5839419145474655 1.1359329497833655 0.40722914742997846 0.5210034353001917 0.08333333333333334 0.15333333333333332 0.7647074839595616 0.19166666666666668 0.6953601953601954 3.449069643806486 0.03991228070175439 0.05555555555555555 1.6504161919951397 0.03787878787878788
3.2383217068878847 7.4825364668148975 7.43059383999008 23.102934877847627 0.6282454648526078 112.61020372253962 1.8809537463359325 1.752727099803857 0.5211382113821138 14.509287115448776 14.219964126001276 3.6944317796809827 12.517983542288562 33.05030957831129 14.194705172457681 6.422181455469179 1.9248082298156208 166.42394775710474 55.804797312625645 17.43063173820398 41.18706104179405 53.0054514045997 240.82713594028627 9.269117039146574 4.818173243452212 5.305391150705698 1.321160404537923 37.55465161161499 1.507397504456328 3.5742226481235777 4.28229866253236 0.3928571428571429 0.21921568627450982 0.10000000000000002 0.17222222222222222 0.0 0.31770833333333337 1.0716911764705883 0.939359076964119 0.21666666666666667 0.04583333333333334
1.341853587588882 3.8679176649359204 2.2694575641674843 2.9598204925906844 0.09005102040816328 15.325732000711618 0.4799489795918368 0.11367521367521366 0.43333333333333335 4.535997634709151 1.8597050223598215 0.45553427249079426 1.0115302041869378 3.7816407377895227 1.2571244083144235 1.118557825429022 0.340456041781499 55.804797312625645 25.495746977251013 10.336736049447449 11.116990622564458 15.417287992891648 38.08908734699925 3.2447813881164937 0.8258737352875439 2.0632090832346583 0.5088727536553623 4.171680437093538 0.1538044308632544 3.5794945083296477 0.8003437753143136 0.75 0.21921568627450982 0.10000000000000002 0.11666666666666667 0.13186813186813187 0.03333333333333334 0.17794117647058824 0.473202614379085 0.03333333333333334 0.0
2.6718662464985994 0.7828168844903124 0.3223308554190907 0.8365521919261838 0.17857142857142858 4.782108959115621 0.4984126984126984 0.004273504273504274 1.2381746031746033 1.802859477124183 0.7206957344341246 0.2843867243867244 0.9597866390145802 1.2720015423681745 0.32264398505691066 0.6218700698670273 0.0669133345129424 17.43063173820398 10.336736049447449 16.595272485727175 3.3054765230756846 6.3429850636002385 14.655423668541046 1.0522888954082443 0.4555548418910596 0.14814814814814814 0.0 11.609658309850674 1.6828991596638654 4.1455182072829135 4.68618128972019 1.5134920634920634 0.6142285247432306 0.24583333333333335 1.8666666666666667 0.5666666666666667 0.13159951159951164 1.0944444444444446 2.9175736961451246 0.9240537240537243 0.03736263736263737
1.0402987861811392 6.659235957866788 0.8100463262227969 3.5449691962806322 0.0882936507936508 7.812253849412963 0.19370490620490619 0.25875050875050876 2.6444444444444444 13.00226423902894 5.904833161334707 0.4067436267436268 2.1003705399538743 6.569227445913143 1.903874208150526 2.4076145400689017 0.38758888433816674 41.18706104179405 11.116990622564458 3.3054765230756846 19.38283051056113 4.663702813545802 33.539370736456576 2.733022625607776 6.651630110603509 1.0799907279207415 0.06658287246522542 7.708166217130408 0.2529411764705882 5.8734438219732334 1.1353221288515407 0.32142857142857145 0.10627450980392159 0.11111111111111113 0.0 0.31275946275946276 0.03333333333333334 0.7 0.23922902494331066 0.03333333333333334 0.0
1.4008608058608059 0.48000000000000004 8.488078664280035 40.759802275816405 0.625 23.3715505130043 0.29058441558441556 0.02564102564102564 0.0 2.3135018426780443 0.011695906432748537 4.420664681534245 5.264247095497096 4.040925533835837 1.7808934851698002 0.6391919191919191 0.48330979043007316 53.0054514045997 15.417287992891648 6.3429850636002385 4.663702813545802 109.41205858495218 39.150410458098875 1.4034112201501245 2.3747933641485335 2.676892548277589 0.6999547806240048 5.512820512820514 0.22614718614718615 0.2625 0.11666666666666668 2.0 0.0 0.016666666666666666 0.35555555555555557 0.0 0.0 0.2 2.4862914862914858 0.044444444444444446 0.0
3.5633049181210956 6.206642850627162 6.084091504788262 17.260040829401458 0.6036918934240364 80.65020316053982 1.8909983891930755 1.5934834023248658 0.18780487804878052 12.130803284888284 10.682464126001276 5.150030625279827 11.453750349011242 25.985029138473266 12.45901378051628 4.97345129673902 4.69590029082104 240.82713594028627 38.08908734699925 14.655423668541046 33.539370736456576 39.150410458098875 100.38187317072325 7.6883614197299295 4.414079982216093 3.3896788758629866 1.140755527611307 23.708905471789855 0.3538044308632544 3.152929832751815 2.22966708358499 0.6428571428571429 0.21921568627450982 0.10000000000000002 0.17222222222222222 0.0 0.03333333333333334 0.17794117647058824 0.7322162198212618 0.03333333333333334 0.0
0.5847233893557423 1.4788011212334669 0.18176308985132514 0.8920252408825471 0.026785714285714284 3.4685433816382893 0.13819686411149829 0.00508130081300813 0.10243902439024392 0.5453972239302225 0.4473039215686275 0.19017069651215995 0.6610004578754579 0.2756844733834202 0.09907280219780219 0.1489715227273977 0.022381623525261542 9.269117039146574 3.2447813881164937 1.0522888954082443 2.733022625607776 1.4034112201501245 7.6883614197299295 0.45682535047816847 0.024547823699167408 0.03698219125048393 0.004065040650406504 0.23912432614911536 0.013137254901960785 0.0684173669467787 0.3064705882352942 0.0 0.09647058823529414 0.10000000000000002 0.0 0.003663003663003663 0.03333333333333334 0.03333333333333334 0.05000000000000001 0.03333333333333334 0.0
0.8416666666666666 2.989472455648926 0.12711979378646043 12.209426824377289 2.2949005721374145 36.47257440581039 10.08711076934761 0.5711279461279462 0.6971982987772462 1.0391710758377426 0.5 4.01900869598238 2.2313190735372124 11.243684202355416 13.217711351184617 1.1192970170524348 2.193695256165293 4.818173243452212 0.8258737352875439 0.4555548418910596 6.651630110603509 2.3747933641485335 4.414079982216093 0.024547823699167408 45.626934948514986 8.552282148975511 4.885550108932462 1.0 11.876253132832082 0.9601782233361178 2.4870300751879704 0.3928571428571429 1.1 1.0009746588693955 0.25 0.0 0.6546398046398046 0.0 0.19274376417233563 1.6591452991452993 0.36923076923076925
0.0 0.08333333333333333 0.804093567251462 2.4159042893646565 0.23750000000000002 12.029674385716586 2.627792207792208 0.15 0.0125 0.28255012531328316 0.0 0.2792965367965368 0.0 0.542761167043807 0.36617965367965366 0.0 0.08591217048534122 5.305391150705698 2.0632090832346583 0.14814814814814814 1.0799907279207415 2.676892548277589 3.3896788758629866 0.03698219125048393 8.552282148975511 8.874808849465714 2.207570145903479 0.041666666666666664 0.0 0.3333333333333333 0.1 0.0 0.0 0.0 0.0 0.0 0.0 0.0 0.1111111111111111 0.025 0.0
0.0 0.14166666666666666 0.14035087719298245 1.369790564400875 0.045454545454545456 1.6990413612152744 0.5850649350649351 0.003787878787878788 0.009090909090909092 0.12280701754385964 0.0 0.031746031746031744 0.0 0.08745483288166216 0.1942099567099567 0.1 0.016260162601626015 1.321160404537923 0.5088727536553623 0.0 0.06658287246522542 0.6999547806240048 1.140755527611307 0.004065040650406504 4.885550108932462 2.207570145903479 0.13861111111111113 0.020833333333333332 0.4 0.0 0.0 0.0 0.0 0.0 0.0 0.0 0.0 0.0 0.0 0.0 0.0
7.870821251059342 6.154246954924291 0.19095238095238096 0.004464285714285715 0.0 7.347510420613869 0.0 0.5184523809523809 1.65 5.825089018172154 2.036363636363636 0.0 0.15 2.6293785706618253 0.0 3.028477433788232 0.5839419145474655 37.55465161161499 4.171680437093538 11.609658309850674 7.708166217130408 5.512820512820514 23.708905471789855 0.23912432614911536 1.0 0.041666666666666664 0.020833333333333332 142.80952789815555 16.644331486815243 22.68082565076218 16.99620042579886 4.3 1.4765084401529203 0.20148809523809524 5.83233744370108 1.5797727272727276 0.0 1.3752083333333336 0.09090909090909091 0.1399825090734182 0.0
9.698117226688652 14.72175536764822 1.0409523809523809 0.05555555555555555 0.375207756232687 1.35953425229741 4.1450907971683595 0.0 10.019104520537175 3.5240977657492634 2.1622608068260245 0.39252525252525255 1.0333333333333332 0.11437747035573123 1.0833333333333333 1.789143832467932 1.1359329497833655 1.507397504456328 0.1538044308632544 1.6828991596638654 0.2529411764705882 0.22614718614718615 0.3538044308632544 0.013137254901960785 11.876253132832082 0.0 0.4 16.644331486815243 105.04294113449772 4.385081210636971 16.17684303097092 7.270862470862469 9.241026697445239 5.033581283198106 1.6564796685785987 5.423067180640708 1.0335213032581454 0.2878289473684211 2.069264069264069 2.0177319331386316 0.6950910200910201
2.7634161071836143 2.8889724778800416 4.335490196078432 1.203042328042328 0.8337488457987072 3.6076928432191604 0.5762927054478301 0.08333333333333333 0.7005144440047486 2.4702098383212934 0.6225490196078431 0.3333333333333333 0.2685185185185185 1.306401215456943 0.8055555555555557 0.5478922021255407 0.40722914742997846 3.5742226481235777 3.5794945083296477 4.1455182072829135 5.8734438219732334 0.2625 3.152929832751815 0.0684173669467787 0.9601782233361178 0.3333333333333333 0.0 22.68082565076218 4.385081210636971 32.16805012393035 12.34102876138207 9.091666666666667 1.7231330032012804 0.2770083102493074 0.15555555555555556 1.1556473829201102 0.07894736842105263 7.301352339181288 1.6542658730158732 2.4838345864661653 0.3214285714285714
1.1296830550401982 0.47810606060606053 0.02666666666666667 0.24285714285714288 0.5834856879039706 1.6424812030075189 1.9676962142197607 0.0 1.9340775183572958 2.5148361606495575 0.7613636363636364 0.0 0.0 0.273225677830941 0.0 0.36755477209770837 0.5210034353001917 4.28229866253236 0.8003437753143136 4.68618128972019 1.1353221288515407 0.11666666666666668 2.22966708358499 0.3064705882352942 2.4870300751879704 0.1 0.0 16.99620042579886 16.17684303097092 12.34102876138207 44.73877525486016 9.37829809079809 13.286477011271133 2.606624860816903 7.548967895722399 1.799988352779128 2.378783969728242 3.8418715013916254 3.5325757575757573 1.9118771074231247 0.1624331550802139
0.2833333333333333 1.1333333333333333 0.0 0.07142857142857144 0.08333333333333334 0.6785714285714286 0.9791666666666666 0.0 0.08333333333333333 0.0 0.0 0.0 0.0 0.25 0.0 0.25 0.08333333333333334 0.3928571428571429 0.75 1.5134920634920634 0.32142857142857145 2.0 0.6428571428571429 0.0 0.3928571428571429 0.0 0.0 4.3 7.270862470862469 9.091666666666667 9.37829809079809 48.18 14.340161227661227 0.4341666666666667 2.216666666666667 1.6083333333333334 10.049283154121866 0.16666666666666666 4.053939393939394 4.416666666666667 0.11688311688311687
0.34269892805607094 0.7072727272727272 0.02666666666666667 0.0 0.1811111111111111 0.16666666666666669 0.9144444444444445 0.08333333333333334 0.7333333333333333 0.5040174471992654 0.2058080808080808 0.0 0.0 0.005681818181818182 0.05555555555555556 0.03803030303030303 0.15333333333333332 0.21921568627450982 0.21921568627450982 0.6142285247432306 0.10627450980392159 0.0 0.21921568627450982 0.09647058823529414 1.1 0.0 0.0 1.4765084401529203 9.241026697445239 1.7231330032012804 13.286477011271133 14.340161227661227 17.339825336485376 1.6910401348039217 3.276195820052684 1.1382645387700538 0.9665441176470589 0.5310049019607843 2.4135479797979795 0.8998622589531681 0.0
0.7705555555555557 0.11111111111111112 0.0 0.0 1.1829832256078794 0.6146686159844055 1.751842874730687 0.08333333333333334 3.1847159787542423 0.5526315789473684 0.19444444444444445 0.0 0.0 0.0 0.05555555555555556 0.3607263773468759 0.7647074839595616 0.10000000000000002 0.10000000000000002 0.24583333333333335 0.11111111111111113 0.016666666666666666 0.10000000000000002 0.10000000000000002 1.0009746588693955 0.0 0.0 0.20148809523809524 5.033581283198106 0.2770083102493074 2.606624860816903 0.4341666666666667 1.6910401348039217 0.7063368958454035 0.6927253540305011 0.9128645833333334 6.595448486412109 0.32905486756105945 0.0 3.4523113338902824 0.2777777777777778
0.1516233766233766 0.9719114219114219 0.03333333333333333 0.0 0.0 0.3055555555555556 0.12916666666666665 0.0 0.4666666666666667 0.9049586776859504 0.045454545454545456 0.0 0.13333333333333333 0.2727272727272727 0.0 0.3287878787878788 0.19166666666666668 0.17222222222222222 0.11666666666666667 1.8666666666666667 0.0 0.35555555555555557 0.17222222222222222 0.0 0.25 0.0 0.0 5.83233744370108 1.6564796685785987 0.15555555555555556 7.548967895722399 2.216666666666667 3.276195820052684 0.6927253540305011 14.650179563396389 0.4882408645276292 0.06617647058823531 4.241916064671482 2.962142432730668 0.7560178196260381 0.22720808603161544
0.6877777777777779 0.044444444444444446 0.0 0.0 0.05 0.1 0.31666666666666665 0.0 4.8970207570207585 0.3666666666666667 1.5515873015873016 0.0 0.0 0.0 0.05555555555555556 0.10317460317460317 0.6953601953601954 0.0 0.13186813186813187 0.5666666666666667 0.31275946275946276 0.0 0.0 0.003663003663003663 0.0 0.0 0.0 1.5797727272727276 5.423067180640708 1.1556473829201102 1.799988352779128 1.6083333333333334 1.1382645387700538 0.9128645833333334 0.4882408645276292 0.9396469907407408 0.0232843137254902 0.7460526315789475 0.23461505814446992 0.08548331613347093 0.09099397334691452
4.74850752422181 0.9198214285714286 1.7172619047619047 1.375 6.426758895344422 2.5080357142857146 4.292501139211666 0.0 4.249426905592319 0.03125 0.0 0.0 4.375 0.03125 0.0 0.10197368421052631 3.449069643806486 0.31770833333333337 0.03333333333333334 0.13159951159951164 0.03333333333333334 0.0 0.03333333333333334 0.03333333333333334 0.6546398046398046 0.0 0.0 0.0 1.0335213032581454 0.07894736842105263 2.378783969728242 10.049283154121866 0.9665441176470589 6.595448486412109 0.06617647058823531 0.0232843137254902 198.12476912213 6.203645047762695 13.32328610931552 153.5138017459322 9.501810395851406
0.15333333333333335 3.053125 0.0 0.0 0.0530701754385965 0.15000000000000002 0.0530701754385965 0.0 0.38435672514619884 1.10625 0.25 1.0 0.0 0.23125 0.0 0.4690789473684211 0.03991228070175439 1.0716911764705883 0.17794117647058824 1.0944444444444446 0.7 0.2 0.17794117647058824 0.03333333333333334 0.0 0.0 0.0 1.3752083333333336 0.2878289473684211 7.301352339181288 3.8418715013916254 0.16666666666666666 0.5310049019607843 0.32905486756105945 4.241916064671482 0.7460526315789475 6.203645047762695 75.00078759733557 12.411356209150327 8.699461842766798 1.7544610489269934
0.05555555555555555 0.0 0.0 0.14182642754071328 0.0 1.5759637188208617 0.0 0.0 1.2222222222222223 0.18181818181818182 0.0 0.0 0.0 0.05 0.0 0.0 0.05555555555555555 0.939359076964119 0.473202614379085 2.9175736961451246 0.23922902494331066 2.4862914862914858 0.7322162198212618 0.05000000000000001 0.19274376417233563 0.1111111111111111 0.0 0.09090909090909091 2.069264069264069 1.6542658730158732 3.5325757575757573 4.053939393939394 2.4135479797979795 0.0 2.962142432730668 0.23461505814446992 13.32328610931552 12.411356209150327 64.4425103374683 9.587396916808682 2.776152768799828
2.458505978148835 1.0677489177489177 1.3571428571428574 0.0 1.902187666135035 0.7854201680672269 1.9423752563226253 0.0 23.62365425718808 2.0995730027548207 0.011363636363636364 0.0 0.07142857142857144 0.08901515151515152 0.8067226890756302 0.25923331054910004 1.6504161919951397 0.21666666666666667 0.03333333333333334 0.9240537240537243 0.03333333333333334 0.044444444444444446 0.03333333333333334 0.03333333333333334 1.6591452991452993 0.025 0.0 0.1399825090734182 2.0177319331386316 2.4838345864661653 1.9118771074231247 4.416666666666667 0.8998622589531681 3.4523113338902824 0.7560178196260381 0.08548331613347093 153.5138017459322 8.699461842766798 9.587396916808682 54.776758110866034 3.0477963639519965
0.0854978354978355 0.020833333333333336 0.45238095238095244 0.0 0.34090909090909094 0.1 0.03787878787878788 0.0 0.578574057521426 0.2708333333333333 0.0 0.0 0.0 0.020833333333333336 0.0 0.04166666666666667 0.03787878787878788 0.04583333333333334 0.0 0.03736263736263737 0.0 0.0 0.0 0.0 0.36923076923076925 0.0 0.0 0.0 0.6950910200910201 0.3214285714285714 0.1624331550802139 0.11688311688311687 0.0 0.2777777777777778 0.22720808603161544 0.09099397334691452 9.501810395851406 1.7544610489269934 2.776152768799828 3.0477963639519965 2.0214569555632895
