26.404173309604854 22.04030135701003 9.89274190976572 0.7046840659340659 1.32753604646987 10.293573112457784 1.21675756841198 1.0432478632478632 3.8998516297251764 3.7038450873744972 2.7034687819112952 0.16645127748068925 0.8451151789387084 1.5626094854743047 1.1702967061847152 3.7861958795432193 2.6196626520389885 5.914051198438454 3.1808425207689917 2.9624192333628616 1.135171155097626 2.1519130975861747 3.337286897924152 0.2993793393425746 4.267551892551892 0.4067460317460318 0.0 9.25162593825409 9.544193666141078 2.900049603174603 0.7696702027918606 2.1458333333333335 0.0756600935828877 0.3037229938271605 0.7949022790934556 0.376203876790998 0.08762368583797155 0.4245833333333333 0.9347619047619047 0.3116866962095843 0.0
22.04030135701003 85.12372401503231 8.82872652479795 3.7235363247863247 1.5062423687423687 15.60428985361055 3.4315056524481653 0.6371367521367522 3.957805854940319 37.308818141281364 12.087369057957295 2.8225321395775946 2.0259081196581197 5.3016672241785345 2.824783200482501 22.66562994012952 11.602348109406934 15.230504863547933 8.52549096299188 4.781916507793699 2.895976124265597 2.7901548949625874 13.502499260190167 0.5648190990296255 11.888841425459075 1.1082671957671957 0.041666666666666664 10.888101809324718 24.55851704954259 2.18221281033781 1.0163936249430903 5.453333333333334 0.8964123183708745 1.3807870370370372 8.097653229123818 0.7090211640211639 3.3097222222222222 9.046806318681318 4.5580952380952375 1.3532859697062485 1.3778157448611994
9.89274190976572 8.82872652479795 55.3761024899586 33.698809967194244 5.282875658698027 5.361587743578694 3.384397196800447 0.7356518544301349 0.6898984787142682 17.6206664798702 4.097538766436227 7.819098828444805 9.617021343246389 0.8721153846153846 1.1714490553306345 5.709858273070616 2.522307504873294 7.807769718340987 1.3734520343311554 3.834562474562475 0.18862052299552304 1.4320623820623815 3.13023449484988 0.006613756613756613 0.06700937950937952 0.03149801587301587 0.005681818181818182 0.17083333333333334 0.48850018564930847 0.682914673046252 0.24097744360902257 0.0 0.0 0.30173814165042234 0.8261904761904761 0.15114638447971784 0.1875 0.052083333333333336 0.13571428571428573 0.0 0.0
0.7046840659340659 3.7235363247863247 33.698809967194244 115.02368678581482 1.7247252747252746 23.231716880760732 4.921673088621617 1.6896622168680993 0.04129554655870446 7.936710971681924 7.085791182501708 49.44156259809425 33.90373476861315 4.651128626833755 6.416025459676776 2.543231629481629 1.4890458747601603 20.284064290354934 6.071787928198091 1.3618207795938888 1.2825270290013882 20.161072398550353 10.544399830120213 0.40024420024420027 5.2436928849661895 0.4760515873015873 0.24014971139971145 0.651664417453891 2.5808302808302814 1.2920110192837464 0.0 0.45138888888888884 0.0 0.0 0.0 0.6136363636363635 0.03125 0.0 2.2655844155844163 0.07732793522267208 0.0
1.32753604646987 1.5062423687423687 5.282875658698027 1.7247252747252746 8.664735475640141 10.105393319485804 6.594683007701428 0.1198107448107448 3.957171016606088 1.1048182957393484 0.5896885069817401 0.1380952380952381 3.3125 0.09081196581196582 1.0128174603174602 0.25987006991162115 0.9310299022656154 1.4207837301587305 0.1484126984126984 0.38857513100934155 0.24436188811188814 0.625 0.807093253968254 0.0 5.253958393580102 0.39590773809523805 0.14285714285714285 0.0 0.29280657784812913 0.6413175207756233 0.7331486611265003 0.0 0.16666666666666669 1.2100646352723914 3.0178571428571432 0.39880952380952384 4.581570512820512 0.0 0.0 0.9266358203200308 0.0728744939271255
10.293573112457784 15.60428985361055 5.361587743578694 23.231716880760732 10.105393319485804 152.0335614285589 56.39621845851753 3.130998725200229 3.161404762534793 4.8039773400670125 0.8462324929971987 8.310045010207281 5.7008148355819905 26.97724229856026 21.465877855008177 5.897265213720121 1.4853534469656855 80.02122670964738 20.833083989134717 10.242588272610899 7.791876138601202 10.796517681532748 46.3910717834542 1.5334867474286522 109.69482496214057 17.319799939925808 3.485552561544171 2.231375313283208 10.198120614717618 3.9852996415206174 1.0845708020050127 3.674603174603175 0.6666666666666667 1.265025990903184 8.464484126984127 0.7748757415424082 0.375 0.08541666666666668 0.8265271765271766 1.1222055137844615 0.03571428571428571
1.21675756841198 3.4315056524481653 3.384397196800447 4.921673088621617 6.594683007701428 56.39621845851753 18.076481848703388 0.7958326205385029 5.632371062290045 6.946547987616098 1.5407033840069302 5.494892100889544 1.4416281319690414 1.9028661676487766 5.91577916080793 1.0996653915490477 2.005128878014383 3.454232295482295 1.7871062271062272 4.229213659147869 1.117822802197802 2.471626984126984 3.2103235653235656 0.023809523809523808 35.17058436671184 2.3989136904761903 0.17929606625258804 0.2 9.485472269855924 1.3634544603467733 0.7108742250362746 1.7180555555555554 1.5291666666666668 1.6618190212373043 7.10515873015873 1.4377705627705626 1.1849358974358977 0.0 0.03636363636363637 2.186336996336997 0.1070625281151597
1.0432478632478632 0.6371367521367522 0.7356518544301349 1.6896622168680993 0.1198107448107448 3.130998725200229 0.7958326205385029 0.040736507082660925 0.12692307692307692 0.41280386280386283 0.020833333333333332 0.6695869489987135 0.4904817404817404 0.282063492063492 0.2833694083694084 0.06700854700854701 0.08744588744588744 0.9440697426385014 0.1060860581261919 0.024273504273504276 0.13578754578754582 0.050555724468767944 0.7996297793622209 0.003333333333333333 1.5706469456469458 0.14004629629629628 0.003968253968253968 0.03958333333333333 0.05888888888888889 0.4191919191919192 0.010416666666666666 0.0 0.16666666666666669 0.16666666666666669 0.0 0.20454545454545456 0.0 0.0 0.007575757575757576 0.06666666666666668 0.0
3.8998516297251764 3.957805854940319 0.6898984787142682 0.04129554655870446 3.957171016606088 3.161404762534793 5.632371062290045 0.12692307692307692 56.342295822187054 5.254496210703641 5.426546460812273 0.23734943013017878 7.26989210284665 0.4471426885471508 0.5825254675057046 4.655830319265222 4.030484986632292 1.3536581839213417 1.01500814000814 3.874598997493734 2.629736467236467 0.04761904761904762 0.548382441145599 0.0 3.572603632065873 0.0 0.017786561264822136 8.29346153846154 23.441531334093032 3.1207195620630523 9.40141937793033 1.0 1.3854315507724597 4.785159389702326 3.9595238095238092 2.197959136822773 2.806929023357595 0.0 0.30573593073593075 26.835220199599895 0.44134757122197316
3.7038450873744972 37.308818141281364 17.6206664798702 7.936710971681924 1.1048182957393484 4.8039773400670125 6.946547987616098 0.41280386280386283 5.254496210703641 113.09035814922133 47.22178764887933 10.254657661962858 10.477575350459363 5.426639421698802 5.0702311577311585 22.857252055587626 11.021808536842796 13.047237523212058 3.557062115105322 0.35370544416597044 2.4338921741238666 4.280720074789055 8.581179611164997 0.4932149379723612 0.9075291375291376 0.6685578414901722 0.06984316852737905 2.563968219466214 68.27694718129386 0.6071437201819977 3.142343068516372 9.610714285714286 3.451372828745823 3.3441596415280626 6.213579697189324 0.2178104575163399 0.951590909090909 0.7171897546897548 0.014285714285714289 1.2158173402027188 0.2944934966993791
2.7034687819112952 12.087369057957295 4.097538766436227 7.085791182501708 0.5896885069817401 0.8462324929971987 1.5407033840069302 0.020833333333333332 5.426546460812273 47.22178764887933 48.0105229175259 7.81332152695789 31.05104291435342 8.2966162487062 4.914439732797458 2.613038222477582 22.938502984107835 7.205062384209628 1.480635749422014 0.07291666666666669 3.2888081121776778 0.5541286459182011 10.522774375968938 0.1163949275362319 0.045714285714285714 0.0 0.0 0.2440380697733639 7.148462884724494 0.12781954887218044 1.4198406961740762 1.3791666666666669 0.46743437044239183 0.660457963089542 0.0213903743315508 0.3055555555555556 0.400974025974026 0.15 0.0 0.19340953164482577 0.14979338842975207
0.16645127748068925 2.8225321395775946 7.819098828444805 49.44156259809425 0.1380952380952381 8.310045010207281 5.494892100889544 0.6695869489987135 0.23734943013017878 10.254657661962858 7.81332152695789 63.17558406100072 11.573643225903991 2.6144737293067095 10.096830429525411 6.036363636363636 3.317752730616059 2.6802529502550527 0.8691470981126154 0.6316666666666667 0.06095238095238095 5.156005291005291 1.7090835640856668 0.012667440960123889 4.333605615216287 0.20115440115440114 0.02500548967940272 0.7866666666666666 6.111111111111112 0.5111111111111111 0.0 2.033333333333333 0.0 0.0 0.0 0.0 0.0 0.0 0.0 0.0 0.0
0.8451151789387084 2.0259081196581197 9.617021343246389 33.90373476861315 3.3125 5.7008148355819905 1.4416281319690414 0.4904817404817404 7.26989210284665 10.477575350459363 31.05104291435342 11.573643225903991 62.858859104397666 4.102554960604339 5.770327324789751 2.0715347898664325 3.7602301656625383 7.326445236538271 2.8093061062604403 0.692614019966961 0.8697256138922804 1.9204083794992888 5.188520298129589 0.17368653027189612 4.218875422746857 0.0 0.0 1.04 0.36804407713498627 0.3751147842056933 0.17024793388429751 0.05555555555555555 0.03305785123966942 0.0 0.0 0.32042502951593865 0.1090909090909091 0.0 0.0 0.32727272727272727 0.01652892561983471
1.5626094854743047 5.3016672241785345 0.8721153846153846 4.651128626833755 0.09081196581196582 26.97724229856026 1.9028661676487766 0.282063492063492 0.4471426885471508 5.426639421698802 8.2966162487062 2.6144737293067095 4.102554960604339 17.586093280572108 12.489484234873919 8.068682271506882 1.9946238141477373 26.098364337560394 6.979307721382625 2.1299890365603535 3.748783158587445 7.422382252862581 22.458918528452795 1.1134321191080456 12.494676726267976 1.6816881276171087 0.09953703703703703 3.083520893859846 0.5272978655331596 0.6755952380952382 0.12538727612257022 1.6388888888888888 0.03312537136066548 0.05208333333333333 0.0213903743315508 0.0 0.020833333333333332 0.0 0.0 0.24138556876559975 0.0
1.1702967061847152 2.824783200482501 1.1714490553306345 6.416025459676776 1.0128174603174602 21.465877855008177 5.91577916080793 0.2833694083694084 0.5825254675057046 5.0702311577311585 4.914439732797458 10.096830429525411 5.770327324789751 12.489484234873919 23.23461468004252 5.894372501555758 3.5354845183267893 5.3785504098729495 0.697849609919918 0.055699202758026284 0.7682641432641436 1.7861613528144404 3.9231405454326636 0.016483516483516484 31.524086459840444 1.9108058608058607 0.4715693424932555 0.0 2.5868020868020873 0.2777777777777778 0.2058080808080808 2.2333333333333334 0.39166666666666666 0.3472222222222222 0.0 0.0 0.0 0.0 0.0 0.24906759906759907 0.0
3.7861958795432193 22.66562994012952 5.709858273070616 2.543231629481629 0.25987006991162115 5.897265213720121 1.0996653915490477 0.06700854700854701 4.655830319265222 22.857252055587626 2.613038222477582 6.036363636363636 2.0715347898664325 8.068682271506882 5.894372501555758 4.264829339459587 0.9644527202560443 5.758362777334652 3.668835940809071 1.0533885435265724 0.9813007411691627 1.6556412604489528 3.308399872019583 0.10598544973544977 12.60475299926538 1.8298941798941797 0.0 3.7766596148949096 6.479970093701694 0.037785664819944595 0.3720571305832835 0.7125 0.0053475935828877 0.6258281491430151 0.7040094219505985 0.5553350970017638 0.5428846153846153 0.035416666666666666 0.014285714285714289 0.5332936606736917 0.024291497975708502
2.6196626520389885 11.602348109406934 2.522307504873294 1.4890458747601603 0.9310299022656154 1.4853534469656855 2.005128878014383 0.08744588744588744 4.030484986632292 11.021808536842796 22.938502984107835 3.317752730616059 3.7602301656625383 1.9946238141477373 3.5354845183267893 0.9644527202560443 25.283503700756263 2.471946829468835 0.8033468418053824 0.8029300871357995 0.2460529714188251 1.2140221325044884 3.399195682405216 0.017367921588623554 2.617698747984787 0.03128145567169957 0.004830917874396135 0.5237108013937283 3.6140692148725395 0.1697875445191927 0.9141856490923252 1.0476190476190477 0.20182998819362458 0.16855120256782308 0.5423615600086188 0.13252100840336134 0.7163586413586414 0.4785714285714286 2.0 0.6143029519500107 0.22223299498137664
5.914051198438454 15.230504863547933 7.807769718340987 20.284064290354934 1.4207837301587305 80.02122670964738 3.454232295482295 0.9440697426385014 1.3536581839213417 13.047237523212058 7.205062384209628 2.6802529502550527 7.326445236538271 26.098364337560394 5.3785504098729495 5.758362777334652 2.471946829468835 167.52287782046412 89.41370338216437 24.59409101145823 37.85641138562558 39.77072040989402 188.77996438216516 6.455213798766023 5.407929503760476 13.718902650878954 1.1359657317990652 23.647075265484748 2.4444225201087946 7.599833197167756 3.413433788433788 2.037301587301587 0.19930069930069932 0.11080246913580247 0.4722943722943723 0.43289241622574964 1.6547619047619047 0.9048611111111111 2.5177248677248674 0.35966434880908565 0.07142857142857142
3.1808425207689917 8.52549096299188 1.3734520343311554 6.071787928198091 0.1484126984126984 20.833083989134717 1.7871062271062272 0.1060860581261919 1.01500814000814 3.557062115105322 1.480635749422014 0.8691470981126154 2.8093061062604403 6.979307721382625 0.697849609919918 3.668835940809071 0.8033468418053824 89.41370338216437 45.79996574687235 9.196469449129587 15.676733607199052 15.069325390885785 60.579713175616945 5.287728770797444 1.4161283707522356 2.3793459470035097 0.5202072927072927 6.124610950453055 1.008358491544766 0.8916345010226312 2.9265873015873014 2.142857142857143 0.2380952380952381 0.2684744268077601 0.2825193325193325 0.23024691358024693 0.020833333333333332 0.21319444444444444 0.04421768707482994 0.08439625850340136 0.01098901098901099
2.9624192333628616 4.781916507793699 3.834562474562475 1.3618207795938888 0.38857513100934155 10.242588272610899 4.229213659147869 0.024273504273504276 3.874598997493734 0.35370544416597044 0.07291666666666669 0.6316666666666667 0.692614019966961 2.1299890365603535 0.055699202758026284 1.0533885435265724 0.8029300871357995 24.59409101145823 9.196469449129587 34.91983815063297 8.000939914994731 5.773135052295498 11.512831028118462 0.36125153433013907 0.9267143395819868 0.22291666666666668 0.25119047619047624 21.282550125313286 6.939460306539769 8.375757054217221 16.822378623882383 1.0952380952380951 1.787706043956044 0.6668331708901885 1.3518518518518519 0.4751543209876543 0.18545454545454548 2.529166666666667 2.4302772624201197 0.7729251700680273 0.6469696969696971
1.135171155097626 2.895976124265597 0.18862052299552304 1.2825270290013882 0.24436188811188814 7.791876138601202 1.117822802197802 0.13578754578754582 2.629736467236467 2.4338921741238666 3.2888081121776778 0.06095238095238095 0.8697256138922804 3.748783158587445 0.7682641432641436 0.9813007411691627 0.2460529714188251 37.85641138562558 15.676733607199052 8.000939914994731 32.107814874893656 2.6044307689554413 26.499202526381705 2.800113020551314 3.1461790227815865 0.8204822954822957 0.5037698412698413 8.074681093760038 0.7738073491504864 14.204240994643472 1.9450918964076855 0.05555555555555555 0.019841269841269844 0.088668430335097 0.03333333333333333 1.497530864197531 0.8176136363636364 0.59375 0.18452380952380953 0.4418081918081918 0.48376623376623373
2.1519130975861747 2.7901548949625874 1.4320623820623815 20.161072398550353 0.625 10.796517681532748 2.471626984126984 0.050555724468767944 0.04761904761904762 4.280720074789055 0.5541286459182011 5.156005291005291 1.9204083794992888 7.422382252862581 1.7861613528144404 1.6556412604489528 1.2140221325044884 39.77072040989402 15.069325390885785 5.773135052295498 2.6044307689554413 40.41046755760084 24.805541624183896 0.7880504315970497 0.9771432147769046 5.435044329104479 1.078529657477026 4.922513045434098 0.16638007054673723 0.2803030303030303 0.01785714285714286 9.511904761904761 0.0 0.007716049382716049 0.037037037037037035 0.0030864197530864196 0.0 0.010416666666666666 0.5714285714285714 0.0 0.0
3.337286897924152 13.502499260190167 3.13023449484988 10.544399830120213 0.807093253968254 46.3910717834542 3.2103235653235656 0.7996297793622209 0.548382441145599 8.581179611164997 10.522774375968938 1.7090835640856668 5.188520298129589 22.458918528452795 3.9231405454326636 3.308399872019583 3.399195682405216 188.77996438216516 60.579713175616945 11.512831028118462 26.499202526381705 24.805541624183896 70.20169973992547 4.444131257915656 4.146680219275898 2.878316962317078 0.5199383949383949 15.059966403586422 1.9637275669138416 4.855091133675692 1.297041847041847 0.9861111111111112 0.045454545454545456 0.10895061728395061 0.18181818181818182 0.44929453262786606 0.09226190476190475 0.7131944444444447 1.5899470899470898 0.1591148982596351 0.0
0.2993793393425746 0.5648190990296255 0.006613756613756613 0.40024420024420027 0.0 1.5334867474286522 0.023809523809523808 0.003333333333333333 0.0 0.4932149379723612 0.1163949275362319 0.012667440960123889 0.17368653027189612 1.1134321191080456 0.016483516483516484 0.10598544973544977 0.017367921588623554 6.455213798766023 5.287728770797444 0.36125153433013907 2.800113020551314 0.7880504315970497 4.444131257915656 0.16911376029847958 0.0 0.3062330623306233 0.05555555555555555 0.1348150629857947 0.01882352941176471 0.017565359477124183 0.08134920634920635 0.0 0.003968253968253969 0.003968253968253969 0.030219780219780217 0.0 0.0 0.12500000000000003 0.0 0.0 0.0027472527472527475
4.267551892551892 11.888841425459075 0.06700937950937952 5.2436928849661895 5.253958393580102 109.69482496214057 35.17058436671184 1.5706469456469458 3.572603632065873 0.9075291375291376 0.045714285714285714 4.333605615216287 4.218875422746857 12.494676726267976 31.524086459840444 12.60475299926538 2.617698747984787 5.407929503760476 1.4161283707522356 0.9267143395819868 3.1461790227815865 0.9771432147769046 4.146680219275898 0.0 146.35062612838254 18.203206115779647 7.646190476190475 1.0474358974358973 13.672785810680544 3.7090353293702574 0.6538011695906434 2.1944444444444446 5.708333333333334 6.203947368421053 5.0092592592592595 4.666666666666666 0.19413919413919414 0.0 0.28571428571428575 1.8765464944412318 0.03418803418803419
0.4067460317460318 1.1082671957671957 0.03149801587301587 0.4760515873015873 0.39590773809523805 17.319799939925808 2.3989136904761903 0.14004629629629628 0.0 0.6685578414901722 0.0 0.20115440115440114 0.0 1.6816881276171087 1.9108058608058607 1.8298941798941797 0.03128145567169957 13.718902650878954 2.3793459470035097 0.22291666666666668 0.8204822954822957 5.435044329104479 2.878316962317078 0.3062330623306233 18.203206115779647 16.24248190943044 2.7070634920634924 0.1836111111111111 2.33 0.3333333333333333 0.07341269841269842 0.0 0.0 0.0 0.009259259259259259 0.0 0.78125 0.0 0.0 0.0 0.0
0.0 0.041666666666666664 0.005681818181818182 0.24014971139971145 0.14285714285714285 3.485552561544171 0.17929606625258804 0.003968253968253968 0.017786561264822136 0.06984316852737905 0.0 0.02500548967940272 0.0 0.09953703703703703 0.4715693424932555 0.0 0.004830917874396135 1.1359657317990652 0.5202072927072927 0.25119047619047624 0.5037698412698413 1.078529657477026 0.5199383949383949 0.05555555555555555 7.646190476190475 2.7070634920634924 1.1376984126984127 0.027777777777777776 1.1733333333333333 0.1777777777777778 0.17142857142857143 0.0 0.0 0.0 0.0 0.0 0.0 0.0 0.0 0.0 0.0
9.25162593825409 10.888101809324718 0.17083333333333334 0.651664417453891 0.0 2.231375313283208 0.2 0.03958333333333333 8.29346153846154 2.563968219466214 0.2440380697733639 0.7866666666666666 1.04 3.083520893859846 0.0 3.7766596148949096 0.5237108013937283 23.647075265484748 6.124610950453055 21.282550125313286 8.074681093760038 4.922513045434098 15.059966403586422 0.1348150629857947 1.0474358974358973 0.1836111111111111 0.027777777777777776 101.70178374410652 16.41338387135636 33.734879749879745 23.789375662216568 3.7633333333333336 2.1507276435685525 0.6789682539682539 3.238470569834206 0.8288095238095237 0.4813311688311688 8.60346590909091 6.126190476190476 7.622870916961825 0.48697552447552445
9.544193666141078 24.55851704954259 0.48850018564930847 2.5808302808302814 0.29280657784812913 10.198120614717618 9.485472269855924 0.05888888888888889 23.441531334093032 68.27694718129386 7.148462884724494 6.111111111111112 0.36804407713498627 0.5272978655331596 2.5868020868020873 6.479970093701694 3.6140692148725395 2.4444225201087946 1.008358491544766 6.939460306539769 0.7738073491504864 0.16638007054673723 1.9637275669138416 0.01882352941176471 13.672785810680544 2.33 1.1733333333333333 16.41338387135636 140.55120959604162 5.600215017874301 23.676821973669043 13.432916666666662 12.452346293205569 12.68742655765626 16.00724660180877 5.290355412788011 6.520467587967586 0.5375631313131314 3.8245598845598847 5.687748232628612 1.8750490737332843
2.900049603174603 2.18221281033781 0.682914673046252 1.2920110192837464 0.6413175207756233 3.9852996415206174 1.3634544603467733 0.4191919191919192 3.1207195620630523 0.6071437201819977 0.12781954887218044 0.5111111111111111 0.3751147842056933 0.6755952380952382 0.2777777777777778 0.037785664819944595 0.1697875445191927 7.599833197167756 0.8916345010226312 8.375757054217221 14.204240994643472 0.2803030303030303 4.855091133675692 0.017565359477124183 3.7090353293702574 0.3333333333333333 0.1777777777777778 33.734879749879745 5.600215017874301 26.972707802867077 17.64703740011912 0.3333333333333333 1.577922077922078 0.360803324099723 0.4851925851925852 0.52 0.983150183150183 2.0277777777777777 3.1172438672438676 3.276077256077257 0.07056101792943899
0.7696702027918606 1.0163936249430903 0.24097744360902257 0.0 0.7331486611265003 1.0845708020050127 0.7108742250362746 0.010416666666666666 9.40141937793033 3.142343068516372 1.4198406961740762 0.0 0.17024793388429751 0.12538727612257022 0.2058080808080808 0.3720571305832835 0.9141856490923252 3.413433788433788 2.9265873015873014 16.822378623882383 1.9450918964076855 0.01785714285714286 1.297041847041847 0.08134920634920635 0.6538011695906434 0.07341269841269842 0.17142857142857143 23.789375662216568 23.676821973669043 17.64703740011912 51.39158842672491 5.809737394957982 24.17705629308618 3.182259952803837 4.266160044245817 1.5452020397473185 3.749042624042624 0.5236742424242424 2.7503814486167433 4.3673920402600395 0.6843069941754152
2.1458333333333335 5.453333333333334 0.0 0.45138888888888884 0.0 3.674603174603175 1.7180555555555554 0.0 1.0 9.610714285714286 1.3791666666666669 2.033333333333333 0.05555555555555555 1.6388888888888888 2.2333333333333334 0.7125 1.0476190476190477 2.037301587301587 2.142857142857143 1.0952380952380951 0.05555555555555555 9.511904761904761 0.9861111111111112 0.0 2.1944444444444446 0.0 0.0 3.7633333333333336 13.432916666666662 0.3333333333333333 5.809737394957982 95.38634920634918 2.927777777777778 0.13333333333333336 1.3973529411764705 4.737450980392157 3.138888888888889 0.2222222222222222 6.120793650793652 1.7365196078431373 0.20780812324929973
0.0756600935828877 0.8964123183708745 0.0 0.0 0.16666666666666669 0.6666666666666667 1.5291666666666668 0.16666666666666669 1.3854315507724597 3.451372828745823 0.46743437044239183 0.0 0.03305785123966942 0.03312537136066548 0.39166666666666666 0.0053475935828877 0.20182998819362458 0.19930069930069932 0.2380952380952381 1.787706043956044 0.019841269841269844 0.0 0.045454545454545456 0.003968253968253969 5.708333333333334 0.0 0.0 2.1507276435685525 12.452346293205569 1.577922077922078 24.17705629308618 2.927777777777778 36.44829749590159 2.109425505399528 2.0948744424851764 1.4992319723942207 0.43892045454545453 0.6695075757575758 3.4315610859728505 1.4469942500557476 1.0168902788388083
0.3037229938271605 1.3807870370370372 0.30173814165042234 0.0 1.2100646352723914 1.265025990903184 1.6618190212373043 0.16666666666666669 4.785159389702326 3.3441596415280626 0.660457963089542 0.0 0.0 0.05208333333333333 0.3472222222222222 0.6258281491430151 0.16855120256782308 0.11080246913580247 0.2684744268077601 0.6668331708901885 0.088668430335097 0.007716049382716049 0.10895061728395061 0.003968253968253969 6.203947368421053 0.0 0.0 0.6789682539682539 12.68742655765626 0.360803324099723 3.182259952803837 0.13333333333333336 2.109425505399528 3.920988566256309 1.1296019306845544 1.0102125676050149 2.437701585695007 0.10416666666666667 0.17098506069094305 4.075739629522524 0.47241300366300365
0.7949022790934556 8.097653229123818 0.8261904761904761 0.0 3.0178571428571432 8.464484126984127 7.10515873015873 0.0 3.9595238095238092 6.213579697189324 0.0213903743315508 0.0 0.0 0.0213903743315508 0.0 0.7040094219505985 0.5423615600086188 0.4722943722943723 0.2825193325193325 1.3518518518518519 0.03333333333333333 0.037037037037037035 0.18181818181818182 0.030219780219780217 5.0092592592592595 0.009259259259259259 0.0 3.238470569834206 16.00724660180877 0.4851925851925852 4.266160044245817 1.3973529411764705 2.0948744424851764 1.1296019306845544 21.937435075342304 0.7753411613183285 1.3146561771561773 5.861465386465388 1.108029878618114 5.591850729979071 1.0765258978494272
0.376203876790998 0.7090211640211639 0.15114638447971784 0.6136363636363635 0.39880952380952384 0.7748757415424082 1.4377705627705626 0.20454545454545456 2.197959136822773 0.2178104575163399 0.3055555555555556 0.0 0.32042502951593865 0.0 0.0 0.5553350970017638 0.13252100840336134 0.43289241622574964 0.23024691358024693 0.4751543209876543 1.497530864197531 0.0030864197530864196 0.44929453262786606 0.0 4.666666666666666 0.0 0.0 0.8288095238095237 5.290355412788011 0.52 1.5452020397473185 4.737450980392157 1.4992319723942207 1.0102125676050149 0.7753411613183285 0.45357887928563245 0.31203171828171833 0.5877967711301045 0.2710084033613446 1.2832297422983698 0.20736396410416016
0.08762368583797155 3.3097222222222222 0.1875 0.03125 4.581570512820512 0.375 1.1849358974358977 0.0 2.806929023357595 0.951590909090909 0.400974025974026 0.0 0.1090909090909091 0.020833333333333332 0.0 0.5428846153846153 0.7163586413586414 1.6547619047619047 0.020833333333333332 0.18545454545454548 0.8176136363636364 0.0 0.09226190476190475 0.0 0.19413919413919414 0.78125 0.0 0.4813311688311688 6.520467587967586 0.983150183150183 3.749042624042624 3.138888888888889 0.43892045454545453 2.437701585695007 1.3146561771561773 0.31203171828171833 31.674195349987716 12.77014874014874 3.7728632478632482 8.822520514276226 3.916005046179642
0.4245833333333333 9.046806318681318 0.052083333333333336 0.0 0.0 0.08541666666666668 0.0 0.0 0.0 0.7171897546897548 0.15 0.0 0.0 0.0 0.0 0.035416666666666666 0.4785714285714286 0.9048611111111111 0.21319444444444444 2.529166666666667 0.59375 0.010416666666666666 0.7131944444444447 0.12500000000000003 0.0 0.0 0.0 8.60346590909091 0.5375631313131314 2.0277777777777777 0.5236742424242424 0.2222222222222222 0.6695075757575758 0.10416666666666667 5.861465386465388 0.5877967711301045 12.77014874014874 107.74196242029574 4.447619047619048 8.257416418458085 4.6655570895154215
0.9347619047619047 4.5580952380952375 0.13571428571428573 2.2655844155844163 0.0 0.8265271765271766 0.03636363636363637 0.007575757575757576 0.30573593073593075 0.014285714285714289 0.0 0.0 0.0 0.0 0.0 0.014285714285714289 2.0 2.5177248677248674 0.04421768707482994 2.4302772624201197 0.18452380952380953 0.5714285714285714 1.5899470899470898 0.0 0.28571428571428575 0.0 0.0 6.126190476190476 3.8245598845598847 3.1172438672438676 2.7503814486167433 6.120793650793652 3.4315610859728505 0.17098506069094305 1.108029878618114 0.2710084033613446 3.7728632478632482 4.447619047619048 68.27730258770174 4.485764235764236 3.8899398220826784
0.3116866962095843 1.3532859697062485 0.0 0.07732793522267208 0.9266358203200308 1.1222055137844615 2.186336996336997 0.06666666666666668 26.835220199599895 1.2158173402027188 0.19340953164482577 0.0 0.32727272727272727 0.24138556876559975 0.24906759906759907 0.5332936606736917 0.6143029519500107 0.35966434880908565 0.08439625850340136 0.7729251700680273 0.4418081918081918 0.0 0.1591148982596351 0.0 1.8765464944412318 0.0 0.0 7.622870916961825 5.687748232628612 3.276077256077257 4.3673920402600395 1.7365196078431373 1.4469942500557476 4.075739629522524 5.591850729979071 1.2832297422983698 8.822520514276226 8.257416418458085 4.485764235764236 39.49097703244795 3.683718836968867
0.0 1.3778157448611994 0.0 0.0 0.0728744939271255 0.03571428571428571 0.1070625281151597 0.0 0.44134757122197316 0.2944934966993791 0.14979338842975207 0.0 0.01652892561983471 0.0 0.0 0.024291497975708502 0.22223299498137664 0.07142857142857142 0.01098901098901099 0.6469696969696971 0.48376623376623373 0.0 0.0 0.0027472527472527475 0.03418803418803419 0.0 0.0 0.48697552447552445 1.8750490737332843 0.07056101792943899 0.6843069941754152 0.20780812324929973 1.0168902788388083 0.47241300366300365 1.0765258978494272 0.20736396410416016 3.916005046179642 4.6655570895154215 3.8899398220826784 3.683718836968867 0.7762833783293588
