35.0263506774116 32.96138939763935 13.71485636277304 0.7012439412439413 2.1469696969696974 7.400287577919156 1.234722222222222 4.020992402659068 1.928983516483517 3.731949445857143 3.615838001867413 0.7616895774790511 0.3217592592592593 0.9275698909793334 0.6794714057871952 1.6533956409875523 1.8815128158878158 2.058132227249875 2.7832254782254786 6.32385291723527 0.42390953817424404 2.8715583101109416 1.4207571105365229 0.06570553221288516 1.1698005698005698 0.7425925925925927 0.0 8.33189760415951 15.212669209097777 4.044898746535652 0.3425633889919604 0.0 0.1104205318491033 0.1904761904761905 1.8426647426647424 0.06190476190476191 0.015151515151515154 0.02666666666666667 0.14814814814814814 0.03576839826839827 0.03787878787878788 0.30000000000000004
32.96138939763935 117.84732511313176 2.8804937787080642 3.069646418396419 0.3276515151515152 6.269698152865971 1.5636858974358976 0.6340064102564104 2.7857722832722835 31.46786698355993 9.47700812099104 1.3655242905242908 2.622429674484173 4.617495064180714 1.738463781234419 17.425224645716643 4.391374819286405 14.523253661446265 8.09280783674648 6.0410201380703095 4.386877624009976 5.354363599363598 8.597207284739902 0.5265571553824783 0.8826715767892239 0.831851851851852 0.04772727272727272 7.105583444333444 14.640560436295726 1.66655753968254 1.8103480179950766 0.0 0.7543909685086156 0.41805555555555557 9.697727272727272 0.4555555555555557 1.5709090909090908 2.50625 0.2111111111111111 0.5773268398268399 1.0397727272727273 0.0
13.71485636277304 2.8804937787080642 63.850727432691556 28.663513508550253 7.593073593073593 3.260322498851911 3.0158488733488737 2.845087228005779 0.5681760204081633 8.731705599864469 5.533480927772942 6.575259578384573 10.028794782803402 1.115969640238216 0.7471258128655299 3.22322477331098 3.6487367680479137 5.390239112739109 1.0144078144078146 0.6055250305250306 0.20362230362230363 1.9164594664594639 4.698087098087098 0.013888888888888892 0.4750420875420876 0.0 0.05113636363636364 1.0290476190476192 1.1552991452991457 1.6977735690235691 0.05047619047619048 0.0 0.02666666666666667 0.0 0.12962962962962962 0.0 1.1295454545454544 0.0 0.5185185185185185 0.25 0.0 1.0
0.7012439412439413 3.069646418396419 28.663513508550253 69.04307806685186 2.1574988999096143 23.426922410517054 5.521816875934523 1.6769672321142908 1.9489521589521588 8.358503908372327 4.282944832944833 40.290393046477305 17.691440972700374 6.37003602689122 15.580239818991572 1.424173881673882 2.5735788200153533 25.804394202473258 5.409537992897108 2.082800889586604 1.9173222280365132 28.307195156107856 18.611912142636868 0.8311501175328015 9.26692169680614 0.8103018985371926 0.40944865319865315 2.3585660866910865 0.5458006279434852 0.4207792207792208 0.05474882260596547 0.0 0.049450549450549455 0.0 0.35 0.0 3.96431277056277 0.0 0.4031179138321995 0.6444659507159507 0.03125 0.0
2.1469696969696974 0.3276515151515152 7.593073593073593 2.1574988999096143 21.411742483130244 7.5802371402493 4.913318128086133 0.4662698412698413 2.4418494544632248 0.6707270069112174 2.5784632034632033 1.2441047378547379 1.6891842532467534 1.3873397435897437 1.1375156944090767 0.5126563418114665 2.9927742502188477 0.8109796949082664 0.06060606060606061 0.25 0.18716824111560953 0.13650793650793652 0.8109796949082664 0.0 1.2604246813128392 0.0 0.022727272727272728 0.268341307814992 0.5429593721144966 0.9477608494921512 0.9442520775623267 0.0 0.1 2.0897968605724846 0.0 0.0 3.933648588253851 0.3125 0.0 1.0981817055125327 0.201693043798307 0.7916666666666667
7.400287577919156 6.269698152865971 3.260322498851911 23.426922410517054 7.5802371402493 140.49061228249477 27.624002120600416 3.031019605394604 1.2972024174655754 3.4706526572842353 0.8968711843711843 4.895715597393986 4.431629245414359 19.988046167195503 17.094871677895828 2.487887472318449 2.237025935916343 130.08971734613127 24.254135362965194 8.936536919148365 6.57793776758272 17.334877126616398 81.67069592367362 1.171241216912002 30.320301091681845 10.037415376519474 1.6364042674868493 13.286745565837661 3.5600360684084693 3.262340510366826 4.176582022822624 0.5396825396825397 0.2655677655677656 0.2192982456140351 2.4499999999999997 0.0 1.5113636363636365 0.0 0.9223974438260152 0.9711580086580087 0.028409090909090908 0.0
1.234722222222222 1.5636858974358976 3.0158488733488737 5.521816875934523 4.913318128086133 27.624002120600416 8.756657610531553 0.8389760566231154 1.8840585215031191 2.0976606288448396 1.143939393939394 2.0782662938912937 0.8562315115440117 5.737621406371407 6.7600804526356 0.7822638833926928 2.2188957408140224 5.409350649350649 1.3965556665556667 0.6987179487179488 0.33301683696420536 1.2005339105339106 3.4153796203796207 0.004761904761904762 12.301202522752442 1.2186111111111113 0.08333333333333334 1.3971250240987083 7.4212213148501265 0.947322253000923 0.6135104507680684 1.4805555555555556 0.6765151515151516 1.7351650158090606 2.1999999999999997 0.12698412698412698 1.2098931769984402 0.1875 0.0 1.4769077413814262 0.1259354680407312 0.30000000000000004
4.020992402659068 0.6340064102564104 2.845087228005779 1.6769672321142908 0.4662698412698413 3.031019605394604 0.8389760566231154 0.41337146946121306 0.6112637362637362 0.13690476190476192 0.15831420901080345 0.345086830380948 0.25 0.3406893190658671 0.24978396180989063 0.08767399267399267 0.2790064754074042 0.8848006486977076 0.6865784215784216 0.11467948717948719 0.08028083028083027 0.4203157953157954 1.2889829614829618 0.021825396825396824 0.31585081585081587 0.18055555555555558 0.015151515151515152 0.12736950549450549 0.07692307692307693 0.08333333333333333 0.0 0.0 0.08333333333333334 0.08333333333333334 0.0 0.0 0.0 0.0 0.0 0.5714285714285714 0.0 0.0
1.928983516483517 2.7857722832722835 0.5681760204081633 1.9489521589521588 2.4418494544632248 1.2972024174655754 1.8840585215031191 0.6112637362637362 44.62219587572873 5.318384101278835 8.294168083900228 2.1190850815850815 10.327177683427683 1.5474789099789104 0.7294861884147598 1.5656195143729765 4.952930332649363 0.2082006882006882 0.14218337218337218 1.2180952380952383 0.27058029689608637 0.0 0.23336302586302587 0.0 1.0387610196820725 0.020000000000000004 0.009090909090909092 1.88187134502924 8.904339594479607 0.9547201336675017 2.275472269827934 0.09523809523809523 0.9570441813088872 0.9547769110442236 1.8714285714285712 0.6772486772486773 4.181599350941455 0.48916666666666664 0.23333333333333334 38.18705878345376 2.1163875482781305 1.4083333333333332
3.731949445857143 31.46786698355993 8.731705599864469 8.358503908372327 0.6707270069112174 3.4706526572842353 2.0976606288448396 0.13690476190476192 5.318384101278835 72.9834571279259 48.06795522974236 5.305050505050505 10.564084440463748 7.146895194844588 2.150139146567718 12.489659047737604 8.488762113462165 9.992188522193732 3.2487521319010977 1.9279357897004954 4.4017368617794315 7.2525192539290275 7.484625585597175 0.21007976361276223 2.554415102441418 0.3750208855472013 0.05522328548644338 8.073262028375664 5.170180789439163 1.2313715159109895 1.485573437726548 0.28409090909090906 0.7123278236914601 1.8011695906432745 5.171280991735537 0.4107864357864358 0.4813519813519813 3.0361742424242424 0.14826839826839827 4.196780870644507 0.6889568764568765 0.0
3.615838001867413 9.47700812099104 5.533480927772942 4.282944832944833 2.5784632034632033 0.8968711843711843 1.143939393939394 0.15831420901080345 8.294168083900228 48.06795522974236 142.57244724378313 9.498051948051945 24.283474088172362 5.1998425929076095 1.4641295992081045 6.739167586226408 25.617216828251777 21.873788874524177 1.123809523809524 1.0681372549019605 2.2720651080945204 4.194755244755246 13.574686338773029 0.24938725490196081 1.2662393162393164 0.0 0.0 1.358333333333333 2.7820707070707074 0.16382575757575757 0.0 0.19318181818181818 0.19318181818181818 0.19444444444444445 0.0 1.2857142857142858 0.0 0.0 0.0 0.6989795918367346 0.0 0.0
0.7616895774790511 1.3655242905242908 6.575259578384573 40.290393046477305 1.2441047378547379 4.895715597393986 2.0782662938912937 0.345086830380948 2.1190850815850815 5.305050505050505 9.498051948051945 91.85018459448277 9.979432166274272 5.593981481481482 12.472474964644725 0.6509018759018761 2.6183387600054258 2.5181218137739876 0.011857707509881422 0.08333333333333334 0.7989417989417988 8.971265208221727 3.282010702662876 0.007575757575757576 3.3596781305114636 0.0625 0.020833333333333336 0.3388888888888889 1.1810606060606061 0.19913419913419914 0.03636363636363637 0.0 0.018181818181818184 0.02840909090909091 0.0 0.0 2.366477272727273 0.0 0.0 0.0 0.0 0.0
0.3217592592592593 2.622429674484173 10.028794782803402 17.691440972700374 1.6891842532467534 4.431629245414359 0.8562315115440117 0.25 10.327177683427683 10.564084440463748 24.283474088172362 9.979432166274272 73.75683007395416 5.108821946284929 2.656372035736685 1.0495118467818623 6.793935231435233 5.171067980187795 0.5912343834204608 0.42345239943639573 0.7348091114538481 1.2446870589727734 4.533414851153088 0.13943613039007774 2.01051572338337 0.029513888888888888 0.0 0.32286003470214 0.3333333333333333 0.0633116883116883 0.0 0.0 0.0 0.0 0.0 0.303030303030303 3.296212121212121 0.0 0.06060606060606061 2.03051948051948 0.0 0.0
0.9275698909793334 4.617495064180714 1.115969640238216 6.37003602689122 1.3873397435897437 19.988046167195503 5.737621406371407 0.3406893190658671 1.5474789099789104 7.146895194844588 5.1998425929076095 5.593981481481482 5.108821946284929 41.17194018364923 11.345484660447124 2.1676826229437474 1.190002289751404 25.31095320045262 4.511978849491434 1.155610495508248 9.497346994774796 8.749638509498062 20.690488910396883 0.7683114163626348 12.430643260772381 0.8570896762252572 0.09797671840354766 4.4042666316550285 0.06666666666666667 1.2793154761904761 0.0 0.0 0.0 0.0 0.0 0.0 0.011363636363636364 0.0 0.2285714285714286 1.0226556776556777 0.028409090909090908 0.6
0.6794714057871952 1.738463781234419 0.7471258128655299 15.580239818991572 1.1375156944090767 17.094871677895828 6.7600804526356 0.24978396180989063 0.7294861884147598 2.150139146567718 1.4641295992081045 12.472474964644725 2.656372035736685 11.345484660447124 27.605035460972918 3.3756854880989833 0.9827947766028261 7.077889807173811 0.7272295152007904 0.31933530353729317 1.4836481135823252 1.3191501603405396 6.535710118220652 0.24897772183956393 15.181218369502686 0.8313446969696969 0.13731060606060605 1.0277272070035228 3.131060606060606 0.125 0.03636363636363637 0.0 0.3515151515151515 0.08396464646464646 0.0 0.0 0.0 0.0 0.3333333333333333 0.15000000000000002 0.0 0.0
1.6533956409875523 17.425224645716643 3.22322477331098 1.424173881673882 0.5126563418114665 2.487887472318449 0.7822638833926928 0.08767399267399267 1.5656195143729765 12.489659047737604 6.739167586226408 0.6509018759018761 1.0495118467818623 2.1676826229437474 3.3756854880989833 3.8588203788886406 2.092621638176288 5.966538038840675 1.9519326695453125 0.6307937141674167 1.111114574709776 1.8501609105180536 4.108633709219808 0.2711724852542643 3.6576255701642695 0.21619047619047616 0.0030303030303030303 2.6128420409999356 2.6492400458882446 0.24940347029855345 0.1374699907663897 0.11796536796536797 0.13272727272727272 0.44367497691597385 2.333333333333333 0.06666666666666667 0.4856750705434916 0.0625 0.08333333333333333 0.314106332264227 0.09564010550852656 0.0
1.8815128158878158 4.391374819286405 3.6487367680479137 2.5735788200153533 2.9927742502188477 2.237025935916343 2.2188957408140224 0.2790064754074042 4.952930332649363 8.488762113462165 25.617216828251777 2.6183387600054258 6.793935231435233 1.190002289751404 0.9827947766028261 2.092621638176288 37.987765886035895 1.92602078060211 1.0392920421966798 0.50032251213401 0.3449453393856032 0.5855922489110735 2.4887349965975183 0.016696268783491085 0.5299819938298758 0.08198359905676979 0.016260162601626015 0.9594646516385262 1.611490748402105 0.28422976300400127 0.3000377738604886 0.47619047619047616 0.03484848484848485 0.5518621114188978 1.0727272727272725 0.5670995670995671 0.1928521040363146 0.0625 0.05627705627705627 1.4711483049334257 0.4392405839774261 0.30000000000000004
2.058132227249875 14.523253661446265 5.390239112739109 25.804394202473258 0.8109796949082664 130.08971734613127 5.409350649350649 0.8848006486977076 0.2082006882006882 9.992188522193732 21.873788874524177 2.5181218137739876 5.171067980187795 25.31095320045262 7.077889807173811 5.966538038840675 1.92602078060211 206.9864895967891 69.33548287856007 30.056134435092677 64.66371938639062 55.46726741694738 284.6331560839108 10.328197564042247 5.131742170157521 2.907340294675301 1.156100622981978 43.94193290944146 1.0467996367544685 6.608416495784918 3.806610075909888 0.0 0.25284049284049287 0.0 1.0924242424242423 0.0 0.0 1.5 1.7015316429602143 0.8249458874458875 0.0 0.0
2.7832254782254786 8.09280783674648 1.0144078144078146 5.409537992897108 0.06060606060606061 24.254135362965194 1.3965556665556667 0.6865784215784216 0.14218337218337218 3.2487521319010977 1.123809523809524 0.011857707509881422 0.5912343834204608 4.511978849491434 0.7272295152007904 1.9519326695453125 1.0392920421966798 69.33548287856007 34.33897879728599 15.12998149265495 13.320065848295943 10.354185943698038 41.67436585823567 3.5280327368561117 2.3903237072674406 0.8623702985467692 0.24171130801565582 2.7652463025696115 0.3812589869281046 0.7931699785177228 1.3272958437761067 0.0 0.09333333333333334 0.0 0.35 0.0 0.0 0.0 0.5285714285714286 0.11481601731601733 0.0 0.0
6.32385291723527 6.0410201380703095 0.6055250305250306 2.082800889586604 0.25 8.936536919148365 0.6987179487179488 0.11467948717948719 1.2180952380952383 1.9279357897004954 1.0681372549019605 0.08333333333333334 0.42345239943639573 1.155610495508248 0.31933530353729317 0.6307937141674167 0.50032251213401 30.056134435092677 15.12998149265495 35.02008250442964 8.978329348679724 3.1468459069803165 21.60113050218625 2.052508762082532 2.2590055758122993 0.25954415954415955 0.009557109557109558 14.141669478182637 2.306736008505967 2.2839841079972656 5.324092075948277 0.19047619047619047 0.7830294705294705 0.49027777777777776 0.25 0.6138888888888889 0.0 0.43333333333333335 2.50453514739229 0.38190476190476197 0.0 0.0
0.42390953817424404 4.386877624009976 0.20362230362230363 1.9173222280365132 0.18716824111560953 6.57793776758272 0.33301683696420536 0.08028083028083027 0.27058029689608637 4.4017368617794315 2.2720651080945204 0.7989417989417988 0.7348091114538481 9.497346994774796 1.4836481135823252 1.111114574709776 0.3449453393856032 64.66371938639062 13.320065848295943 8.978329348679724 46.21152750926731 3.147959035575135 59.81409260619434 3.276666302733404 3.685403827420631 0.31790861643802815 0.01431901431901432 36.77443068627282 0.48943859429429976 29.474157118987943 1.174382660989804 0.25 1.0267232767232768 0.2927875243664717 0.49242424242424243 0.08148148148148149 0.1875 1.2708333333333333 0.7888321995464853 1.5463752913752913 0.25 0.0
2.8715583101109416 5.354363599363598 1.9164594664594639 28.307195156107856 0.13650793650793652 17.334877126616398 1.2005339105339106 0.4203157953157954 0.0 7.2525192539290275 4.194755244755246 8.971265208221727 1.2446870589727734 8.749638509498062 1.3191501603405396 1.8501609105180536 0.5855922489110735 55.46726741694738 10.354185943698038 3.1468459069803165 3.147959035575135 60.975088647889585 33.46586359126824 0.910357598789097 3.7350586482076706 1.8206362087631431 0.38495074152234665 8.327214551321696 0.027777777777777776 0.0 0.0 7.0 0.0 0.0 0.0 0.0 0.0 0.0 1.114733044733045 0.6202380952380953 0.0 0.0
1.4207571105365229 8.597207284739902 4.698087098087098 18.611912142636868 0.8109796949082664 81.67069592367362 3.4153796203796207 1.2889829614829618 0.23336302586302587 7.484625585597175 13.574686338773029 3.282010702662876 4.533414851153088 20.690488910396883 6.535710118220652 4.108633709219808 2.4887349965975183 284.6331560839108 41.67436585823567 21.60113050218625 59.81409260619434 33.46586359126824 118.14093060563614 8.835487560396702 6.062610260965159 2.0023354846704917 0.6449062566260212 33.65120353230226 1.0507996367544685 7.663476019594441 2.557403726703539 0.0 0.25284049284049287 0.0 0.5924242424242424 0.0 0.0 0.0 0.9705215419501134 0.22124458874458874 0.0 0.0
0.06570553221288516 0.5265571553824783 0.013888888888888892 0.8311501175328015 0.0 1.171241216912002 0.004761904761904762 0.021825396825396824 0.0 0.21007976361276223 0.24938725490196081 0.007575757575757576 0.13943613039007774 0.7683114163626348 0.24897772183956393 0.2711724852542643 0.016696268783491085 10.328197564042247 3.5280327368561117 2.052508762082532 3.276666302733404 0.910357598789097 8.835487560396702 0.5144627966425644 0.11262653335824067 0.01118854045683314 0.006229542814908668 0.5829930652470602 0.08968627450980393 0.022534013605442174 0.29166666666666674 0.0 0.0 0.0 0.0 0.0 0.0 0.0 0.0 0.0 0.0 0.0
1.1698005698005698 0.8826715767892239 0.4750420875420876 9.26692169680614 1.2604246813128392 30.320301091681845 12.301202522752442 0.31585081585081587 1.0387610196820725 2.554415102441418 1.2662393162393164 3.3596781305114636 2.01051572338337 12.430643260772381 15.181218369502686 3.6576255701642695 0.5299819938298758 5.131742170157521 2.3903237072674406 2.2590055758122993 3.685403827420631 3.7350586482076706 6.062610260965159 0.11262653335824067 74.9300627945428 9.993966008120418 5.599747474747474 0.09440559440559441 18.299358393829863 0.9625730994152049 2.794292966849358 0.0 1.0433455433455432 0.6842105263157895 0.0 0.0 0.6666666666666667 0.0 0.6729024943310657 0.7859890109890111 0.0 0.0
0.7425925925925927 0.831851851851852 0.0 0.8103018985371926 0.0 10.037415376519474 1.2186111111111113 0.18055555555555558 0.020000000000000004 0.3750208855472013 0.0 0.0625 0.029513888888888888 0.8570896762252572 0.8313446969696969 0.21619047619047616 0.08198359905676979 2.907340294675301 0.8623702985467692 0.25954415954415955 0.31790861643802815 1.8206362087631431 2.0023354846704917 0.01118854045683314 9.993966008120418 6.3739495798319314 2.0316618566618567 0.16474358974358974 0.7666666666666666 0.6666666666666666 0.0 0.0 0.08333333333333333 0.0 0.85 0.0 0.0 0.0 0.08333333333333333 0.0 0.0 0.0
0.0 0.04772727272727272 0.05113636363636364 0.40944865319865315 0.022727272727272728 1.6364042674868493 0.08333333333333334 0.015151515151515152 0.009090909090909092 0.05522328548644338 0.0 0.020833333333333336 0.0 0.09797671840354766 0.13731060606060605 0.0030303030303030303 0.016260162601626015 1.156100622981978 0.24171130801565582 0.009557109557109558 0.01431901431901432 0.38495074152234665 0.6449062566260212 0.006229542814908668 5.599747474747474 2.0316618566618567 0.13333333333333333 0.031322843822843824 0.2 0.0 0.0 0.0 0.0 0.0 0.0 0.0 0.0 0.0 0.0 0.0 0.0 0.0
8.33189760415951 7.105583444333444 1.0290476190476192 2.3585660866910865 0.268341307814992 13.286745565837661 1.3971250240987083 0.12736950549450549 1.88187134502924 8.073262028375664 1.358333333333333 0.3388888888888889 0.32286003470214 4.4042666316550285 1.0277272070035228 2.6128420409999356 0.9594646516385262 43.94193290944146 2.7652463025696115 14.141669478182637 36.77443068627282 8.327214551321696 33.65120353230226 0.5829930652470602 0.09440559440559441 0.16474358974358974 0.031322843822843824 104.77102717521207 5.781154049458047 33.652261536616166 5.454006114546955 0.41666666666666663 3.5873723462684506 0.6524122807017544 4.615564738292012 0.6841142191142191 0.6386738261738262 10.43014374514375 2.674603174603175 5.252360493042311 0.7843142968142969 0.12
15.212669209097777 14.640560436295726 1.1552991452991457 0.5458006279434852 0.5429593721144966 3.5600360684084693 7.4212213148501265 0.07692307692307693 8.904339594479607 5.170180789439163 2.7820707070707074 1.1810606060606061 0.3333333333333333 0.06666666666666667 3.131060606060606 2.6492400458882446 1.611490748402105 1.0467996367544685 0.3812589869281046 2.306736008505967 0.48943859429429976 0.027777777777777776 1.0507996367544685 0.08968627450980393 18.299358393829863 0.7666666666666666 0.2 5.781154049458047 138.11213519837693 5.565619929104303 16.76554135267645 13.074254449254447 10.851635880116312 7.49743830463763 7.172362983906044 3.072748717332052 2.107291770836662 0.3648395721925134 2.5624338624338625 1.1666827601653302 0.39066444391521793 0.8333333333333333
4.044898746535652 1.66655753968254 1.6977735690235691 0.4207792207792208 0.9477608494921512 3.262340510366826 0.947322253000923 0.08333333333333333 0.9547201336675017 1.2313715159109895 0.16382575757575757 0.19913419913419914 0.0633116883116883 1.2793154761904761 0.125 0.24940347029855345 0.28422976300400127 6.608416495784918 0.7931699785177228 2.2839841079972656 29.474157118987943 0.0 7.663476019594441 0.022534013605442174 0.9625730994152049 0.6666666666666666 0.0 33.652261536616166 5.565619929104303 24.084780732890003 10.10263372888818 5.333333333333332 1.034268707482993 0.8584756848261 0.5087301587301588 1.0439488962216235 1.6248674571042994 12.843297720797718 12.305555555555555 3.559436377718926 0.48912150484172645 0.16666666666666666
0.3425633889919604 1.8103480179950766 0.05047619047619048 0.05474882260596547 0.9442520775623267 4.176582022822624 0.6135104507680684 0.0 2.275472269827934 1.485573437726548 0.0 0.03636363636363637 0.0 0.0 0.03636363636363637 0.1374699907663897 0.3000377738604886 3.806610075909888 1.3272958437761067 5.324092075948277 1.174382660989804 0.0 2.557403726703539 0.29166666666666674 2.794292966849358 0.0 0.0 5.454006114546955 16.76554135267645 10.10263372888818 50.545224208035926 17.298214285714288 15.969732418618234 5.571242201254577 4.155993601224743 1.3451756014739757 8.013634409106544 5.296882055852645 1.763888888888889 3.4445334223293496 3.536761690322061 0.0
0.0 0.0 0.0 0.0 0.0 0.5396825396825397 1.4805555555555556 0.0 0.09523809523809523 0.28409090909090906 0.19318181818181818 0.0 0.0 0.0 0.0 0.11796536796536797 0.47619047619047616 0.0 0.0 0.19047619047619047 0.25 7.0 0.0 0.0 0.0 0.0 0.0 0.41666666666666663 13.074254449254447 5.333333333333332 17.298214285714288 88.47402116402118 22.00340909090909 0.11838624338624337 1.9785714285714286 5.93925925925926 1.1164021164021163 0.6666666666666666 0.7074074074074074 0.16666666666666666 0.0 0.0
0.1104205318491033 0.7543909685086156 0.02666666666666667 0.049450549450549455 0.1 0.2655677655677656 0.6765151515151516 0.08333333333333334 0.9570441813088872 0.7123278236914601 0.19318181818181818 0.018181818181818184 0.0 0.0 0.3515151515151515 0.13272727272727272 0.03484848484848485 0.25284049284049287 0.09333333333333334 0.7830294705294705 1.0267232767232768 0.0 0.25284049284049287 0.0 1.0433455433455432 0.08333333333333333 0.0 3.5873723462684506 10.851635880116312 1.034268707482993 15.969732418618234 22.00340909090909 26.358813329234206 1.931148596549864 5.267487513981234 2.8398202537593984 2.2780980049362403 2.2513591800356507 0.0 0.27180764311446126 1.237649115590292 0.0
0.1904761904761905 0.41805555555555557 0.0 0.0 2.0897968605724846 0.2192982456140351 1.7351650158090606 0.08333333333333334 0.9547769110442236 1.8011695906432745 0.19444444444444445 0.02840909090909091 0.0 0.0 0.08396464646464646 0.44367497691597385 0.5518621114188978 0.0 0.0 0.49027777777777776 0.2927875243664717 0.0 0.0 0.0 0.6842105263157895 0.0 0.0 0.6524122807017544 7.49743830463763 0.8584756848261 5.571242201254577 0.11838624338624337 1.931148596549864 2.448177395979523 0.8119948308270677 0.4714418951946364 0.3270495951417004 0.3125 0.03333333333333333 1.2082616396761132 0.17517022451232978 0.0
1.8426647426647424 9.697727272727272 0.12962962962962962 0.35 0.0 2.4499999999999997 2.1999999999999997 0.0 1.8714285714285712 5.171280991735537 0.0 0.0 0.0 0.0 0.0 2.333333333333333 1.0727272727272725 1.0924242424242423 0.35 0.25 0.49242424242424243 0.0 0.5924242424242424 0.0 0.0 0.85 0.0 4.615564738292012 7.172362983906044 0.5087301587301588 4.155993601224743 1.9785714285714286 5.267487513981234 0.8119948308270677 7.762357303839326 0.5935803980018376 0.6692547648430002 4.4729748465042585 2.4477124183006533 2.9692168215029175 0.550893550893551 0.0
0.06190476190476191 0.4555555555555557 0.0 0.0 0.0 0.0 0.12698412698412698 0.0 0.6772486772486773 0.4107864357864358 1.2857142857142858 0.0 0.303030303030303 0.0 0.0 0.06666666666666667 0.5670995670995671 0.0 0.0 0.6138888888888889 0.08148148148148149 0.0 0.0 0.0 0.0 0.0 0.0 0.6841142191142191 3.072748717332052 1.0439488962216235 1.3451756014739757 5.93925925925926 2.8398202537593984 0.4714418951946364 0.5935803980018376 0.43330228873664883 0.5265522875816994 1.1719680464778504 0.2751633986928105 0.3627042483660131 0.08714596949891068 0.04000000000000001
0.015151515151515154 1.5709090909090908 1.1295454545454544 3.96431277056277 3.933648588253851 1.5113636363636365 1.2098931769984402 0.0 4.181599350941455 0.4813519813519813 0.0 2.366477272727273 3.296212121212121 0.011363636363636364 0.0 0.4856750705434916 0.1928521040363146 0.0 0.0 0.0 0.1875 0.0 0.0 0.0 0.6666666666666667 0.0 0.0 0.6386738261738262 2.107291770836662 1.6248674571042994 8.013634409106544 1.1164021164021163 2.2780980049362403 0.3270495951417004 0.6692547648430002 0.5265522875816994 32.55840237709228 17.567568658873807 7.973592796092795 7.787669743802081 11.834523600828595 0.0
0.02666666666666667 2.50625 0.0 0.0 0.3125 0.0 0.1875 0.0 0.48916666666666664 3.0361742424242424 0.0 0.0 0.0 0.0 0.0 0.0625 0.0625 1.5 0.0 0.43333333333333335 1.2708333333333333 0.0 0.0 0.0 0.0 0.0 0.0 10.43014374514375 0.3648395721925134 12.843297720797718 5.296882055852645 0.6666666666666666 2.2513591800356507 0.3125 4.4729748465042585 1.1719680464778504 17.567568658873807 83.22761889175185 15.671486928104574 15.9657123411719 5.245162194151165 0.0
0.14814814814814814 0.2111111111111111 0.5185185185185185 0.4031179138321995 0.0 0.9223974438260152 0.0 0.0 0.23333333333333334 0.14826839826839827 0.0 0.0 0.06060606060606061 0.2285714285714286 0.3333333333333333 0.08333333333333333 0.05627705627705627 1.7015316429602143 0.5285714285714286 2.50453514739229 0.7888321995464853 1.114733044733045 0.9705215419501134 0.0 0.6729024943310657 0.08333333333333333 0.0 2.674603174603175 2.5624338624338625 12.305555555555555 1.763888888888889 0.7074074074074074 0.0 0.03333333333333333 2.4477124183006533 0.2751633986928105 7.973592796092795 15.671486928104574 43.17236394557822 6.352014652014652 3.6715764254419714 0.0
0.03576839826839827 0.5773268398268399 0.25 0.6444659507159507 1.0981817055125327 0.9711580086580087 1.4769077413814262 0.5714285714285714 38.18705878345376 4.196780870644507 0.6989795918367346 0.0 2.03051948051948 1.0226556776556777 0.15000000000000002 0.314106332264227 1.4711483049334257 0.8249458874458875 0.11481601731601733 0.38190476190476197 1.5463752913752913 0.6202380952380953 0.22124458874458874 0.0 0.7859890109890111 0.0 0.0 5.252360493042311 1.1666827601653302 3.559436377718926 3.4445334223293496 0.16666666666666666 0.27180764311446126 1.2082616396761132 2.9692168215029175 0.3627042483660131 7.787669743802081 15.9657123411719 6.352014652014652 59.4870621829624 4.296669023322496 0.04000000000000001
0.03787878787878788 1.0397727272727273 0.0 0.03125 0.201693043798307 0.028409090909090908 0.1259354680407312 0.0 2.1163875482781305 0.6889568764568765 0.0 0.0 0.0 0.028409090909090908 0.0 0.09564010550852656 0.4392405839774261 0.0 0.0 0.0 0.25 0.0 0.0 0.0 0.0 0.0 0.0 0.7843142968142969 0.39066444391521793 0.48912150484172645 3.536761690322061 0.0 1.237649115590292 0.17517022451232978 0.550893550893551 0.08714596949891068 11.834523600828595 5.245162194151165 3.6715764254419714 4.296669023322496 2.566480064166389 0.0
0.30000000000000004 0.0 1.0 0.0 0.7916666666666667 0.0 0.30000000000000004 0.0 1.4083333333333332 0.0 0.0 0.0 0.0 0.6 0.0 0.0 0.30000000000000004 0.0 0.0 0.0 0.0 0.0 0.0 0.0 0.0 0.0 0.0 0.12 0.8333333333333333 0.16666666666666666 0.0 0.0 0.0 0.0 0.0 0.04000000000000001 0.0 0.0 0.0 0.04000000000000001 0.0 0.8
