37.9081744600197 21.667502566407087 9.335872829771636 1.001899844720497 2.9310714955838795 5.62883569532799 2.94556775014631 0.39218559218559224 2.711830386961965 2.604205809752027 3.878687611408199 0.19513379594261948 0.7856447882183177 0.6084710788109281 0.28703022875816997 2.014365124551436 0.6352561041986587 0.9679966325491485 1.377050754412125 6.781299449604402 0.6390090611143243 0.3021093700985006 1.0612248853850366 0.025450210893086377 0.4143939393939394 0.548888888888889 0.2466666666666667 4.086547275475847 8.318527605087755 0.7695729900147193 1.9628480020397316 0.5925925925925926 0.37779066171923315 0.8855750487329436 0.31559052059052056 0.1430976430976431 2.1557316815129317 1.9214409722222223 0.7407407407407407 1.1632041569541567 0.15594769813519818 1.0380952380952382
21.667502566407087 73.71628853885397 7.497199087288374 3.9772176501035195 2.7027558479532168 8.22305222537142 3.171956365028734 0.7834646834646836 2.123430768864205 30.094156967371266 8.396500027750026 1.3393740981240982 3.9087391982936968 4.983296454868106 0.676267198055693 11.44045702342317 3.1426894370253122 11.744984399901995 5.416413043139246 2.1834539458059767 1.6657885085903663 2.761902181302841 6.23872694671674 0.14261147248801107 6.542449919361687 0.4173853923853923 0.2 3.4702616232973376 7.978776803118908 1.4903058929374717 0.9310207336523126 6.674145299145299 0.40909090909090917 0.6404727095516569 10.214141414141412 0.2953703703703704 10.478949175824175 17.314289529914532 3.6190476190476186 7.250574425574426 1.2991987179487179 0.023809523809523808
9.335872829771636 7.497199087288374 81.38773409148008 25.080183127285856 7.085050366300368 2.268742290373073 3.869646029351911 2.0699561743858 0.9459351503759397 15.076063748281797 2.96963212956634 7.83678716145541 10.97449100722169 1.735767105277975 0.5590496309246309 5.777848402772817 1.9689393939393938 5.785504248657334 1.4626330769673161 0.4371794871794872 0.825179218929219 1.5779602342102326 3.9413345913345914 0.020833333333333336 2.208359685717142 0.039473684210526314 0.011363636363636364 2.917154195011338 0.2152777777777778 3.787247474747475 0.0 0.0 0.0 0.034722222222222224 0.0 0.013888888888888888 0.2760416666666667 0.046875 0.0 1.2569444444444444 0.052083333333333336 0.0
1.001899844720497 3.9772176501035195 25.080183127285856 80.1466830245566 5.685569291819293 20.969270572819987 16.219518935703405 1.9074237180661326 1.85447320223636 9.340524870330636 2.8360892214510636 38.626188322991126 26.4792825148179 8.642267004072083 10.102677398659551 2.0819391681421733 3.330333056399183 19.166618712563807 3.679339890880222 1.3595591494021344 2.4108752718757303 25.02452765976682 15.196829012247289 0.567835223866507 40.82826249818309 1.7557183021656704 3.009224386724386 0.251578947368421 9.857837301587303 0.1813973063973064 0.2261904761904762 0.18518518518518517 0.0 0.6949404761904762 4.833333333333333 0.5507034632034631 9.792328678266177 8.92361111111111 0.9586459836459836 3.97273923992674 0.7046245421245422 0.25000000000000006
2.9310714955838795 2.7027558479532168 7.085050366300368 5.685569291819293 40.661375446316136 12.119338972431072 14.077275271761948 0.13766788766788768 7.377859987233377 0.8345697577276525 0.468703007518797 2.8388888888888886 15.023363095238093 0.9453671328671329 0.4674377705627705 2.147237666534757 4.1899362411799315 2.9323164682539677 0.23253968253968252 0.7387218045112783 0.2967032967032967 0.6666666666666667 3.0751736111111105 0.07142857142857142 7.543191428454584 0.23511904761904762 0.16558441558441558 0.388888888888889 2.1405971068020913 1.8308652662357665 1.9829485995690996 0.6333333333333334 0.03333333333333333 3.3402662357648505 0.2857142857142857 0.0 29.904476882766375 11.779166666666665 1.16984126984127 3.6542600131697878 0.7172494172494173 0.0
5.62883569532799 8.22305222537142 2.268742290373073 20.969270572819987 12.119338972431072 156.48962420404504 43.4264282709085 4.590349696599697 2.774003690524587 7.123665452304675 2.0918659812409817 7.010585152075985 4.508550500738148 20.62258661121972 19.293979995913094 6.7862659857234915 2.7842703192826583 108.25702019781555 23.192344491758575 7.001401121736636 11.88107482130764 12.58459266656595 72.27968040062832 2.5928755734059816 99.31534693584757 16.674737966282077 2.7877661245798495 5.354217970404944 15.733844881812372 0.9126749955697324 2.146123722768459 0.1111111111111111 0.0 0.6753170075538496 1.0 0.14545454545454545 3.982296176046176 0.0 1.465986394557823 1.4359550335285634 0.2181818181818182 0.23376623376623373
2.94556775014631 3.171956365028734 3.869646029351911 16.219518935703405 14.077275271761948 43.4264282709085 22.001182315967252 0.37957206192500315 4.6357827526978825 6.644239069896963 2.047602718918508 3.3067557932263822 2.2728946856520387 0.999587248794566 11.10582549939168 3.0350148171876867 4.392712214434081 2.446250282740806 1.1839363125778821 4.265148211437686 0.3111111111111111 1.785974653365958 2.5556792757461513 0.04654471544715448 63.99297114220496 3.8919444444444453 2.6036363636363644 0.415993265993266 20.821083248627197 2.3670982097055497 1.986311172668515 1.0305555555555557 0.5583333333333335 3.0361726685133883 4.9 0.27070707070707073 8.732208179247651 5.354166666666668 0.5819985569985571 3.0009813870340194 0.3421522921522922 0.48051948051948046
0.39218559218559224 0.7834646834646836 2.0699561743858 1.9074237180661326 0.13766788766788768 4.590349696599697 0.37957206192500315 0.048522353714661404 0.1431818181818182 0.38866309129467025 0.1268939393939394 1.1634231781290603 0.3347578347578347 0.8985998193315267 0.5243783993783994 0.41138583638583637 0.13947740606277192 2.932976349597583 0.6368905168905168 0.15095543345543344 0.44765160765160766 0.17217504717504717 2.0808568351251275 0.04601626016260163 0.09259259259259259 0.06597222222222221 0.01388888888888889 0.03958333333333333 0.05888888888888889 0.0 0.010416666666666666 0.0 0.0 0.025252525252525256 0.0 0.0101010101010101 0.030303030303030307 0.0 0.0 0.05844155844155845 0.015151515151515154 0.0
2.711830386961965 2.123430768864205 0.9459351503759397 1.85447320223636 7.377859987233377 2.774003690524587 4.6357827526978825 0.1431818181818182 64.60634520472269 10.486936347106623 12.193851807070521 1.2919934640522874 20.62248424090529 1.860092685092685 1.735307911043205 2.019381587941144 5.610773130817643 4.812662337662339 0.15421245421245422 2.3486805689437267 0.48160728160728167 0.02857142857142857 4.422510822510823 0.09706959706959706 4.1899831309041815 0.7625 0.0 3.980712250712251 13.66772783234004 1.269914918876136 2.922949384410601 2.0415476190476194 0.63125 3.215717105685945 0.9206746031746031 2.9140151515151524 4.191407517920674 0.0 0.4555555555555556 36.620611091776496 0.42362213809582233 14.400000000000002
2.604205809752027 30.094156967371266 15.076063748281797 9.340524870330636 0.8345697577276525 7.123665452304675 6.644239069896963 0.38866309129467025 10.486936347106623 161.35656178185926 77.187002600574 6.539976751643418 9.793106661856662 5.403609660518085 6.737180335097002 14.737513981423747 20.304408957732573 15.169070262744171 2.708141607070178 0.41112359862359865 2.896896159396159 9.248937820930573 11.086271441585245 0.10939314750290362 4.364558342891674 1.2112919487919487 0.0831329164662498 4.6393555993069 4.5818074801328414 0.7475804896857529 1.1090137533917437 1.8167388167388168 0.7579201101928373 0.5180659983291562 2.5373784464693543 0.5397546897546898 0.6963541666666668 1.3926294191919193 1.4967532467532467 4.378651402709846 0.5135576229326229 0.05494505494505495
3.878687611408199 8.396500027750026 2.96963212956634 2.8360892214510636 0.468703007518797 2.0918659812409817 2.047602718918508 0.1268939393939394 12.193851807070521 77.187002600574 63.02725417439703 6.672303391053389 26.738401401230337 2.4686027861027866 2.4514204545454548 3.671683965574943 25.722375565058606 3.539213564213564 1.4615079365079364 0.05595238095238096 1.7628482628482627 0.03571428571428571 6.780735930735931 0.04166666666666667 2.985948565323565 0.2698412698412698 0.0 0.6652097902097902 3.148446290551554 0.3088972431077694 3.6984660076765343 0.23333333333333334 1.6293123543123542 0.7520410875674033 0.045454545454545456 0.09920634920634921 0.12105654761904763 0.0234375 1.0 3.6299860853432278 0.05729166666666667 0.0
0.19513379594261948 1.3393740981240982 7.83678716145541 38.626188322991126 2.8388888888888886 7.010585152075985 3.3067557932263822 1.1634231781290603 1.2919934640522874 6.539976751643418 6.672303391053389 58.0669125627459 11.619545984249285 3.269140436498159 10.396025733525736 0.7962775867922928 2.195317744409088 3.5817940343077304 0.26623279262860383 0.4396139971139971 0.606470458553792 2.30013697965773 3.2352672363951234 0.028886425227888646 2.9238555961104975 0.30000000000000004 0.01893939393939394 0.1 1.8208333333333333 0.0 0.0 0.1 0.1 0.034722222222222224 0.0 0.013888888888888888 0.04166666666666667 0.0 0.0 0.08035714285714288 0.020833333333333336 0.0
0.7856447882183177 3.9087391982936968 10.97449100722169 26.4792825148179 15.023363095238093 4.508550500738148 2.2728946856520387 0.3347578347578347 20.62248424090529 9.793106661856662 26.738401401230337 11.619545984249285 82.48954400680648 11.337252981010183 3.9266646423869567 1.3880595375405067 11.841373055956387 28.588456133192047 1.3410819270518664 1.8425471527223252 3.4544390476988434 3.875028014313729 27.138146969671556 1.0418249030381381 10.107904238028713 1.253970864661654 0.0 0.325 0.5833333333333334 0.2023420479302832 0.04166666666666667 0.43703703703703706 0.6 0.1388888888888889 0.0 0.35858585858585856 1.6306929181929188 1.7847222222222223 0.3211880711880712 0.49203296703296706 0.05128205128205129 0.3333333333333333
0.6084710788109281 4.983296454868106 1.735767105277975 8.642267004072083 0.9453671328671329 20.62258661121972 0.999587248794566 0.8985998193315267 1.860092685092685 5.403609660518085 2.4686027861027866 3.269140436498159 11.337252981010183 40.032634430421304 16.800614585302622 4.56501999455972 0.29752344007003934 44.55683324958662 8.199679130922805 2.0370134403948326 10.149893066491666 8.19168002641439 30.616620299644545 1.2297277708831391 16.80924709514829 1.2567326143665216 0.06108234539607088 3.2627992266354333 0.3617424242424242 1.1252645502645502 0.014392619575546406 0.22222222222222224 0.005681818181818182 0.045454545454545456 0.44224294224294225 0.0 0.17838541666666669 0.17838541666666669 0.5833333333333334 0.5553841991341991 0.024906517094017096 0.1111111111111111
0.28703022875816997 0.676267198055693 0.5590496309246309 10.102677398659551 0.4674377705627705 19.293979995913094 11.10582549939168 0.5243783993783994 1.735307911043205 6.737180335097002 2.4514204545454548 10.396025733525736 3.9266646423869567 16.800614585302622 26.985280241032847 4.194397025744344 1.1979020753410998 8.277372090742912 0.5070373416547838 0.14928594929676245 1.065836131461132 1.5627275255956332 5.949033166141738 0.06583774457250066 42.90847897958723 2.3576894941478272 1.4629850088183423 0.22499999999999998 11.604211760461762 1.1666666666666667 0.22222222222222224 0.04166666666666667 0.04166666666666667 0.04463383838383839 2.857142857142857 0.006944444444444444 0.020833333333333336 0.0 0.25 0.6042542016806722 0.010416666666666668 0.16666666666666669
2.014365124551436 11.44045702342317 5.777848402772817 2.0819391681421733 2.147237666534757 6.7862659857234915 3.0350148171876867 0.41138583638583637 2.019381587941144 14.737513981423747 3.671683965574943 0.7962775867922928 1.3880595375405067 4.56501999455972 4.194397025744344 6.496407249835398 1.5799232195780437 9.961645885375093 2.080552685087682 1.410489530620199 1.3335556285246686 1.4600374601717314 6.006598256712142 0.13909996591375434 12.002458302791121 0.7829365079365078 0.2357142857142857 2.970753162181734 5.076864309897548 1.6982887380394283 0.5024179421686349 0.753968253968254 0.011363636363636364 0.8890890772815974 0.6121212121212121 0.1134920634920635 1.1485471491228072 0.0234375 0.5833333333333334 1.2184542796384903 0.015625 0.023809523809523808
0.6352561041986587 3.1426894370253122 1.9689393939393938 3.330333056399183 4.1899362411799315 2.7842703192826583 4.392712214434081 0.13947740606277192 5.610773130817643 20.304408957732573 25.722375565058606 2.195317744409088 11.841373055956387 0.29752344007003934 1.1979020753410998 1.5799232195780437 26.404720558314978 0.8059228948392532 0.41765521619362983 0.18571977105862272 0.5378285027850489 0.20107109866237272 0.8888058920117521 0.015542011306026981 4.6763928178040635 0.2043171259634674 1.3333333333333333 1.2734379605069261 3.1164746995079464 0.592243309296633 1.2868620318116957 1.0231481481481481 0.07500000000000001 1.5113691071932087 0.6916666666666667 0.3931313131313131 3.2926344853976426 1.7847222222222223 0.2890812890812891 1.62581971912799 0.20155721471510946 1.0386446886446885
0.9679966325491485 11.744984399901995 5.785504248657334 19.166618712563807 2.9323164682539677 108.25702019781555 2.446250282740806 2.932976349597583 4.812662337662339 15.169070262744171 3.539213564213564 3.5817940343077304 28.588456133192047 44.55683324958662 8.277372090742912 9.961645885375093 0.8059228948392532 222.71764200736476 111.86080320067967 34.774790697474224 75.89867678114385 62.713814387090025 284.9728868504802 9.958896620182768 6.663618032035396 6.780831138148211 1.0964798545680898 60.64127756931324 2.498457811194653 15.015623189496617 3.736144672343935 3.166666666666667 0.0 0.14215686274509803 0.14215686274509803 0.058823529411764705 0.26934523809523814 2.533333333333333 1.2774109643857543 1.0471230158730158 0.0 1.972222222222222
1.377050754412125 5.416413043139246 1.4626330769673161 3.679339890880222 0.23253968253968252 23.192344491758575 1.1839363125778821 0.6368905168905168 0.15421245421245422 2.708141607070178 1.4615079365079364 0.26623279262860383 1.3410819270518664 8.199679130922805 0.5070373416547838 2.080552685087682 0.41765521619362983 111.86080320067967 46.00038259985812 11.385882948646893 13.848933527292521 17.479294520889137 56.64590211277336 5.853038163343541 1.0817228523110876 3.6860379707438526 0.2450356506238859 9.726930011911861 1.0506702654071074 2.5737068965517245 2.0792340012928245 1.5622710622710625 0.0 0.07290993320405087 0.03124326653738419 0.02941176470588236 0.0234375 1.1833333333333333 0.4796918767507003 0.06312003968253968 0.0 0.9583333333333333
6.781299449604402 2.1834539458059767 0.4371794871794872 1.3595591494021344 0.7387218045112783 7.001401121736636 4.265148211437686 0.15095543345543344 2.3486805689437267 0.41112359862359865 0.05595238095238096 0.4396139971139971 1.8425471527223252 2.0370134403948326 0.14928594929676245 1.410489530620199 0.18571977105862272 34.774790697474224 11.385882948646893 34.065578987424864 9.810077275655647 3.9478490797352683 21.833918769076462 1.4928909403440724 1.38392331291491 0.008333333333333333 0.01388888888888889 41.05047244422245 7.351587140929246 15.414405806182117 13.628533340775338 11.345604395604395 0.9715909090909091 1.1867706424981965 0.8107235901353549 0.9043077837195485 5.089856532356534 7.648611111111112 2.388008536748033 3.327730294396961 0.1692307692307692 0.047619047619047616
0.6390090611143243 1.6657885085903663 0.825179218929219 2.4108752718757303 0.2967032967032967 11.88107482130764 0.3111111111111111 0.44765160765160766 0.48160728160728167 2.896896159396159 1.7628482628482627 0.606470458553792 3.4544390476988434 10.149893066491666 1.065836131461132 1.3335556285246686 0.5378285027850489 75.89867678114385 13.848933527292521 9.810077275655647 39.024379996805095 4.06707796205878 56.13365654371875 3.0896654918437374 4.1731979982437855 0.22107753357753357 0.06349206349206349 43.383580961548994 1.8972639933166247 25.036981162196682 1.9515308901338315 0.7083333333333335 0.0 0.03480392156862745 0.009803921568627453 1.054248366013072 0.39999999999999997 0.11666666666666668 0.9597839135654261 0.007936507936507936 0.0 0.0
0.3021093700985006 2.761902181302841 1.5779602342102326 25.02452765976682 0.6666666666666667 12.58459266656595 1.785974653365958 0.17217504717504717 0.02857142857142857 9.248937820930573 0.03571428571428571 2.30013697965773 3.875028014313729 8.19168002641439 1.5627275255956332 1.4600374601717314 0.20107109866237272 62.713814387090025 17.479294520889137 3.9478490797352683 4.06707796205878 57.35306315316234 41.90297838565559 1.2740779323221152 1.5211600309639526 4.724077139273216 1.332483565816899 5.487489339865501 0.8650793650793651 0.339126559714795 0.0 0.0 0.0 0.03968253968253968 0.0 0.015873015873015872 0.09523809523809523 0.0 0.0 0.1507936507936508 0.02380952380952381 0.0
1.0612248853850366 6.23872694671674 3.9413345913345914 15.196829012247289 3.0751736111111105 72.27968040062832 2.5556792757461513 2.0808568351251275 4.422510822510823 11.086271441585245 6.780735930735931 3.2352672363951234 27.138146969671556 30.616620299644545 5.949033166141738 6.006598256712142 0.8888058920117521 284.9728868504802 56.64590211277336 21.833918769076462 56.13365654371875 41.90297838565559 112.03245592590125 9.425568038189711 6.691827190342597 3.582395165986749 0.3867023172905526 37.383754828895675 1.6426482873851296 8.191901200701096 1.4437018618864197 0.2916666666666667 0.0 0.023692810457516342 0.009803921568627453 0.009803921568627453 0.10267857142857142 0.45 0.874749899959984 0.8328373015873015 0.0 0.4583333333333333
0.025450210893086377 0.14261147248801107 0.020833333333333336 0.567835223866507 0.07142857142857142 2.5928755734059816 0.04654471544715448 0.04601626016260163 0.09706959706959706 0.10939314750290362 0.04166666666666667 0.028886425227888646 1.0418249030381381 1.2297277708831391 0.06583774457250066 0.13909996591375434 0.015542011306026981 9.958896620182768 5.853038163343541 1.4928909403440724 3.0896654918437374 1.2740779323221152 9.425568038189711 0.30977312763444603 0.11904761904761904 0.24840882694541236 0.12333333333333335 0.24196967623691767 0.17050318102949685 1.1041666666666665 0.12760703614362154 0.06227106227106227 0.0 0.0018315018315018315 0.0018315018315018315 0.0 0.0 0.0 0.0 0.0 0.0 0.0
0.4143939393939394 6.542449919361687 2.208359685717142 40.82826249818309 7.543191428454584 99.31534693584757 63.99297114220496 0.09259259259259259 4.1899831309041815 4.364558342891674 2.985948565323565 2.9238555961104975 10.107904238028713 16.80924709514829 42.90847897958723 12.002458302791121 4.6763928178040635 6.663618032035396 1.0817228523110876 1.38392331291491 4.1731979982437855 1.5211600309639526 6.691827190342597 0.11904761904761904 210.82422023531672 13.297750368730762 13.852606405939744 1.8333333333333333 50.34943547594478 3.985721247563354 2.014954051796157 0.05555555555555555 2.5 2.1842105263157894 21.99047619047619 2.0 5.426831501831502 0.0 0.04960317460317461 0.9011538461538461 0.017094017094017096 0.0
0.548888888888889 0.4173853923853923 0.039473684210526314 1.7557183021656704 0.23511904761904762 16.674737966282077 3.8919444444444453 0.06597222222222221 0.7625 1.2112919487919487 0.2698412698412698 0.30000000000000004 1.253970864661654 1.2567326143665216 2.3576894941478272 0.7829365079365078 0.2043171259634674 6.780831138148211 3.6860379707438526 0.008333333333333333 0.22107753357753357 4.724077139273216 3.582395165986749 0.24840882694541236 13.297750368730762 17.12416435235063 4.301455802730313 0.125 1.833333333333333 0.45833333333333337 0.125 0.0 0.0 0.0 0.6666666666666666 0.0 0.0 0.0 0.0 0.025 0.0 0.0
0.2466666666666667 0.2 0.011363636363636364 3.009224386724386 0.16558441558441558 2.7877661245798495 2.6036363636363644 0.01388888888888889 0.0 0.0831329164662498 0.0 0.01893939393939394 0.0 0.06108234539607088 1.4629850088183423 0.2357142857142857 1.3333333333333333 1.0964798545680898 0.2450356506238859 0.01388888888888889 0.06349206349206349 1.332483565816899 0.3867023172905526 0.12333333333333335 13.852606405939744 4.301455802730313 1.2857142857142858 0.0 3.0 0.0 0.0 0.0 0.0 0.0 2.0 0.0 0.0 0.0 0.0 0.0 0.0 0.0
4.086547275475847 3.4702616232973376 2.917154195011338 0.251578947368421 0.388888888888889 5.354217970404944 0.415993265993266 0.03958333333333333 3.980712250712251 4.6393555993069 0.6652097902097902 0.1 0.325 3.2627992266354333 0.22499999999999998 2.970753162181734 1.2734379605069261 60.64127756931324 9.726930011911861 41.05047244422245 43.383580961548994 5.487489339865501 37.383754828895675 0.24196967623691767 1.8333333333333333 0.125 0.0 121.95252995617342 8.570787985763632 46.9589712256481 21.822826203258316 12.315909090909091 2.064689801540452 1.2424685581303228 2.1443904283476467 1.152152901564666 0.2767857142857143 14.655429292929295 9.713668194550547 8.199035812672175 0.45151515151515154 0.6000000000000001
8.318527605087755 7.978776803118908 0.2152777777777778 9.857837301587303 2.1405971068020913 15.733844881812372 20.821083248627197 0.05888888888888889 13.66772783234004 4.5818074801328414 3.148446290551554 1.8208333333333333 0.5833333333333334 0.3617424242424242 11.604211760461762 5.076864309897548 3.1164746995079464 2.498457811194653 1.0506702654071074 7.351587140929246 1.8972639933166247 0.8650793650793651 1.6426482873851296 0.17050318102949685 50.34943547594478 1.833333333333333 3.0 8.570787985763632 101.72561665474906 4.487045263990512 16.012113539961636 6.194877344877343 3.71203360723584 4.896016908222582 7.492954128149735 2.5417929292929298 7.323945700637427 1.2818181818181817 1.1268217893217893 4.810048922369496 0.6136234136234137 0.0
0.7695729900147193 1.4903058929374717 3.787247474747475 0.1813973063973064 1.8308652662357665 0.9126749955697324 2.3670982097055497 0.0 1.269914918876136 0.7475804896857529 0.3088972431077694 0.0 0.2023420479302832 1.1252645502645502 1.1666666666666667 1.6982887380394283 0.592243309296633 15.015623189496617 2.5737068965517245 15.414405806182117 25.036981162196682 0.339126559714795 8.191901200701096 1.1041666666666665 3.985721247563354 0.45833333333333337 0.0 46.9589712256481 4.487045263990512 31.67360094386113 11.868163298071103 4.0 0.7933956916099772 1.586458163597848 0.7766339869281047 1.7198158051099226 0.3623224728487886 3.915277777777778 4.9251283846872065 0.5217209690893901 0.03333333333333334 0.5
1.9628480020397316 0.9310207336523126 0.0 0.2261904761904762 1.9829485995690996 2.146123722768459 1.986311172668515 0.010416666666666666 2.922949384410601 1.1090137533917437 3.6984660076765343 0.0 0.04166666666666667 0.014392619575546406 0.22222222222222224 0.5024179421686349 1.2868620318116957 3.736144672343935 2.0792340012928245 13.628533340775338 1.9515308901338315 0.0 1.4437018618864197 0.12760703614362154 2.014954051796157 0.125 0.0 21.822826203258316 16.012113539961636 11.868163298071103 38.41496008656124 18.434527683645324 12.993638041282072 7.321246737382172 5.740227942799709 1.6992237780279575 9.531515085791403 6.016581253713605 6.043465113318053 5.013599741271195 1.3561091686091684 0.0
0.5925925925925926 6.674145299145299 0.0 0.18518518518518517 0.6333333333333334 0.1111111111111111 1.0305555555555557 0.0 2.0415476190476194 1.8167388167388168 0.23333333333333334 0.1 0.43703703703703706 0.22222222222222224 0.04166666666666667 0.753968253968254 1.0231481481481481 3.166666666666667 1.5622710622710625 11.345604395604395 0.7083333333333335 0.0 0.2916666666666667 0.06227106227106227 0.05555555555555555 0.0 0.0 12.315909090909091 6.194877344877343 4.0 18.434527683645324 111.8144444444444 17.398316498316497 2.9374712705595054 2.046391516979752 9.818823529411768 6.986940188445565 4.940740740740741 3.5036518311028115 2.578088578088578 0.5042735042735043 0.0
0.37779066171923315 0.40909090909090917 0.0 0.0 0.03333333333333333 0.0 0.5583333333333335 0.0 0.63125 0.7579201101928373 1.6293123543123542 0.1 0.6 0.005681818181818182 0.04166666666666667 0.011363636363636364 0.07500000000000001 0.0 0.0 0.9715909090909091 0.0 0.0 0.0 0.0 2.5 0.0 0.0 2.064689801540452 3.71203360723584 0.7933956916099772 12.993638041282072 17.398316498316497 12.682638261067583 1.6203107555821374 3.397476384287704 3.9707909688995215 3.092815170940171 3.1318181818181814 1.4393217893217891 3.5770984907348553 0.7523965617715617 0.0
0.8855750487329436 0.6404727095516569 0.034722222222222224 0.6949404761904762 3.3402662357648505 0.6753170075538496 3.0361726685133883 0.025252525252525256 3.215717105685945 0.5180659983291562 0.7520410875674033 0.034722222222222224 0.1388888888888889 0.045454545454545456 0.04463383838383839 0.8890890772815974 1.5113691071932087 0.14215686274509803 0.07290993320405087 1.1867706424981965 0.03480392156862745 0.03968253968253968 0.023692810457516342 0.0018315018315018315 2.1842105263157894 0.0 0.0 1.2424685581303228 4.896016908222582 1.586458163597848 7.321246737382172 2.9374712705595054 1.6203107555821374 2.2463587136968752 0.29793128891232606 1.2439644607843137 2.053210282651072 0.09950980392156863 0.09681372549019607 1.5106516290726812 0.12442129629629631 0.30000000000000004
0.31559052059052056 10.214141414141412 0.0 4.833333333333333 0.2857142857142857 1.0 4.9 0.0 0.9206746031746031 2.5373784464693543 0.045454545454545456 0.0 0.0 0.44224294224294225 2.857142857142857 0.6121212121212121 0.6916666666666667 0.14215686274509803 0.03124326653738419 0.8107235901353549 0.009803921568627453 0.0 0.009803921568627453 0.0018315018315018315 21.99047619047619 0.6666666666666666 2.0 2.1443904283476467 7.492954128149735 0.7766339869281047 5.740227942799709 2.046391516979752 3.397476384287704 0.29793128891232606 27.332596301226687 0.5284770955165692 0.7708333333333334 8.148434952846717 2.758080808080808 5.481749311294766 0.8779623154623155 0.6000000000000001
0.1430976430976431 0.2953703703703704 0.013888888888888888 0.5507034632034631 0.0 0.14545454545454545 0.27070707070707073 0.0101010101010101 2.9140151515151524 0.5397546897546898 0.09920634920634921 0.013888888888888888 0.35858585858585856 0.0 0.006944444444444444 0.1134920634920635 0.3931313131313131 0.058823529411764705 0.02941176470588236 0.9043077837195485 1.054248366013072 0.015873015873015872 0.009803921568627453 0.0 2.0 0.0 0.0 1.152152901564666 2.5417929292929298 1.7198158051099226 1.6992237780279575 9.818823529411768 3.9707909688995215 1.2439644607843137 0.5284770955165692 1.3525038580246918 0.32189814814814816 2.0279048656499636 0.325 1.2492063492063492 0.1238425925925926 1.2000000000000002
2.1557316815129317 10.478949175824175 0.2760416666666667 9.792328678266177 29.904476882766375 3.982296176046176 8.732208179247651 0.030303030303030307 4.191407517920674 0.6963541666666668 0.12105654761904763 0.04166666666666667 1.6306929181929188 0.17838541666666669 0.020833333333333336 1.1485471491228072 3.2926344853976426 0.26934523809523814 0.0234375 5.089856532356534 0.39999999999999997 0.09523809523809523 0.10267857142857142 0.0 5.426831501831502 0.0 0.0 0.2767857142857143 7.323945700637427 0.3623224728487886 9.531515085791403 6.986940188445565 3.092815170940171 2.053210282651072 0.7708333333333334 0.32189814814814816 75.53074559791645 116.128170363587 17.093386243386234 32.81522366307182 5.818775104565272 0.0
1.9214409722222223 17.314289529914532 0.046875 8.92361111111111 11.779166666666665 0.0 5.354166666666668 0.0 0.0 1.3926294191919193 0.0234375 0.0 1.7847222222222223 0.17838541666666669 0.0 0.0234375 1.7847222222222223 2.533333333333333 1.1833333333333333 7.648611111111112 0.11666666666666668 0.0 0.45 0.0 0.0 0.0 0.0 14.655429292929295 1.2818181818181817 3.915277777777778 6.016581253713605 4.940740740740741 3.1318181818181814 0.09950980392156863 8.148434952846717 2.0279048656499636 116.128170363587 160.12466380070543 23.606467216516236 34.84018267612019 7.9881988960113945 0.0
0.7407407407407407 3.6190476190476186 0.0 0.9586459836459836 1.16984126984127 1.465986394557823 0.5819985569985571 0.0 0.4555555555555556 1.4967532467532467 1.0 0.0 0.3211880711880712 0.5833333333333334 0.25 0.5833333333333334 0.2890812890812891 1.2774109643857543 0.4796918767507003 2.388008536748033 0.9597839135654261 0.0 0.874749899959984 0.0 0.04960317460317461 0.0 0.0 9.713668194550547 1.1268217893217893 4.9251283846872065 6.043465113318053 3.5036518311028115 1.4393217893217891 0.09681372549019607 2.758080808080808 0.325 17.093386243386234 23.606467216516236 79.66576908541195 9.476241813741812 5.492870225013082 0.0
1.1632041569541567 7.250574425574426 1.2569444444444444 3.97273923992674 3.6542600131697878 1.4359550335285634 3.0009813870340194 0.05844155844155845 36.620611091776496 4.378651402709846 3.6299860853432278 0.08035714285714288 0.49203296703296706 0.5553841991341991 0.6042542016806722 1.2184542796384903 1.62581971912799 1.0471230158730158 0.06312003968253968 3.327730294396961 0.007936507936507936 0.1507936507936508 0.8328373015873015 0.0 0.9011538461538461 0.025 0.0 8.199035812672175 4.810048922369496 0.5217209690893901 5.013599741271195 2.578088578088578 3.5770984907348553 1.5106516290726812 5.481749311294766 1.2492063492063492 32.81522366307182 34.84018267612019 9.476241813741812 66.16280401924602 5.3487004378325205 0.0
0.15594769813519818 1.2991987179487179 0.052083333333333336 0.7046245421245422 0.7172494172494173 0.2181818181818182 0.3421522921522922 0.015151515151515154 0.42362213809582233 0.5135576229326229 0.05729166666666667 0.020833333333333336 0.05128205128205129 0.024906517094017096 0.010416666666666668 0.015625 0.20155721471510946 0.0 0.0 0.1692307692307692 0.0 0.02380952380952381 0.0 0.0 0.017094017094017096 0.0 0.0 0.45151515151515154 0.6136234136234137 0.03333333333333334 1.3561091686091684 0.5042735042735043 0.7523965617715617 0.12442129629629631 0.8779623154623155 0.1238425925925926 5.818775104565272 7.9881988960113945 5.492870225013082 5.3487004378325205 0.7247830741089127 0.0
1.0380952380952382 0.023809523809523808 0.0 0.25000000000000006 0.0 0.23376623376623373 0.48051948051948046 0.0 14.400000000000002 0.05494505494505495 0.0 0.0 0.3333333333333333 0.1111111111111111 0.16666666666666669 0.023809523809523808 1.0386446886446885 1.972222222222222 0.9583333333333333 0.047619047619047616 0.0 0.0 0.4583333333333333 0.0 0.0 0.0 0.0 0.6000000000000001 0.0 0.5 0.0 0.0 0.0 0.30000000000000004 0.6000000000000001 1.2000000000000002 0.0 0.0 0.0 0.0 0.0 3.0
