81.92591252304804 35.38905371181103 12.684588488173041 1.9018035842067122 0.8441507438432964 26.21771934705496 9.458958091164941 1.1541160228660228 3.5959433256801683 3.850100427568391 4.9432884517443325 0.6305091640385758 1.7145992291417127 2.2749982486195717 2.1586407533098706 6.1179045670531735 4.30652137100086 10.454364812627576 6.8144064517206075 37.00564849230291 1.3027466283716285 5.439916380959611 6.041579539621717 0.28981150793650795 3.411475098975098 2.201214526214526 0.34111111111111114 10.534284257409281 23.938363960600796 4.656328320802004 6.490482361206045 0.34523809523809523 0.11793154761904762 0.3475420321637427 0.9081944444444445 0.2050189393939394 0.04437830687830688 2.709761904761906 0.14285714285714285 0.3536139455782313 0.0 0.3333333333333333
35.38905371181103 92.71568254678621 8.84118571118281 4.705562042780825 1.399409964629263 19.388829700623113 4.401674149473103 0.7328108003108003 5.075606338965472 37.31191472283035 15.208771834245905 0.9558616546851842 5.299804999972697 10.106097719682278 1.2987169489007724 30.855814986025898 13.426664875402981 25.333588593684773 11.998531726037434 18.315025490562643 16.971043356675953 3.5532627854949275 16.588649614396054 1.5383023209733737 10.650572238219297 0.16247113997114 0.4666666666666667 21.015993877154582 18.259986642986643 7.418471440839861 5.192303821909086 7.326923076923076 0.8254537859801019 1.1814999693289168 6.330579522816365 0.06944444444444445 0.4652777777777778 27.805952380952387 6.25 5.001650849150849 0.3898601398601399 0.0
12.684588488173041 8.84118571118281 104.74897228438552 49.28414788501376 1.709955540858319 7.3808630199684115 3.806693622962005 1.1062389878849157 0.3125 28.73794893386295 12.870684428721797 12.108148073331895 24.57056037055608 1.435189195336254 0.9437704248366012 8.635830712950815 5.005518393254738 8.287925372438396 1.5773454811967451 1.0613196446669837 0.6014267571285112 3.0726651400210256 7.266355871677722 0.23829365079365078 1.9169876419876417 0.016959064327485382 0.005847953216374269 0.25545679518893805 1.9003789977529477 0.46875 0.05000000000000001 0.0 0.0 0.0 0.03611111111111111 0.0 0.6620370370370371 0.0 0.0 0.7249803767660912 0.020833333333333336 0.0
1.9018035842067122 4.705562042780825 49.28414788501376 151.20983493318604 1.9853395061728396 32.863413697464786 17.672597056305037 1.6617066144639674 3.5550055900371027 24.965034109366005 11.578933512578939 76.52436350645888 57.541919540500935 10.771220156999858 23.375888333188744 1.973959943772035 2.098572756801629 44.89768256663754 6.82306249454614 1.6968885390424842 4.7303917110090925 32.16570874585792 28.86879313005376 0.47224978537908835 15.151478601159315 1.9551979968775635 0.3806089421414499 1.439517625231911 7.169056556188909 0.29092876820149544 0.12611832611832613 0.18000000000000002 0.39611832611832615 0.0 0.05194805194805196 0.0 1.207826278659612 0.0 0.2222222222222222 2.759713203463204 0.4169642857142858 0.5893574297188755
0.8441507438432964 1.399409964629263 1.709955540858319 1.9853395061728396 16.301839985120864 12.31416540378856 11.800547684949162 0.21847041847041848 3.28603768377157 1.9689788577578828 2.455863215731637 6.373181216931217 0.6662119708994709 0.8917493386243386 2.3037892642488234 0.9249321635169209 2.2044511070887958 3.3765947394602356 0.1543872665400443 1.7943675546891926 0.6032113462669019 0.04897854203409759 3.2234752509240807 0.0 11.468854472768932 0.08854166666666666 0.0 0.2577751196172249 1.214281517190105 0.6291782086795938 1.2312515739108532 0.0 0.014354066985645933 2.782688344665491 1.034688995215311 0.0 0.7393465144342337 0.0 0.0 2.785709606809232 0.0 0.0
26.21771934705496 19.388829700623113 7.3808630199684115 32.863413697464786 12.31416540378856 134.22834631865135 44.67624636636443 1.4909779109779109 2.974818555905331 10.928490040845436 9.168018943261908 9.420840754080732 14.337350307532704 29.22906310364494 32.076660598068486 10.364603599158553 5.102106733958602 181.71347960317084 35.656668455460256 23.12797511302682 17.349270110370306 39.2734187434455 122.31962297817361 6.025388175473557 86.09662277882092 19.440671643171637 4.388949013949014 12.468319775462632 8.787330500635175 1.5112345596133194 5.414259322548796 1.8901190476190477 0.3593073593073593 1.1783814608986234 2.273086173086173 0.14132630654369785 1.9639562289562291 0.0 1.1687852491423922 1.9391991341991348 0.24602064602064602 0.3333333333333333
9.458958091164941 4.401674149473103 3.806693622962005 17.672597056305037 11.800547684949162 44.67624636636443 19.71201312635983 0.7690883299706828 5.298369511239398 2.4579274649785487 1.4776500073713694 7.776104886399002 2.4500382236227827 1.4980763245469129 7.576474359654505 2.195916258008281 4.926672471179352 9.189406005872192 5.043271157754691 4.063074803020624 1.0755650766345952 7.526216866413682 5.244405398191105 0.1547619047619048 45.796457864747396 5.8545866402116395 0.5747474747474748 1.0691387559808612 10.697584207361993 2.26784779932287 2.234157275665241 0.0 0.18102073365231258 3.649677977839333 3.3272575377838534 0.0 2.338137892808945 0.15000000000000002 0.16666666666666666 4.078237654158707 0.08376068376068377 0.0
1.1541160228660228 0.7328108003108003 1.1062389878849157 1.6617066144639674 0.21847041847041848 1.4909779109779109 0.7690883299706828 0.019903173749327596 0.011538461538461539 0.47751304251304244 0.24814393939393942 0.5305146922793982 0.2666601916601916 0.05113636363636363 0.07982954545454546 0.26038905538905543 0.06001984126984127 0.432739956122309 0.15389915639915638 0.03561327561327562 0.003968253968253968 0.16042984792984794 0.2771092796092796 0.0 0.5215617715617715 0.08174603174603175 0.0 0.004166666666666667 0.33985042735042736 0.08333333333333334 0.0 0.0 0.0 0.01388888888888889 0.0 0.005555555555555556 0.07196969696969698 0.0 0.0 0.08133533133533134 0.015151515151515154 0.0
3.5959433256801683 5.075606338965472 0.3125 3.5550055900371027 3.28603768377157 2.974818555905331 5.298369511239398 0.011538461538461539 62.90028064692501 12.612107657196107 10.116196747377641 4.2202589621707265 23.039057767629195 0.48392857142857143 5.42570310552577 2.13660505007458 11.677853949944073 1.8211967856704698 0.006410256410256411 1.585667490404333 2.166666666666667 0.1826923076923077 0.2648448043184885 0.006410256410256411 1.9845208833134536 0.125 0.0 1.0213737578211264 13.917976310393218 1.120743195708569 4.5236945572125675 3.005952380952381 1.7449632604237868 1.6702559071430279 1.6368371686792742 0.8343686868686869 2.8912900841848215 1.041666666666667 0.3472222222222222 29.080063040551757 0.5262708052181736 0.0
3.850100427568391 37.31191472283035 28.73794893386295 24.965034109366005 1.9689788577578828 10.928490040845436 2.4579274649785487 0.47751304251304244 12.612107657196107 101.26318279940925 56.34845639560681 13.848180133533829 29.16517521097217 10.76139576095846 3.5791155603655604 18.29060279115577 16.421982585217044 20.291178161792356 5.062293255241769 2.424383637939924 3.9221565600037813 8.83739575439968 16.336006683626252 0.952935606060606 7.70585414585414 0.7994227994227994 0.0 11.62305328509874 14.455065176715895 1.1478148911163262 1.2571955025304307 3.474025974025973 0.7140193804069402 1.8485562390825552 2.936635326396092 0.37301587301587297 0.6116013307679975 0.0 0.7597402597402598 6.392781315005338 0.13782051282051283 0.2333333333333333
4.9432884517443325 15.208771834245905 12.870684428721797 11.578933512578939 2.455863215731637 9.168018943261908 1.4776500073713694 0.24814393939393942 10.116196747377641 56.34845639560681 113.08773482586508 17.380881291910697 103.53284201174398 2.5064217114584757 3.918353970376029 3.995861294922827 35.53418127909365 8.3069650937298 2.0326388888888887 0.34067460317460324 8.673435592185596 2.0658959096459095 10.681553724053723 0.3390376984126985 4.895970002220002 0.0 0.0625 1.890588578088578 6.824389353336723 0.4476817042606516 0.40601503759398494 0.380952380952381 0.1904761904761905 1.2170577960051645 0.7288461538461539 0.0 0.09761904761904763 0.0 0.0 2.0796310832025116 0.21474358974358976 0.0
0.6305091640385758 0.9558616546851842 12.108148073331895 76.52436350645888 6.373181216931217 9.420840754080732 7.776104886399002 0.5305146922793982 4.2202589621707265 13.848180133533829 17.380881291910697 55.18604798684492 30.252603943484957 5.999065981552615 27.043074172256542 0.35475415923945336 2.4043646372690493 7.0499414370537385 0.5494602782838077 1.2333969298675183 1.7643347937465585 10.798079286104496 6.658488425814629 0.0 13.9057440684828 0.15892255892255894 0.12644300144300144 1.95 3.439565826330533 0.0 0.5737373737373738 0.8700000000000001 1.8787373737373738 0.0 0.0 0.0 0.04166666666666667 0.0 0.0 0.36607142857142855 0.020833333333333336 0.0
1.7145992291417127 5.299804999972697 24.57056037055608 57.541919540500935 0.6662119708994709 14.337350307532704 2.4500382236227827 0.2666601916601916 23.039057767629195 29.16517521097217 103.53284201174398 30.252603943484957 124.24322802900906 5.347173424795974 8.639718380067647 1.1553907451783267 13.794089178017751 20.28788906532478 1.423329202243246 1.437985266518763 2.471535913935724 5.333542399300405 18.5194545372721 0.5257364163614163 13.14959800444984 0.3485380116959064 0.08187134502923976 0.0 1.3222222222222222 0.07713498622589532 0.36363636363636365 0.15000000000000002 0.5886363636363636 0.0 0.0 0.0 0.0617283950617284 0.0 0.0 1.3440476190476192 0.125 0.0
2.2749982486195717 10.106097719682278 1.435189195336254 10.771220156999858 0.8917493386243386 29.22906310364494 1.4980763245469129 0.05113636363636363 0.48392857142857143 10.76139576095846 2.5064217114584757 5.999065981552615 5.347173424795974 18.404780842638594 17.0388754809098 4.45447179182473 0.8499477850580791 38.509846356187325 7.868669483506204 9.542475437542693 14.008081788624187 12.287503959870945 21.65787595974026 0.7803501010055889 12.821033891810657 1.6529536821203485 0.05555555555555555 7.077370272004417 0.890364357864358 0.45515873015873015 0.8647366522366523 0.5625 0.02777777777777778 0.09924242424242424 1.0076923076923077 0.0 0.020833333333333332 0.0 0.0625 1.0258928571428572 0.09160839160839161 0.0
2.1586407533098706 1.2987169489007724 0.9437704248366012 23.375888333188744 2.3037892642488234 32.076660598068486 7.576474359654505 0.07982954545454546 5.42570310552577 3.5791155603655604 3.918353970376029 27.043074172256542 8.639718380067647 17.0388754809098 31.061301980270947 2.082972970656794 1.840803446961535 21.44540156477692 2.0857906191831743 1.382128716871364 3.6997016291775995 6.062374679216416 16.941633589823795 0.4462568681318681 23.433920932592166 2.787742504409171 0.9342071508738177 2.6752185314685315 5.66140873015873 0.4583333333333333 0.0 0.09523809523809525 0.21428571428571427 0.6388888888888888 0.6666666666666666 0.0 0.020833333333333336 0.0 0.0 0.8735119047619048 0.010416666666666668 0.16666666666666669
6.1179045670531735 30.855814986025898 8.635830712950815 1.973959943772035 0.9249321635169209 10.364603599158553 2.195916258008281 0.26038905538905543 2.13660505007458 18.29060279115577 3.995861294922827 0.35475415923945336 1.1553907451783267 4.45447179182473 2.082972970656794 6.742765506156616 7.298534047075166 10.224537702765641 3.6513459084631665 3.309200547717963 2.5664286159746674 2.2605350899100904 7.398352088443034 0.5572484335839599 6.900537170947388 0.22968253968253965 0.2 3.0761027094250784 7.2060465354897465 0.46367292679619554 1.1906072497831495 5.1101190476190474 0.1047846889952153 1.5752583462244139 0.4512968756389809 0.4325396825396825 0.23205583402951824 0.0 0.5625 2.1920967190704035 0.009615384615384616 0.09999999999999999
4.30652137100086 13.426664875402981 5.005518393254738 2.098572756801629 2.2044511070887958 5.102106733958602 4.926672471179352 0.06001984126984127 11.677853949944073 16.421982585217044 35.53418127909365 2.4043646372690493 13.794089178017751 0.8499477850580791 1.840803446961535 7.298534047075166 23.059638410426718 1.1918140433615392 1.1679559878275034 2.853889092650325 1.689804671712337 0.6004552222495424 2.053724648548838 0.10384001161440187 8.062403743916892 0.0 0.2077922077922078 1.666540347909319 2.6478915705716255 0.6169524688915268 0.8755800985717876 5.904761904761904 0.05240373661426293 1.6822449415004832 2.743164730006835 0.10222222222222224 0.2084278879015721 0.7714285714285714 2.857142857142857 2.0663136831839846 0.3785885167464115 0.08333333333333334
10.454364812627576 25.333588593684773 8.287925372438396 44.89768256663754 3.3765947394602356 181.71347960317084 9.189406005872192 0.432739956122309 1.8211967856704698 20.291178161792356 8.3069650937298 7.0499414370537385 20.28788906532478 38.509846356187325 21.44540156477692 10.224537702765641 1.1918140433615392 310.2584559515999 178.50330106856748 59.05612632099212 88.85535492216559 88.85951352307495 359.7354805410137 11.68915735600267 12.28893377755839 12.274989461074988 0.935648148148148 59.65082194317807 5.8270495528717765 4.2261062794966655 9.424773862660313 1.0476190476190477 0.25674325674325676 0.5238852800678987 4.590043761816015 0.33798309178743957 0.292526455026455 1.0823062558356678 0.6182139522475658 0.8840097402597402 0.32139581882966006 0.33333333333333337
6.8144064517206075 11.998531726037434 1.5773454811967451 6.82306249454614 0.1543872665400443 35.656668455460256 5.043271157754691 0.15389915639915638 0.006410256410256411 5.062293255241769 2.0326388888888887 0.5494602782838077 1.423329202243246 7.868669483506204 2.0857906191831743 3.6513459084631665 1.1679559878275034 178.50330106856748 54.082852347011055 29.68065909990806 40.45939785910565 27.9733306922127 107.53616588866093 8.519637497910152 2.0589873477333067 3.9338217727691416 0.6709595959595959 19.78630149573072 3.607613853802089 1.4929272078894924 2.76289681427011 1.3969780219780221 0.1778846153846154 0.36185269023210515 2.570132191904445 0.16032608695652173 0.14405270655270655 2.51607322416146 0.4505703990998109 0.13972069597069597 0.20491230234614355 0.0
37.00564849230291 18.315025490562643 1.0613196446669837 1.6968885390424842 1.7943675546891926 23.12797511302682 4.063074803020624 0.03561327561327562 1.585667490404333 2.424383637939924 0.34067460317460324 1.2333969298675183 1.437985266518763 9.542475437542693 1.382128716871364 3.309200547717963 2.853889092650325 59.05612632099212 29.68065909990806 54.656377263047766 38.436889730692705 10.98865059497744 26.987798506046616 1.5534768554342724 1.9602276551646305 0.6369291819291819 0.07103174603174604 67.70519142894142 47.66921552570238 10.838166731234164 33.52534111356481 20.575333000333 6.962258574758577 1.7548947835789945 8.062562067562066 0.0 5.231653716653716 19.78425185925186 5.7611393236393225 1.0915118215118218 0.4730769230769231 1.0
1.3027466283716285 16.971043356675953 0.6014267571285112 4.7303917110090925 0.6032113462669019 17.349270110370306 1.0755650766345952 0.003968253968253968 2.166666666666667 3.9221565600037813 8.673435592185596 1.7643347937465585 2.471535913935724 14.008081788624187 3.6997016291775995 2.5664286159746674 1.689804671712337 88.85535492216559 40.45939785910565 38.436889730692705 64.35330148067393 11.844634420476444 54.7758106157244 2.6941516127845833 6.500825768615577 2.3123949579831926 0.6344834903658433 28.8055496669561 8.346792067671892 10.131794097733136 10.756326458892616 4.75 2.7764485514485515 0.6673385355622725 5.068801099995968 0.0 2.066402116402116 8.767857142857142 0.9844104308390023 2.3909632034632033 0.5314563377013257 0.0
5.439916380959611 3.5532627854949275 3.0726651400210256 32.16570874585792 0.04897854203409759 39.2734187434455 7.526216866413682 0.16042984792984794 0.1826923076923077 8.83739575439968 2.0658959096459095 10.798079286104496 5.333542399300405 12.287503959870945 6.062374679216416 2.2605350899100904 0.6004552222495424 88.85951352307495 27.9733306922127 10.98865059497744 11.844634420476444 56.755125791419786 61.83949044225592 2.3854869526065925 4.44468611124137 5.864925182507741 1.236604490280961 9.044095686059972 0.4287863887320409 0.0 0.6459325396825397 0.3571428571428572 0.0 0.11594202898550723 0.6011396011396011 0.024154589371980676 0.1044973544973545 0.0 0.07142857142857144 0.1607142857142857 0.07509157509157509 0.0030120481927710845
6.041579539621717 16.588649614396054 7.266355871677722 28.86879313005376 3.2234752509240807 122.31962297817361 5.244405398191105 0.2771092796092796 0.2648448043184885 16.336006683626252 10.681553724053723 6.658488425814629 18.5194545372721 21.65787595974026 16.941633589823795 7.398352088443034 2.053724648548838 359.7354805410137 107.53616588866093 26.987798506046616 54.7758106157244 61.83949044225592 143.3388944001401 8.713164826939805 8.386404754553178 4.268395376147568 0.41979797979797984 29.454427420727942 4.458127183639599 3.8523815557554952 3.8534109020455185 1.0476190476190477 0.02597402597402598 0.3429441338082489 0.9620310122916378 0.07004830917874395 0.18141534391534392 0.9364379084967319 0.8840091592192434 0.2131306193806194 0.04695165833898793 0.06967871485943775
0.28981150793650795 1.5383023209733737 0.23829365079365078 0.47224978537908835 0.0 6.025388175473557 0.1547619047619048 0.0 0.006410256410256411 0.952935606060606 0.3390376984126985 0.0 0.5257364163614163 0.7803501010055889 0.4462568681318681 0.5572484335839599 0.10384001161440187 11.68915735600267 8.519637497910152 1.5534768554342724 2.6941516127845833 2.3854869526065925 8.713164826939805 0.2104670789595896 2.181510552939124 0.4633333333333333 0.39476190476190476 0.7804591962431685 0.33087170765742197 0.9153182234432234 0.395425407925408 0.6826923076923077 0.10096153846153846 0.006410256410256411 0.4576923076923077 0.0 0.07692307692307693 0.2641941391941392 0.04967948717948718 0.010256410256410258 0.038461538461538464 0.0
3.411475098975098 10.650572238219297 1.9169876419876417 15.151478601159315 11.468854472768932 86.09662277882092 45.796457864747396 0.5215617715617715 1.9845208833134536 7.70585414585414 4.895970002220002 13.9057440684828 13.14959800444984 12.821033891810657 23.433920932592166 6.900537170947388 8.062403743916892 12.28893377755839 2.0589873477333067 1.9602276551646305 6.500825768615577 4.44468611124137 8.386404754553178 2.181510552939124 123.77980480829206 14.621872810377711 14.263477798526818 0.31883116883116885 23.209764230652382 5.614778854850625 2.2851390312903472 1.7866666666666666 1.3684613997113997 8.584468700159489 13.02792809042809 0.024242424242424246 0.934351343101343 0.2 0.05555555555555555 6.831839271839257 0.1420940170940171 0.0
2.201214526214526 0.16247113997114 0.016959064327485382 1.9551979968775635 0.08854166666666666 19.440671643171637 5.8545866402116395 0.08174603174603175 0.125 0.7994227994227994 0.0 0.15892255892255894 0.3485380116959064 1.6529536821203485 2.787742504409171 0.22968253968253965 0.0 12.274989461074988 3.9338217727691416 0.6369291819291819 2.3123949579831926 5.864925182507741 4.268395376147568 0.4633333333333333 14.621872810377711 25.463114146655816 3.48567901234568 0.0 1.17 0.0 0.19841269841269843 0.0 0.0 0.0 0.009259259259259259 0.0 0.125 0.0 0.46153846153846156 0.0 0.0 0.0
0.34111111111111114 0.4666666666666667 0.005847953216374269 0.3806089421414499 0.0 4.388949013949014 0.5747474747474748 0.0 0.0 0.0 0.0625 0.12644300144300144 0.08187134502923976 0.05555555555555555 0.9342071508738177 0.2 0.2077922077922078 0.935648148148148 0.6709595959595959 0.07103174603174604 0.6344834903658433 1.236604490280961 0.41979797979797984 0.39476190476190476 14.263477798526818 3.48567901234568 0.6869047619047618 0.0 1.2 0.0 0.0 0.0 0.0 0.0 0.0 0.0 0.0 0.0 0.0 0.0 0.0 0.0
10.534284257409281 21.015993877154582 0.25545679518893805 1.439517625231911 0.2577751196172249 12.468319775462632 1.0691387559808612 0.004166666666666667 1.0213737578211264 11.62305328509874 1.890588578088578 1.95 0.0 7.077370272004417 2.6752185314685315 3.0761027094250784 1.666540347909319 59.65082194317807 19.78630149573072 67.70519142894142 28.8055496669561 9.044095686059972 29.454427420727942 0.7804591962431685 0.31883116883116885 0.0 0.0 164.6619343091034 82.02240658862677 44.53846055260528 31.309171285917692 19.438441558441557 8.528873717988551 1.5652208537076955 8.51315335382321 0.4617340067340067 1.7954545454545454 22.142665343915283 5.057780182780182 4.683053310326037 0.39972804972804976 0.25
23.938363960600796 18.259986642986643 1.9003789977529477 7.169056556188909 1.214281517190105 8.787330500635175 10.697584207361993 0.33985042735042736 13.917976310393218 14.455065176715895 6.824389353336723 3.439565826330533 1.3222222222222222 0.890364357864358 5.66140873015873 7.2060465354897465 2.6478915705716255 5.8270495528717765 3.607613853802089 47.66921552570238 8.346792067671892 0.4287863887320409 4.458127183639599 0.33087170765742197 23.209764230652382 1.17 1.2 82.02240658862677 207.28167196527275 13.96473366430429 58.14749786448489 39.479671717171726 18.36645057834576 6.81866579312692 4.6945782848862985 0.9249842171717171 10.580949532923213 33.94583333333333 3.9241161616161615 2.385720292466704 0.14038461538461539 0.0
4.656328320802004 7.418471440839861 0.46875 0.29092876820149544 0.6291782086795938 1.5112345596133194 2.26784779932287 0.08333333333333334 1.120743195708569 1.1478148911163262 0.4476817042606516 0.0 0.07713498622589532 0.45515873015873015 0.4583333333333333 0.46367292679619554 0.6169524688915268 4.2261062794966655 1.4929272078894924 10.838166731234164 10.131794097733136 0.0 3.8523815557554952 0.9153182234432234 5.614778854850625 0.0 0.0 44.53846055260528 13.96473366430429 51.61697335443874 24.705100847136848 14.307440476190475 6.150649825320877 2.1543863242789834 20.124165235349448 0.12638888888888888 3.481704260651629 17.718650793650788 5.282572751322752 3.738392017339385 0.44316239316239314 1.1666666666666665
6.490482361206045 5.192303821909086 0.05000000000000001 0.12611832611832613 1.2312515739108532 5.414259322548796 2.234157275665241 0.0 4.5236945572125675 1.2571955025304307 0.40601503759398494 0.5737373737373738 0.36363636363636365 0.8647366522366523 0.0 1.1906072497831495 0.8755800985717876 9.424773862660313 2.76289681427011 33.52534111356481 10.756326458892616 0.6459325396825397 3.8534109020455185 0.395425407925408 2.2851390312903472 0.19841269841269843 0.0 31.309171285917692 58.14749786448489 24.705100847136848 71.71254152795854 47.92796661671664 44.205475172173 6.3909891467124 14.322977390653827 1.827814050593656 16.92645950540688 48.52174349773035 6.234675047175046 5.589053691523787 1.2952991452991454 0.0
0.34523809523809523 7.326923076923076 0.0 0.18000000000000002 0.0 1.8901190476190477 0.0 0.0 3.005952380952381 3.474025974025973 0.380952380952381 0.8700000000000001 0.15000000000000002 0.5625 0.09523809523809525 5.1101190476190474 5.904761904761904 1.0476190476190477 1.3969780219780221 20.575333000333 4.75 0.3571428571428572 1.0476190476190477 0.6826923076923077 1.7866666666666666 0.0 0.0 19.438441558441557 39.479671717171726 14.307440476190475 47.92796661671664 121.39756613756612 22.66260822510822 2.7978327228327227 9.274681984681983 2.538333333333333 12.48611111111111 32.023611111111116 13.862500000000002 1.706060606060606 0.150997150997151 0.0
0.11793154761904762 0.8254537859801019 0.0 0.39611832611832615 0.014354066985645933 0.3593073593073593 0.18102073365231258 0.0 1.7449632604237868 0.7140193804069402 0.1904761904761905 1.8787373737373738 0.5886363636363636 0.02777777777777778 0.21428571428571427 0.1047846889952153 0.05240373661426293 0.25674325674325676 0.1778846153846154 6.962258574758577 2.7764485514485515 0.0 0.02597402597402598 0.10096153846153846 1.3684613997113997 0.0 0.0 8.528873717988551 18.36645057834576 6.150649825320877 44.205475172173 22.66260822510822 33.21028300084501 3.3088860677882064 6.632554594030371 0.6044860612706007 7.776704545454547 16.944490131578952 4.136318542568542 2.011169118129345 0.7229166666666667 0.0
0.3475420321637427 1.1814999693289168 0.0 0.0 2.782688344665491 1.1783814608986234 3.649677977839333 0.01388888888888889 1.6702559071430279 1.8485562390825552 1.2170577960051645 0.0 0.0 0.09924242424242424 0.6388888888888888 1.5752583462244139 1.6822449415004832 0.5238852800678987 0.36185269023210515 1.7548947835789945 0.6673385355622725 0.11594202898550723 0.3429441338082489 0.006410256410256411 8.584468700159489 0.0 0.0 1.5652208537076955 6.81866579312692 2.1543863242789834 6.3909891467124 2.7978327228327227 3.3088860677882064 1.8447611515451499 3.218789118410829 0.07508680555555555 0.854869625988047 2.2710870726495727 0.29594017094017094 1.0710876093935304 0.02377136752136752 0.0
0.9081944444444445 6.330579522816365 0.03611111111111111 0.05194805194805196 1.034688995215311 2.273086173086173 3.3272575377838534 0.0 1.6368371686792742 2.936635326396092 0.7288461538461539 0.0 0.0 1.0076923076923077 0.6666666666666666 0.4512968756389809 2.743164730006835 4.590043761816015 2.570132191904445 8.062562067562066 5.068801099995968 0.6011396011396011 0.9620310122916378 0.4576923076923077 13.02792809042809 0.009259259259259259 0.0 8.51315335382321 4.6945782848862985 20.124165235349448 14.322977390653827 9.274681984681983 6.632554594030371 3.218789118410829 22.243988666282334 0.49754995126705664 2.940151515151515 12.022509398496238 2.5399831649831652 5.255390758231667 0.3472222222222222 0.0
0.2050189393939394 0.06944444444444445 0.0 0.0 0.0 0.14132630654369785 0.0 0.005555555555555556 0.8343686868686869 0.37301587301587297 0.0 0.0 0.0 0.0 0.0 0.4325396825396825 0.10222222222222224 0.33798309178743957 0.16032608695652173 0.0 0.0 0.024154589371980676 0.07004830917874395 0.0 0.024242424242424246 0.0 0.0 0.4617340067340067 0.9249842171717171 0.12638888888888888 1.827814050593656 2.538333333333333 0.6044860612706007 0.07508680555555555 0.49754995126705664 0.23335069444444448 0.0625 0.32789351851851856 0.0 1.753125 0.06944444444444445 0.0
0.04437830687830688 0.4652777777777778 0.6620370370370371 1.207826278659612 0.7393465144342337 1.9639562289562291 2.338137892808945 0.07196969696969698 2.8912900841848215 0.6116013307679975 0.09761904761904763 0.04166666666666667 0.0617283950617284 0.020833333333333332 0.020833333333333336 0.23205583402951824 0.2084278879015721 0.292526455026455 0.14405270655270655 5.231653716653716 2.066402116402116 0.1044973544973545 0.18141534391534392 0.07692307692307693 0.934351343101343 0.125 0.0 1.7954545454545454 10.580949532923213 3.481704260651629 16.92645950540688 12.48611111111111 7.776704545454547 0.854869625988047 2.940151515151515 0.0625 25.462493967645784 20.029318366818362 7.571498871498871 7.954275305216601 5.202049262778005 0.0
2.709761904761906 27.805952380952387 0.0 0.0 0.0 0.0 0.15000000000000002 0.0 1.041666666666667 0.0 0.0 0.0 0.0 0.0 0.0 0.0 0.7714285714285714 1.0823062558356678 2.51607322416146 19.78425185925186 8.767857142857142 0.0 0.9364379084967319 0.2641941391941392 0.2 0.0 0.0 22.142665343915283 33.94583333333333 17.718650793650788 48.52174349773035 32.023611111111116 16.944490131578952 2.2710870726495727 12.022509398496238 0.32789351851851856 20.029318366818362 106.27403439153457 17.976653439153438 16.48366772116772 2.979684667184667 0.0
0.14285714285714285 6.25 0.0 0.2222222222222222 0.0 1.1687852491423922 0.16666666666666666 0.0 0.3472222222222222 0.7597402597402598 0.0 0.0 0.0 0.0625 0.0 0.5625 2.857142857142857 0.6182139522475658 0.4505703990998109 5.7611393236393225 0.9844104308390023 0.07142857142857144 0.8840091592192434 0.04967948717948718 0.05555555555555555 0.46153846153846156 0.0 5.057780182780182 3.9241161616161615 5.282572751322752 6.234675047175046 13.862500000000002 4.136318542568542 0.29594017094017094 2.5399831649831652 0.0 7.571498871498871 17.976653439153438 41.17659674981104 4.138665501165501 2.9831007616721896 0.25
0.3536139455782313 5.001650849150849 0.7249803767660912 2.759713203463204 2.785709606809232 1.9391991341991348 4.078237654158707 0.08133533133533134 29.080063040551757 6.392781315005338 2.0796310832025116 0.36607142857142855 1.3440476190476192 1.0258928571428572 0.8735119047619048 2.1920967190704035 2.0663136831839846 0.8840097402597402 0.13972069597069597 1.0915118215118218 2.3909632034632033 0.1607142857142857 0.2131306193806194 0.010256410256410258 6.831839271839257 0.0 0.0 4.683053310326037 2.385720292466704 3.738392017339385 5.589053691523787 1.706060606060606 2.011169118129345 1.0710876093935304 5.255390758231667 1.753125 7.954275305216601 16.48366772116772 4.138665501165501 45.63725852519035 2.6477141139337492 0.0
0.0 0.3898601398601399 0.020833333333333336 0.4169642857142858 0.0 0.24602064602064602 0.08376068376068377 0.015151515151515154 0.5262708052181736 0.13782051282051283 0.21474358974358976 0.020833333333333336 0.125 0.09160839160839161 0.010416666666666668 0.009615384615384616 0.3785885167464115 0.32139581882966006 0.20491230234614355 0.4730769230769231 0.5314563377013257 0.07509157509157509 0.04695165833898793 0.038461538461538464 0.1420940170940171 0.0 0.0 0.39972804972804976 0.14038461538461539 0.44316239316239314 1.2952991452991454 0.150997150997151 0.7229166666666667 0.02377136752136752 0.3472222222222222 0.06944444444444445 5.202049262778005 2.979684667184667 2.9831007616721896 2.6477141139337492 0.8395169890597162 0.0
0.3333333333333333 0.0 0.0 0.5893574297188755 0.0 0.3333333333333333 0.0 0.0 0.0 0.2333333333333333 0.0 0.0 0.0 0.0 0.16666666666666669 0.09999999999999999 0.08333333333333334 0.33333333333333337 0.0 1.0 0.0 0.0030120481927710845 0.06967871485943775 0.0 0.0 0.0 0.0 0.25 0.0 1.1666666666666665 0.0 0.0 0.0 0.0 0.0 0.0 0.0 0.0 0.25 0.0 0.0 2.583333333333333
