15.323976195486608 19.830291031719597 6.557329398996066 0.39540598290598294 0.5459280303030303 5.593988332512493 3.2731821895424837 0.08819749694749696 1.494160067873303 6.0962489527668104 3.3242826617826613 0.0 1.5878065221815223 0.4158711080586081 0.11284722222222221 3.6790952334702336 1.094012515262515 10.61360398860399 1.5352747252747252 3.83 0.44788156288156294 0.26533882783882784 5.3504426129426115 0.2767857142857143 2.915248150542268 0.4666666666666667 0.0 1.2851686507936506 9.580427789802789 0.08854166666666666 0.006944444444444444 0.0 0.0 0.13657407407407407 0.32499999999999996 0.05462962962962963 0.15714285714285717 0.06666666666666667 0.13333333333333333 0.011011904761904761 0.0 0.0
19.830291031719597 89.54003165485308 5.559878620057192 0.7426531801531803 0.32386363636363635 4.263987678404695 1.1222880605233545 0.5691117216117216 3.9621753246753246 58.2016031785675 14.451037087912088 0.06136363636363637 2.1887898212898214 4.081740075642515 0.42336309523809523 31.254038891003173 9.720237970024556 10.659273764853031 6.177162748046894 4.566481481481482 5.206429080179081 2.10769462019462 8.059729146192561 0.9968641114982579 2.022543632837751 0.15000000000000002 0.0 6.572763833388833 13.349165371665375 5.394047619047618 0.4496753246753247 1.8333333333333335 0.2095959595959596 2.6266534391534386 1.2883838383838382 1.0951058201058201 4.4625 12.631944444444443 0.8285714285714285 4.041593822843823 0.5193452380952381 0.2228571428571429
6.557329398996066 5.559878620057192 55.00593141663655 13.36010702260702 1.8467261904761902 0.5891812387348103 2.350694444444444 0.9822931342162113 0.6096611721611721 34.5699516620945 7.820535853035855 2.5050505050505047 13.191861009361 1.0043701899951907 0.5673421717171717 5.676239223739223 3.2808273670773676 4.817788461538463 1.1653568653568653 0.15018315018315018 0.38752543752543755 0.5771367521367522 3.7718457468457465 0.03571428571428572 1.2491101491101495 0.0 0.0 1.6733630952380953 0.7144841269841271 2.5381944444444446 0.0 0.0 0.0 0.1388888888888889 0.0 0.05555555555555555 1.6761904761904767 0.0 0.0 0.23660714285714285 0.03125 0.0
0.39540598290598294 0.7426531801531803 13.36010702260702 39.37229922377214 1.2230859053227476 7.259751505108649 4.981626808863651 0.2643939393939394 0.3621322537112011 6.176667473940202 4.354569319569319 17.031544824423612 29.457446413014612 8.995064977757286 5.91835456210456 1.2846613912403388 0.951628066540347 10.579289824975916 2.4981635014452346 1.0382127209858303 0.8493369028921711 9.511493280775577 13.305471225274959 0.1989010989010989 2.657306570021796 0.0992156862745098 0.12254901960784313 0.6952380952380953 1.7390553306342778 0.29652663922998845 0.7647773279352228 0.0 0.0 0.16194331983805668 0.0 0.3181818181818182 0.41923076923076924 0.020833333333333332 0.06363636363636363 0.2153846153846154 0.0 0.15
0.5459280303030303 0.32386363636363635 1.8467261904761902 1.2230859053227476 2.2093675033127074 6.524276373781019 7.306557242868696 0.045454545454545456 4.225219084863856 1.3965493278651182 2.2921052631578953 0.607638888888889 0.9633026695526696 0.767914979757085 0.9139143536202361 0.6817405355494002 1.8172209980693368 1.315306048118548 0.17692307692307693 0.1666995614035088 0.142332995951417 0.2834249084249084 0.4245592948717949 0.005208333333333334 5.2210195214142505 0.32662337662337665 0.0 0.15789473684210525 0.676357760429783 0.712987650046168 2.0357298749265524 0.0 0.16866028708133973 1.693790397045246 0.0 0.22727272727272727 2.812117794486215 0.0 0.045454545454545456 2.287406015037595 0.0 0.0
5.593988332512493 4.263987678404695 0.5891812387348103 7.259751505108649 6.524276373781019 79.70471764373049 24.594494744734707 0.7531364784205696 2.1934401099416574 5.306540349792225 2.3253968253968256 4.89617280867281 2.354112674984524 15.27590054736975 6.245022886512095 4.321862334114926 1.6067647559768705 88.2476358680348 22.815780516539927 4.317674053716619 5.698546789187955 10.348687262394362 37.656125641196404 2.8370417837785946 31.44381799912629 6.149843850380934 0.1824016563146998 6.787558621933619 0.9384100587603464 1.4396616541353384 2.9965852860589717 0.0 0.0 1.0307017543859647 0.07625272331154684 0.8363000635727909 1.0104081632653061 0.16666666666666666 1.1860983172671484 1.2752100840336138 0.0 0.03571428571428572
3.2731821895424837 1.1222880605233545 2.350694444444444 4.981626808863651 7.306557242868696 24.594494744734707 7.559486282881946 0.297979797979798 3.562919954685476 1.210001708817499 3.292105263157895 2.421527777777777 0.5494931457431458 1.8724021592442641 1.7426757066462948 3.0000669889377747 2.238138063460086 7.09219487552208 1.4007493894993897 2.406625642947238 0.47823043184885294 0.08653846153846154 3.2845549256027198 0.005208333333333334 16.798811321117807 0.9218831168831169 0.0 0.15789473684210525 1.5284343805515153 0.9729657202216061 3.6194926673242107 0.225 0.7405352870813398 3.450506405817176 0.0659041394335512 0.6818181818181819 2.7199253021046474 0.0 0.2540106951871658 3.860459595444119 0.06737053795877325 0.05
0.08819749694749696 0.5691117216117216 0.9822931342162113 0.2643939393939394 0.045454545454545456 0.7531364784205696 0.297979797979798 0.026015942099858184 0.020860389610389614 0.1626190476190476 0.05 0.10606060606060606 0.0008928571428571427 0.09646079699433358 0.09933138200183654 0.14993589743589747 0.05254826935813632 0.7378214942239333 0.4777870165065287 0.047435897435897434 0.046571484071484065 0.06677350427350427 0.6112344126063638 0.008468834688346883 0.08585858585858586 0.022979797979797982 0.0 0.0731737012987013 0.062003968253968256 0.0 0.09090909090909091 0.0 0.0 0.06944444444444445 0.0 0.05243342516069789 0.0 0.0 0.008264462809917356 0.12678571428571428 0.0 0.0
1.494160067873303 3.9621753246753246 0.6096611721611721 0.3621322537112011 4.225219084863856 2.1934401099416574 3.562919954685476 0.020860389610389614 37.39925735812713 6.799136849992107 7.284548940696384 1.2333333333333334 18.213876678876673 0.7612830152303836 0.7403106697224344 1.7624510415715406 3.5971103077439586 0.8269800569800569 0.8859544159544158 0.33521929824561414 1.2880604288499022 0.0 0.4757692307692308 0.4171296296296296 2.858189251409064 0.020000000000000004 0.0 8.382808115373903 4.637384499926051 0.7126474079936683 3.2136309273982397 0.0 0.5112200956937799 3.1537801741195106 1.0955555555555554 0.1524170274170274 1.9467498875393614 0.0 0.018181818181818184 8.859254822036766 0.1341880341880342 0.05
6.0962489527668104 58.2016031785675 34.5699516620945 6.176667473940202 1.3965493278651182 5.306540349792225 1.210001708817499 0.1626190476190476 6.799136849992107 110.33614551123486 37.27251484626485 1.5215138396956576 9.857547666979485 9.717233669108666 2.4083225108225106 51.531059114235816 22.41134176808991 13.5136439583808 10.83989871865812 0.8156746031746032 5.00040748933606 2.9505618384804984 8.103323591613064 0.1443027210884354 3.291850371850367 0.0 0.0 9.11664862914863 3.37299119009645 3.96367226606461 0.664813549024075 0.5 0.05555555555555556 1.4805764411027582 0.18181818181818182 0.42380952380952386 1.5846428571428575 4.423611111111111 0.26666666666666666 2.0634523809523815 0.22916666666666666 0.0
3.3242826617826613 14.451037087912088 7.820535853035855 4.354569319569319 2.2921052631578953 2.3253968253968256 3.292105263157895 0.05 7.284548940696384 37.27251484626485 31.343508297258293 5.066125541125542 23.27069812132311 5.731903998779003 0.18878787878787878 7.895919314603522 20.61356049286971 12.254313186813185 0.9547619047619047 0.9799603174603174 6.781105006105005 2.144230769230769 13.736538461538464 0.41607142857142865 4.2254745254745245 0.0 0.0 0.4166666666666667 1.0651530669622773 0.5614035087719298 0.5752923976608186 0.0 0.0 1.6812865497076022 0.0 0.11111111111111109 1.561904761904762 0.0 0.0 1.6911675824175822 0.0 0.0
0.0 0.06136363636363637 2.5050505050505047 17.031544824423612 0.607638888888889 4.89617280867281 2.421527777777777 0.10606060606060606 1.2333333333333334 1.5215138396956576 5.066125541125542 21.85933942600609 25.61512014080196 2.9696086321086317 7.231511544011544 0.3715909090909091 0.6584455667789001 2.3940603378103376 0.43175990675990683 0.37500000000000006 0.7507122507122507 4.437373737373738 2.210727004477004 0.04166666666666667 3.0108730074639167 0.11666666666666667 0.0 0.7666666666666666 0.0 0.0 1.1666666666666667 0.0 0.0 0.0 0.0 0.5303030303030303 0.0 0.0 0.10606060606060606 0.0 0.0 0.0
1.5878065221815223 2.1887898212898214 13.191861009361 29.457446413014612 0.9633026695526696 2.354112674984524 0.5494931457431458 0.0008928571428571427 18.213876678876673 9.857547666979485 23.27069812132311 25.61512014080196 44.314695646315016 4.703656343656346 4.37311364697394 2.0733047508047506 1.0704722592222593 16.493901487071135 3.666089466089466 1.1036591880341882 1.8809176273461994 0.9251709464777649 17.967021977691633 0.8036591880341881 1.5913961879870973 0.0 0.0 0.05823412698412698 0.837579365079365 0.15805785123966942 0.5 0.0 0.0 0.004960317460317459 0.0 0.0019841269841269836 0.0 0.0 0.0 0.11142857142857145 0.0 0.05
0.4158711080586081 4.081740075642515 1.0043701899951907 8.995064977757286 0.767914979757085 15.27590054736975 1.8724021592442641 0.09646079699433358 0.7612830152303836 9.717233669108666 5.731903998779003 2.9696086321086317 4.703656343656346 8.22932922920503 5.549110611610612 4.623410684309273 1.6633013672487367 19.891062654745312 6.929314598135732 1.3852195235966003 5.241877038885704 5.440789226205892 15.98776954171164 0.6624055145382753 6.677166268455858 0.45364145658263305 0.07142857142857142 1.7057593795093797 0.38497492789288457 0.37325284364758055 0.6555941134888503 0.3666666666666667 0.02777777777777778 0.4048582995951417 0.0 0.07575757575757575 0.42307692307692313 0.5694444444444444 0.031818181818181815 1.1217948717948718 0.08333333333333333 0.0
0.11284722222222221 0.42336309523809523 0.5673421717171717 5.91835456210456 0.9139143536202361 6.245022886512095 1.7426757066462948 0.09933138200183654 0.7403106697224344 2.4083225108225106 0.18878787878787878 7.231511544011544 4.37311364697394 5.549110611610612 8.228795969145235 1.1708161976911977 0.6392676767676768 8.388819984578912 0.46196269008769003 0.35254502442002444 0.6368168042275185 0.5315972222222222 6.752826811085739 0.2821085164835165 10.291047841047844 0.39242424242424245 0.0 0.5066287878787878 0.12244897959183675 0.0 0.4242424242424242 0.0 0.0 0.41666666666666663 0.0 0.1515151515151515 0.020408163265306124 0.0 0.030303030303030304 0.903361344537815 0.0 0.0
3.6790952334702336 31.254038891003173 5.676239223739223 1.2846613912403388 0.6817405355494002 4.321862334114926 3.0000669889377747 0.14993589743589747 1.7624510415715406 51.531059114235816 7.895919314603522 0.3715909090909091 2.0733047508047506 4.623410684309273 1.1708161976911977 13.662887033006497 8.189402101672478 4.204381008914064 6.2995219467826296 2.923169033695348 0.3628490000670452 1.2932968104020737 3.122307227907356 0.05086969747248493 3.3161552070220752 0.05000000000000001 0.0 1.67737940057019 2.6732126118725863 0.3618036318867344 0.3877871512913064 0.33333333333333337 0.056220095693779906 1.2275040671855086 0.013888888888888888 0.4087301587301587 0.23157894736842102 1.1597222222222223 0.0 0.3202067669172932 0.0 0.125
1.094012515262515 9.720237970024556 3.2808273670773676 0.951628066540347 1.8172209980693368 1.6067647559768705 2.238138063460086 0.05254826935813632 3.5971103077439586 22.41134176808991 20.61356049286971 0.6584455667789001 1.0704722592222593 1.6633013672487367 0.6392676767676768 8.189402101672478 12.721605152583006 0.8246991676352984 1.549237470579934 0.08005669661959777 0.8320677222164352 0.6191549489936586 0.961666210472411 0.02378721365906153 2.753841986473564 0.03636363636363637 0.0 0.8733657059314954 0.6863488177719479 0.3207034856879039 0.9585872576177286 0.0 0.056220095693779906 0.9438261223233518 0.0 0.0742063492063492 0.8805075187969925 0.0 0.0 0.9353166570271837 0.0 0.0
10.61360398860399 10.659273764853031 4.817788461538463 10.579289824975916 1.315306048118548 88.2476358680348 7.09219487552208 0.7378214942239333 0.8269800569800569 13.5136439583808 12.254313186813185 2.3940603378103376 16.493901487071135 19.891062654745312 8.388819984578912 4.204381008914064 0.8246991676352984 111.82107943669733 62.69913209851485 18.565489334643583 58.5277849806147 35.06252308744068 150.31594678642645 5.635754824321992 5.39877571854674 1.9975707187175755 0.2997112346082597 36.49367142117148 0.3167265221878225 7.541702741702742 6.349274799274799 0.3666666666666667 0.0 0.043859649122807015 0.2 0.20285854496380812 0.0 0.6111111111111112 0.9816600066600066 0.0 0.0 0.9
1.5352747252747252 6.177162748046894 1.1653568653568653 2.4981635014452346 0.17692307692307693 22.815780516539927 1.4007493894993897 0.4777870165065287 0.8859544159544158 10.83989871865812 0.9547619047619047 0.43175990675990683 3.666089466089466 6.929314598135732 0.46196269008769003 6.2995219467826296 1.549237470579934 62.69913209851485 21.865783648400747 4.4885994987435 13.11358317820491 7.168407299035146 42.303898107489985 2.63375626048025 0.8677306322399875 3.169567600554274 0.18808434128800264 6.183836451247164 1.0599458204334367 0.0 1.718482905982906 0.2 0.0 0.19736842105263158 0.03333333333333333 0.19433198380566802 0.0 0.3333333333333333 0.17692307692307693 0.0 0.0 0.25
3.83 4.566481481481482 0.15018315018315018 1.0382127209858303 0.1666995614035088 4.317674053716619 2.406625642947238 0.047435897435897434 0.33521929824561414 0.8156746031746032 0.9799603174603174 0.37500000000000006 1.1036591880341882 1.3852195235966003 0.35254502442002444 2.923169033695348 0.08005669661959777 18.565489334643583 4.4885994987435 11.864081117712924 9.626613621082711 3.8881355963607365 12.624275377661656 0.989335713250283 1.3197150409773721 0.09143573817486861 0.012034161490683228 9.976355820105818 2.5370324850588006 0.6796593757120075 6.450630534183165 0.0 0.6001769064269064 0.4589948428764218 1.2123015873015872 0.09226190476190477 0.12000000000000001 0.0 0.7632653061224489 0.22000000000000008 0.0 0.19642857142857145
0.44788156288156294 5.206429080179081 0.38752543752543755 0.8493369028921711 0.142332995951417 5.698546789187955 0.47823043184885294 0.046571484071484065 1.2880604288499022 5.00040748933606 6.781105006105005 0.7507122507122507 1.8809176273461994 5.241877038885704 0.6368168042275185 0.3628490000670452 0.8320677222164352 58.5277849806147 13.11358317820491 9.626613621082711 42.137562010284796 3.892757429650012 39.78678399185774 1.2325949507330676 1.3444845096788551 0.26280396216457597 0.1543671091625056 34.758233482787034 0.6565789473684212 11.430115936694879 2.411623318202266 0.45 0.13846153846153847 0.08097165991902834 0.05555555555555555 2.0 0.27211538461538465 3.854166666666667 0.5333333333333333 1.4826923076923078 0.25 0.0
0.26533882783882784 2.10769462019462 0.5771367521367522 9.511493280775577 0.2834249084249084 10.348687262394362 0.08653846153846154 0.06677350427350427 0.0 2.9505618384804984 2.144230769230769 4.437373737373738 0.9251709464777649 5.440789226205892 0.5315972222222222 1.2932968104020737 0.6191549489936586 35.06252308744068 7.168407299035146 3.8881355963607365 3.892757429650012 18.94904472223139 28.616714434507465 0.8687986262261624 1.3070643705670444 3.5898692810457513 0.0065359477124183 3.354601000851001 0.2894736842105263 0.0 0.037037037037037035 0.22916666666666666 0.22916666666666666 0.13157894736842105 0.4583333333333333 0.05263157894736842 0.0 0.0 0.06666666666666667 0.0 0.0 0.1
5.3504426129426115 8.059729146192561 3.7718457468457465 13.305471225274959 0.4245592948717949 37.656125641196404 3.2845549256027198 0.6112344126063638 0.4757692307692308 8.103323591613064 13.736538461538464 2.210727004477004 17.967021977691633 15.98776954171164 6.752826811085739 3.122307227907356 0.961666210472411 150.31594678642645 42.303898107489985 12.624275377661656 39.78678399185774 28.616714434507465 55.911329444178335 4.299383371262032 2.0224767509165043 1.2464428991687035 0.22452326468344777 22.643048525548526 0.8979743854356858 5.1119047619047615 4.978062678062678 1.2 0.0 0.1827485380116959 0.05555555555555555 0.25841410051936364 0.0 0.0 1.1483266733266733 0.057692307692307696 0.0 0.0
0.2767857142857143 0.9968641114982579 0.03571428571428572 0.1989010989010989 0.005208333333333334 2.8370417837785946 0.005208333333333334 0.008468834688346883 0.4171296296296296 0.1443027210884354 0.41607142857142865 0.04166666666666667 0.8036591880341881 0.6624055145382753 0.2821085164835165 0.05086969747248493 0.02378721365906153 5.635754824321992 2.63375626048025 0.989335713250283 1.2325949507330676 0.8687986262261624 4.299383371262032 0.1410030718980997 0.17313266443701225 0.2055383022774327 0.012034161490683228 0.8439630144987291 0.0 0.15416666666666667 0.5030626780626781 0.020833333333333332 0.020833333333333332 0.0 0.06388888888888888 0.0 0.0 0.0 0.0 0.0 0.0 0.0
2.915248150542268 2.022543632837751 1.2491101491101495 2.657306570021796 5.2210195214142505 31.44381799912629 16.798811321117807 0.08585858585858586 2.858189251409064 3.291850371850367 4.2254745254745245 3.0108730074639167 1.5913961879870973 6.677166268455858 10.291047841047844 3.3161552070220752 2.753841986473564 5.39877571854674 0.8677306322399875 1.3197150409773721 1.3444845096788551 1.3070643705670444 2.0224767509165043 0.17313266443701225 74.64583549768305 4.811834733893556 2.3017273576097104 1.3333333333333333 4.9984081081825416 1.317653532007599 4.589319050832202 0.35000000000000003 0.0625 6.902117071524964 0.024509803921568627 0.1515151515151515 2.315423246221564 0.0 0.08912655971479501 4.5902966314731 0.037958773252890904 0.0
0.4666666666666667 0.15000000000000002 0.0 0.0992156862745098 0.32662337662337665 6.149843850380934 0.9218831168831169 0.022979797979797982 0.020000000000000004 0.0 0.0 0.11666666666666667 0.0 0.45364145658263305 0.39242424242424245 0.05000000000000001 0.03636363636363637 1.9975707187175755 3.169567600554274 0.09143573817486861 0.26280396216457597 3.5898692810457513 1.2464428991687035 0.2055383022774327 4.811834733893556 4.118647202470732 0.0 0.0 0.2554621848739496 0.0 0.1 0.05000000000000001 0.0 0.0 0.0 0.045454545454545456 0.0 0.0 0.47062937062937066 0.0 0.0 0.0
0.0 0.0 0.0 0.12254901960784313 0.0 0.1824016563146998 0.0 0.0 0.0 0.0 0.0 0.0 0.0 0.07142857142857142 0.0 0.0 0.0 0.2997112346082597 0.18808434128800264 0.012034161490683228 0.1543671091625056 0.0065359477124183 0.22452326468344777 0.012034161490683228 2.3017273576097104 0.0 0.0 0.3333333333333333 0.0 0.16666666666666669 0.08333333333333334 0.0 0.0 0.0 0.0 0.0 0.0 0.0 0.0 0.0 0.0 0.0
1.2851686507936506 6.572763833388833 1.6733630952380953 0.6952380952380953 0.15789473684210525 6.787558621933619 0.15789473684210525 0.0731737012987013 8.382808115373903 9.11664862914863 0.4166666666666667 0.7666666666666666 0.05823412698412698 1.7057593795093797 0.5066287878787878 1.67737940057019 0.8733657059314954 36.49367142117148 6.183836451247164 9.976355820105818 34.758233482787034 3.354601000851001 22.643048525548526 0.8439630144987291 1.3333333333333333 0.0 0.3333333333333333 50.66479337021 6.6658533109191 24.690870760169005 4.899867627499206 0.0 3.128708791208791 0.30945419103313837 4.524242424242424 0.018518518518518517 0.7250000000000001 14.2224358974359 0.3333333333333333 2.0196428571428573 0.41666666666666663 0.10388888888888889
9.580427789802789 13.349165371665375 0.7144841269841271 1.7390553306342778 0.676357760429783 0.9384100587603464 1.5284343805515153 0.062003968253968256 4.637384499926051 3.37299119009645 1.0651530669622773 0.0 0.837579365079365 0.38497492789288457 0.12244897959183675 2.6732126118725863 0.6863488177719479 0.3167265221878225 1.0599458204334367 2.5370324850588006 0.6565789473684212 0.2894736842105263 0.8979743854356858 0.0 4.9984081081825416 0.2554621848739496 0.0 6.6658533109191 53.02493439487372 1.7361371930624003 7.526126594248592 2.1666666666666665 1.5611453787440632 1.326367321174859 1.176010101010101 0.31040564373897706 1.700048335123523 0.19444444444444445 0.3333333333333333 1.0848351940457208 0.0 0.5383333333333333
0.08854166666666666 5.394047619047618 2.5381944444444446 0.29652663922998845 0.712987650046168 1.4396616541353384 0.9729657202216061 0.0 0.7126474079936683 3.96367226606461 0.5614035087719298 0.0 0.15805785123966942 0.37325284364758055 0.0 0.3618036318867344 0.3207034856879039 7.541702741702742 0.0 0.6796593757120075 11.430115936694879 0.0 5.1119047619047615 0.15416666666666667 1.317653532007599 0.0 0.16666666666666669 24.690870760169005 1.7361371930624003 17.972274418004456 7.287314258533094 0.0 0.8845289359763044 0.9990766389658351 0.12121212121212122 0.1 3.299696356275303 13.819401709401708 3.6285714285714286 8.010771509192562 0.8076923076923078 0.5833333333333333
0.006944444444444444 0.4496753246753247 0.0 0.7647773279352228 2.0357298749265524 2.9965852860589717 3.6194926673242107 0.09090909090909091 3.2136309273982397 0.664813549024075 0.5752923976608186 1.1666666666666667 0.5 0.6555941134888503 0.4242424242424242 0.3877871512913064 0.9585872576177286 6.349274799274799 1.718482905982906 6.450630534183165 2.411623318202266 0.037037037037037035 4.978062678062678 0.5030626780626781 4.589319050832202 0.1 0.08333333333333334 4.899867627499206 7.526126594248592 7.287314258533094 14.437719466952583 6.659511784511785 8.344647410144203 4.209368559952792 0.916373901518214 1.3506223403082487 4.259772870855494 4.3609375 1.2450368531250884 2.8444772315747566 0.4958914655605832 0.4861111111111111
0.0 1.8333333333333335 0.0 0.0 0.0 0.0 0.225 0.0 0.0 0.5 0.0 0.0 0.0 0.3666666666666667 0.0 0.33333333333333337 0.0 0.3666666666666667 0.2 0.0 0.45 0.22916666666666666 1.2 0.020833333333333332 0.35000000000000003 0.05000000000000001 0.0 0.0 2.1666666666666665 0.0 6.659511784511785 17.44579124579125 5.866666666666667 0.16565656565656567 0.0 0.0 0.46153846153846156 0.0 2.0925925925925926 1.2307692307692308 0.3076923076923077 0.0
0.0 0.2095959595959596 0.0 0.0 0.16866028708133973 0.0 0.7405352870813398 0.0 0.5112200956937799 0.05555555555555556 0.0 0.0 0.0 0.02777777777777778 0.0 0.056220095693779906 0.056220095693779906 0.0 0.0 0.6001769064269064 0.13846153846153847 0.22916666666666666 0.0 0.020833333333333332 0.0625 0.0 0.0 3.128708791208791 1.5611453787440632 0.8845289359763044 8.344647410144203 5.866666666666667 19.343011561160964 1.5490599436641457 1.277305188680401 0.050933786078098474 0.0 0.0 0.0 0.020000000000000004 0.0 0.5034722222222222
0.13657407407407407 2.6266534391534386 0.1388888888888889 0.16194331983805668 1.693790397045246 1.0307017543859647 3.450506405817176 0.06944444444444445 3.1537801741195106 1.4805764411027582 1.6812865497076022 0.0 0.004960317460317459 0.4048582995951417 0.41666666666666663 1.2275040671855086 0.9438261223233518 0.043859649122807015 0.19736842105263158 0.4589948428764218 0.08097165991902834 0.13157894736842105 0.1827485380116959 0.0 6.902117071524964 0.0 0.0 0.30945419103313837 1.326367321174859 0.9990766389658351 4.209368559952792 0.16565656565656567 1.5490599436641457 1.1884788802537534 0.016977928692699488 0.06172839506172839 1.2978947368421054 0.0 0.05555555555555556 1.4234544695071005 0.0 0.15625
0.32499999999999996 1.2883838383838382 0.0 0.0 0.0 0.07625272331154684 0.0659041394335512 0.0 1.0955555555555554 0.18181818181818182 0.0 0.0 0.0 0.0 0.0 0.013888888888888888 0.0 0.2 0.03333333333333333 1.2123015873015872 0.05555555555555555 0.4583333333333333 0.05555555555555555 0.06388888888888888 0.024509803921568627 0.0 0.0 4.524242424242424 1.176010101010101 0.12121212121212122 0.916373901518214 0.0 1.277305188680401 0.016977928692699488 3.1962663256381423 0.006791171477079795 0.8333333333333334 4.169444444444446 0.1904761904761905 0.862020202020202 0.20952380952380956 0.1388888888888889
0.05462962962962963 1.0951058201058201 0.05555555555555555 0.3181818181818182 0.22727272727272727 0.8363000635727909 0.6818181818181819 0.05243342516069789 0.1524170274170274 0.42380952380952386 0.11111111111111109 0.5303030303030303 0.0019841269841269836 0.07575757575757575 0.1515151515151515 0.4087301587301587 0.0742063492063492 0.20285854496380812 0.19433198380566802 0.09226190476190477 2.0 0.05263157894736842 0.25841410051936364 0.0 0.1515151515151515 0.045454545454545456 0.0 0.018518518518518517 0.31040564373897706 0.1 1.3506223403082487 0.0 0.050933786078098474 0.06172839506172839 0.006791171477079795 0.012345679012345678 0.11111111111111112 0.5740740740740741 0.06349206349206349 0.041005291005291 0.047619047619047616 0.0625
0.15714285714285717 4.4625 1.6761904761904767 0.41923076923076924 2.812117794486215 1.0104081632653061 2.7199253021046474 0.0 1.9467498875393614 1.5846428571428575 1.561904761904762 0.0 0.0 0.42307692307692313 0.020408163265306124 0.23157894736842102 0.8805075187969925 0.0 0.0 0.12000000000000001 0.27211538461538465 0.0 0.0 0.0 2.315423246221564 0.0 0.0 0.7250000000000001 1.700048335123523 3.299696356275303 4.259772870855494 0.46153846153846156 0.0 1.2978947368421054 0.8333333333333334 0.11111111111111112 31.339691001153906 37.56112446581196 4.700434981684982 16.75930802103878 4.086341809899501 0.0
0.06666666666666667 12.631944444444443 0.0 0.020833333333333332 0.0 0.16666666666666666 0.0 0.0 0.0 4.423611111111111 0.0 0.0 0.0 0.5694444444444444 0.0 1.1597222222222223 0.0 0.6111111111111112 0.3333333333333333 0.0 3.854166666666667 0.0 0.0 0.0 0.0 0.0 0.0 14.2224358974359 0.19444444444444445 13.819401709401708 4.3609375 0.0 0.0 0.0 4.169444444444446 0.5740740740740741 37.56112446581196 61.22617813899064 3.8760912698412704 13.783170533170527 4.248454670329669 0.0
0.13333333333333333 0.8285714285714285 0.0 0.06363636363636363 0.045454545454545456 1.1860983172671484 0.2540106951871658 0.008264462809917356 0.018181818181818184 0.26666666666666666 0.0 0.10606060606060606 0.0 0.031818181818181815 0.030303030303030304 0.0 0.0 0.9816600066600066 0.17692307692307693 0.7632653061224489 0.5333333333333333 0.06666666666666667 1.1483266733266733 0.0 0.08912655971479501 0.47062937062937066 0.0 0.3333333333333333 0.3333333333333333 3.6285714285714286 1.2450368531250884 2.0925925925925926 0.0 0.05555555555555556 0.1904761904761905 0.06349206349206349 4.700434981684982 3.8760912698412704 5.326530612244897 1.8995726495726495 0.32013125763125766 0.6666666666666666
0.011011904761904761 4.041593822843823 0.23660714285714285 0.2153846153846154 2.287406015037595 1.2752100840336138 3.860459595444119 0.12678571428571428 8.859254822036766 2.0634523809523815 1.6911675824175822 0.0 0.11142857142857145 1.1217948717948718 0.903361344537815 0.3202067669172932 0.9353166570271837 0.0 0.0 0.22000000000000008 1.4826923076923078 0.0 0.057692307692307696 0.0 4.5902966314731 0.0 0.0 2.0196428571428573 1.0848351940457208 8.010771509192562 2.8444772315747566 1.2307692307692308 0.020000000000000004 1.4234544695071005 0.862020202020202 0.041005291005291 16.75930802103878 13.783170533170527 1.8995726495726495 10.111063814085792 1.3011341222879684 0.05
0.0 0.5193452380952381 0.03125 0.0 0.0 0.0 0.06737053795877325 0.0 0.1341880341880342 0.22916666666666666 0.0 0.0 0.0 0.08333333333333333 0.0 0.0 0.0 0.0 0.0 0.0 0.25 0.0 0.0 0.0 0.037958773252890904 0.0 0.0 0.41666666666666663 0.0 0.8076923076923078 0.4958914655605832 0.3076923076923077 0.0 0.0 0.20952380952380956 0.047619047619047616 4.086341809899501 4.248454670329669 0.32013125763125766 1.3011341222879684 0.2822273879966188 0.0
0.0 0.2228571428571429 0.0 0.15 0.0 0.03571428571428572 0.05 0.0 0.05 0.0 0.0 0.0 0.05 0.0 0.0 0.125 0.0 0.9 0.25 0.19642857142857145 0.0 0.1 0.0 0.0 0.0 0.0 0.0 0.10388888888888889 0.5383333333333333 0.5833333333333333 0.4861111111111111 0.0 0.5034722222222222 0.15625 0.1388888888888889 0.0625 0.0 0.0 0.6666666666666666 0.05 0.0 0.1111111111111111
